1 solution:
5 3|1 4|3 1|2 4|4 2|4 8|5 6|3 5|5 6|4 3|6 3|1 7|5 5|1 7|4 3|6 5|5 4|2 3|1 1|6 4|1 3|5 4|2 3|5 8|1 5|4 3|1 3|4 3|4 6|2 6|4 3|4 4|1 5|4 5|2 7|1 1|4 4|4 4|6 7|1 4|4 4|3 3|6 5|2 7|5 8|3 4|1 5|6 4|5 6|3 5|fitness = 19.776907833741216|time = 138.08158966704588|true
2 solution:
4 3|5 3|6 6|6 3|4 8|2 4|4 3|5 5|3 3|2 6|4 3|5 5|2 5|1 1|2 5|2 3|1 5|4 2|5 2|1 4|1 2|1 5|6 7|6 4|6 1|2 4|5 8|3 1|5 3|6 5|2 1|4 6|5 5|2 5|3 3|4 4|5 2|2 2|5 3|5 3|4 2|1 1|2 3|1 8|6 2|4 2|3 5|4 3|4 7|1 4|fitness = 19.678303085846554|time = 141.6539838272466|true
3 solution:
5 7|1 4|1 7|5 3|2 3|5 5|2 5|5 3|4 3|3 8|2 2|1 5|1 8|6 8|2 7|5 2|5 7|5 1|6 3|6 3|5 1|5 8|4 4|4 8|1 0|1 3|6 3|4 3|5 5|4 3|2 3|4 4|1 5|1 4|2 3|4 4|2 4|3 0|1 5|5 1|6 8|1 8|5 2|6 4|5 8|2 2|3 4|5 1|2 3|5 5|fitness = 19.61529048469619|time = 133.1206727987176|true
4 solution:
2 1|2 3|3 3|4 3|5 2|5 3|5 3|4 1|1 1|2 4|5 3|6 4|4 1|6 7|4 1|4 3|4 4|3 6|5 1|5 7|1 5|5 4|4 1|5 6|2 2|4 8|6 7|4 4|2 4|5 5|4 6|4 6|1 8|4 7|5 5|5 5|5 6|4 2|3 3|1 6|6 7|6 2|6 3|2 3|6 4|5 3|5 1|4 7|4 3|2 7|fitness = 19.918639931845313|time = 140.67315134156303|true
5 solution:
2 4|5 5|3 5|4 3|4 1|4 4|4 3|5 3|5 5|4 4|3 3|5 1|2 0|1 4|2 6|4 4|4 1|1 3|4 1|5 3|6 3|6 5|4 3|3 8|3 4|2 5|3 5|6 5|1 4|2 3|1 1|4 5|5 3|6 1|2 5|2 2|4 1|6 3|5 4|1 4|4 4|4 1|2 6|2 3|4 7|4 8|5 4|6 2|6 4|2 3|fitness = 19.779356769326697|time = 142.5035059303103|true
6 solution:
6 3|1 1|3 5|2 6|1 3|6 8|3 3|2 6|5 4|4 3|1 7|1 4|1 2|6 0|6 0|3 3|3 3|5 7|1 1|1 4|2 2|4 5|6 8|5 8|2 3|1 7|5 0|2 7|5 4|4 1|5 7|6 8|4 3|2 2|4 4|5 4|3 5|2 0|1 1|1 3|3 3|2 4|1 4|2 3|1 7|4 8|4 2|5 5|6 3|4 4|fitness = 19.606147425085133|time = 146.13407149006605|true
7 solution:
5 1|5 3|2 4|6 1|4 4|5 3|6 5|3 6|2 3|1 5|5 2|5 3|4 3|4 3|2 5|3 4|2 5|2 0|1 4|2 8|5 0|2 4|5 7|1 3|5 6|5 3|2 5|2 3|5 1|6 4|6 5|6 7|5 1|2 6|6 2|4 1|4 8|6 4|6 4|2 8|1 3|5 5|1 6|2 2|6 1|6 6|4 4|5 8|2 3|2 7|fitness = 19.766713822531354|time = 107.85942418597999|true
8 solution:
3 3|4 4|6 5|2 1|1 5|5 1|4 3|5 5|3 1|2 2|5 2|4 4|4 3|6 6|4 7|3 7|1 5|3 4|1 1|5 3|1 3|3 3|1 4|6 4|4 3|6 5|3 3|4 3|2 2|5 6|5 8|5 5|5 6|2 0|3 5|2 8|4 5|2 3|6 5|6 8|6 7|1 6|1 1|5 4|2 2|6 5|4 8|6 3|4 3|6 3|fitness = 19.7097966816977|time = 145.1497991882404|true
9 solution:
4 4|1 3|4 3|5 3|2 4|2 3|6 1|4 7|6 1|6 4|5 4|3 2|4 3|1 8|2 4|5 1|6 1|1 3|5 1|2 2|3 8|5 6|4 8|4 7|2 6|1 1|1 4|4 3|2 6|5 5|1 3|4 6|5 4|5 1|4 3|4 6|5 2|6 3|6 6|2 4|3 3|2 5|6 5|4 4|4 4|5 1|3 2|4 3|3 1|1 8|fitness = 19.664584392175882|time = 138.34611003736234|true
10 solution:
5 6|3 4|1 5|3 7|6 3|5 3|4 3|4 3|4 3|2 7|3 5|3 4|4 7|4 5|4 7|2 4|3 4|4 0|3 3|4 1|5 4|4 3|4 4|1 7|1 5|5 3|5 7|2 4|5 3|5 3|2 6|3 3|5 1|2 2|2 5|4 5|1 4|1 1|3 4|5 6|3 3|6 4|3 2|5 3|4 5|3 3|5 6|3 2|5 5|5 3|fitness = 19.68815678591415|time = 137.6149681873474|true
11 solution:
1 4|1 1|3 6|5 1|5 4|2 3|4 3|5 3|6 3|4 5|1 3|1 7|4 8|6 2|1 5|5 2|3 3|2 7|4 4|6 8|2 5|4 4|5 4|4 1|4 1|4 1|6 1|1 5|1 1|1 4|6 2|3 4|1 4|2 7|4 6|5 2|6 2|1 8|5 3|1 3|6 3|4 5|4 4|5 5|2 7|3 3|4 3|5 3|3 5|3 4|fitness = 19.981275703806105|time = 129.9044530725952|true
12 solution:
6 7|3 3|2 5|6 5|2 1|6 4|1 7|4 4|3 4|5 6|4 4|3 4|6 3|1 6|1 7|5 7|6 5|4 0|3 1|5 5|3 3|2 2|4 3|5 1|3 4|3 3|2 7|4 1|3 3|4 1|4 4|5 4|2 3|5 6|5 2|4 3|4 4|4 0|1 4|2 3|2 5|4 4|6 5|5 3|6 4|1 1|2 3|4 8|4 3|4 7|fitness = 19.87966347954133|time = 144.01171340496336|true
13 solution:
2 3|5 3|3 5|5 4|2 3|6 3|3 3|4 5|5 4|6 4|4 2|5 0|3 3|4 0|6 6|5 1|1 5|2 7|1 7|6 3|5 5|1 1|5 5|6 5|5 3|5 3|4 4|2 7|5 3|5 1|2 4|5 4|2 7|2 5|5 8|5 1|4 2|2 6|2 4|2 5|4 4|1 3|5 5|5 3|2 3|2 4|2 7|5 8|6 5|5 7|fitness = 19.97493119156481|time = 146.34673957374386|true
14 solution:
5 4|2 3|4 4|4 3|4 4|2 5|2 7|4 8|6 3|1 2|2 5|4 4|4 6|3 7|2 5|6 1|2 4|1 7|4 5|6 3|1 4|4 3|2 5|2 5|5 4|6 7|5 1|3 3|1 4|3 5|3 3|4 1|6 7|6 7|3 4|5 4|2 4|4 3|4 1|4 3|2 4|6 2|5 3|5 4|1 2|3 6|4 8|3 1|2 2|3 4|fitness = 19.52493256826046|time = 145.83075151263193|true
15 solution:
6 8|3 3|2 0|2 3|6 1|5 1|4 5|5 5|4 4|2 7|5 6|1 5|5 5|1 5|4 4|4 4|3 8|6 5|1 1|6 5|1 7|6 3|4 4|6 4|6 8|6 4|1 7|1 1|3 1|4 3|5 7|5 6|4 3|6 0|3 1|5 4|4 7|5 6|2 4|4 1|2 7|5 3|2 7|5 3|1 3|1 3|3 3|4 4|5 2|5 3|fitness = 19.703337500836742|time = 133.3659958182921|true
16 solution:
5 5|3 3|5 7|5 5|4 5|2 6|5 4|2 6|1 3|4 8|4 1|6 5|4 5|4 5|4 4|4 2|2 4|1 4|6 7|2 3|5 7|4 5|4 1|2 3|5 2|5 4|3 3|4 3|2 4|4 5|4 5|5 8|6 3|2 4|1 4|5 2|5 5|4 4|3 3|4 4|6 8|1 5|1 7|5 3|2 3|4 3|2 6|4 3|4 8|6 8|fitness = 19.779176197664675|time = 132.70375486783004|true
17 solution:
2 5|4 1|2 6|4 4|2 4|4 5|5 6|4 1|5 6|6 4|3 4|4 5|1 2|3 7|5 4|5 7|5 6|4 5|4 7|4 4|6 3|5 3|5 5|3 3|4 3|6 5|5 5|5 2|5 1|4 1|3 3|2 5|2 2|6 5|5 5|6 3|3 5|4 1|4 4|4 4|4 3|6 5|5 6|5 3|4 4|4 4|6 3|5 7|4 1|6 8|fitness = 19.743564494218763|time = 121.96028257820451|true
18 solution:
3 3|5 1|2 4|5 4|5 2|1 3|2 3|3 7|1 3|2 7|5 5|2 7|1 1|4 3|1 1|4 6|4 1|6 6|4 6|4 3|2 7|2 3|5 1|5 4|6 5|4 4|6 2|2 3|4 1|2 3|2 4|5 1|3 6|4 5|1 3|5 1|6 1|3 3|4 5|6 5|6 2|5 4|4 5|5 7|3 5|6 2|1 3|5 4|3 1|6 8|fitness = 19.454675715149474|time = 131.40508317180237|true
19 solution:
1 8|3 7|6 7|4 6|3 4|4 3|3 7|1 0|1 3|5 3|5 2|3 3|4 4|6 4|6 3|4 7|5 1|5 7|4 7|4 3|5 3|1 1|4 7|4 3|2 5|6 7|3 1|5 4|3 7|6 3|5 6|1 7|6 1|4 2|5 6|1 8|4 8|5 4|1 3|2 2|1 4|4 3|5 3|1 7|6 5|5 3|3 7|2 1|2 4|3 3|fitness = 19.564634110997282|time = 145.80947374881393|true
20 solution:
3 4|4 3|3 3|6 1|5 3|4 1|1 7|2 7|6 1|5 5|2 4|3 5|4 7|4 6|6 3|4 1|1 6|3 3|4 4|4 3|3 8|6 5|2 4|5 2|3 6|1 4|5 7|4 3|2 3|5 7|1 1|4 3|4 1|2 6|3 4|5 4|2 6|1 3|4 3|2 3|5 4|1 4|3 7|1 5|4 5|5 4|4 7|1 1|2 3|4 7|fitness = 20.063276677422877|time = 142.83691949110775|true
21 solution:
6 3|5 1|3 6|2 2|1 4|2 3|1 3|6 5|5 5|3 7|3 3|2 7|2 1|6 4|4 2|1 6|2 2|1 3|3 5|4 4|4 3|3 7|4 4|4 3|6 3|1 2|6 1|3 3|6 8|2 3|2 8|4 3|4 1|4 6|4 1|4 8|4 5|6 5|4 8|1 4|6 7|4 1|4 6|2 6|5 5|1 1|3 4|1 7|4 3|2 3|fitness = 19.6355116617208|time = 140.37556559095592|true
22 solution:
6 4|4 3|3 8|4 7|2 1|4 3|4 1|3 6|1 3|3 5|2 4|6 4|4 4|3 2|3 3|2 4|3 7|5 7|2 4|5 2|5 6|5 2|5 4|5 4|4 3|4 7|6 3|6 7|6 3|4 1|2 4|4 6|1 2|6 3|6 5|4 7|4 5|4 3|2 3|2 4|4 4|5 3|4 6|2 5|5 5|1 3|4 2|1 1|3 3|4 3|fitness = 20.087228221666226|time = 149.12126392643614|true
23 solution:
1 2|5 4|2 7|2 4|4 3|2 3|4 1|3 3|3 4|5 7|5 1|2 1|6 5|4 4|1 0|5 4|1 5|5 1|6 5|2 5|3 5|5 8|4 4|5 3|6 8|6 7|6 7|2 1|6 7|3 3|4 7|4 1|1 5|1 3|3 7|6 1|3 2|3 4|1 6|4 3|5 4|1 4|4 4|4 1|5 5|6 2|1 3|4 4|5 3|6 4|fitness = 19.628336262328688|time = 123.76291517881415|true
24 solution:
5 3|3 3|3 1|3 4|5 3|1 7|5 5|2 4|3 1|5 6|2 4|3 3|2 5|4 6|5 3|2 1|1 3|4 1|1 2|5 1|4 4|4 7|4 5|3 3|4 5|2 3|5 3|5 4|2 1|3 4|1 5|6 5|5 2|5 8|4 1|5 5|1 1|5 7|5 5|5 3|6 2|1 1|4 4|4 5|2 4|6 5|5 7|3 6|2 5|2 7|fitness = 19.652451920509606|time = 126.40321454130905|true
25 solution:
6 4|1 8|5 6|3 3|1 3|6 3|4 1|4 5|2 3|6 3|4 4|5 3|4 6|1 6|4 1|6 5|2 3|1 0|4 6|4 5|1 4|6 6|4 5|3 1|4 4|6 3|5 4|3 2|2 5|2 4|4 5|6 6|6 6|4 4|1 1|4 4|6 2|4 4|2 4|5 3|2 1|6 0|5 3|4 5|2 4|1 4|2 3|2 3|5 1|2 4|fitness = 19.81753622486988|time = 145.88245939460344|true
26 solution:
6 5|4 3|3 3|4 4|2 3|3 3|6 3|6 2|4 3|4 2|6 4|3 8|4 3|5 2|4 6|6 1|4 2|2 3|3 3|3 3|4 3|2 4|4 5|3 1|1 3|4 3|4 7|6 4|3 4|6 4|5 4|3 5|5 2|5 2|4 1|5 4|6 0|4 1|4 2|3 1|4 4|5 2|4 5|4 5|5 4|5 7|2 4|2 3|5 5|2 5|fitness = 19.81808653447531|time = 148.91114561693465|true
27 solution:
4 3|4 4|4 8|4 3|3 4|1 5|1 4|3 5|2 3|2 5|4 7|1 5|5 2|4 3|1 3|5 5|5 6|6 7|4 4|4 1|4 3|5 2|2 5|6 5|4 3|4 4|2 4|4 4|6 3|2 3|5 6|2 6|3 5|5 5|5 5|5 1|5 8|5 2|1 4|6 4|6 6|1 2|1 5|3 3|2 3|1 8|2 8|5 3|1 8|5 5|fitness = 19.847730331196534|time = 139.56074927638767|true
28 solution:
4 1|6 3|4 2|3 4|3 1|5 5|2 2|1 1|2 3|4 5|2 3|4 4|2 4|4 2|4 3|3 3|4 5|6 0|5 4|5 1|5 3|4 1|2 3|5 3|2 4|6 1|4 3|4 4|5 5|5 0|6 7|6 3|5 4|3 5|2 3|5 5|1 4|6 3|4 4|1 4|4 5|4 5|2 2|5 5|4 5|5 2|3 5|5 3|3 3|5 4|fitness = 19.933203566845947|time = 149.5375325123229|true
29 solution:
3 4|2 1|3 6|5 4|4 3|5 6|6 7|6 3|3 3|6 3|4 5|3 3|1 3|1 7|2 4|2 1|2 4|4 1|5 8|4 6|6 3|6 4|3 3|6 4|5 0|5 7|1 1|3 3|5 6|6 5|3 5|2 4|6 4|1 5|5 2|4 3|4 5|2 5|4 2|1 1|4 3|4 1|4 5|2 4|1 3|5 5|4 2|4 3|2 1|4 4|fitness = 19.87888687311664|time = 146.36494753491505|true
30 solution:
5 1|2 1|5 6|4 4|3 1|5 1|2 3|2 3|4 4|4 4|4 3|4 5|5 5|2 4|3 7|5 4|4 5|4 4|4 3|5 3|6 4|3 4|4 3|3 6|5 7|2 4|2 7|2 6|6 3|3 4|4 4|2 3|4 5|3 5|4 3|6 7|2 2|4 1|4 2|4 3|5 2|5 5|3 5|2 3|2 1|6 1|3 4|2 3|1 3|4 4|fitness = 19.53662605129727|time = 141.87140044511546|true
The final result:
fmax = 20.087228221666226
fmin = 19.454675715149474
fmean = 19.756965416678323
standard std = 0.16033438466936145
-1 solution:
6 4|4 3|3 8|4 7|2 1|4 3|4 1|3 6|1 3|3 5|2 4|6 4|4 4|3 2|3 3|2 4|3 7|5 7|2 4|5 2|5 6|5 2|5 4|5 4|4 3|4 7|6 3|6 7|6 3|4 1|2 4|4 6|1 2|6 3|6 5|4 7|4 5|4 3|2 3|2 4|4 4|5 3|4 6|2 5|5 5|1 3|4 2|1 1|3 3|4 3|fitness = 20.087228221666226|time = 149.12126392643614|true
