1 solution:
3 2|1 2|2 2|2 1|3 2|1 2|2 3|2 2|1 3|2 1|2 4|2 2|2 1|2 1|1 3|3 2|1 2|1 3|1 3|2 2|2 1|2 3|2 1|1 1|fitness = 10.290472963692574|time = 97.76662738594628|true
2 solution:
1 2|2 3|2 3|2 3|3 2|1 3|2 2|2 1|2 3|2 1|1 3|2 3|2 3|1 2|1 2|3 2|1 2|2 3|1 2|3 2|1 2|1 4|2 3|2 0|fitness = 10.311764276090901|time = 108.96270460703006|true
3 solution:
1 2|1 1|1 2|2 3|3 2|2 3|1 4|2 1|2 3|2 3|2 1|2 2|1 2|1 2|2 3|2 3|3 3|1 3|1 2|3 2|2 1|2 1|1 3|1 3|fitness = 10.292276401997352|time = 99.56257107321052|true
4 solution:
2 3|2 2|1 2|1 3|3 2|2 1|1 2|2 2|2 3|2 2|2 3|1 2|2 2|3 3|1 3|2 2|1 2|1 2|3 3|1 3|2 1|2 1|2 4|1 1|fitness = 10.188474286987352|time = 107.50066106892439|true
5 solution:
2 3|1 2|2 4|2 3|3 2|1 2|1 3|1 2|1 3|2 1|1 2|1 2|2 2|2 3|1 1|2 3|2 3|2 1|1 2|2 1|1 1|1 2|2 4|1 1|fitness = 10.377260820175666|time = 110.96782456272767|true
6 solution:
1 3|1 2|1 4|2 2|2 2|2 3|2 3|2 1|2 3|2 2|1 2|2 4|1 2|1 3|2 3|2 2|3 2|3 3|1 4|2 2|1 2|1 3|1 3|1 2|fitness = 10.256523811333542|time = 107.6999480540086|true
7 solution:
1 2|1 2|2 3|2 3|3 2|2 2|1 3|2 1|1 3|2 2|2 3|1 2|3 2|2 1|2 1|2 2|1 2|3 2|1 3|3 2|2 2|2 3|1 3|2 3|fitness = 10.382639741523935|time = 111.10813042571354|true
8 solution:
2 3|2 3|2 4|3 2|1 2|2 3|1 2|2 2|1 2|3 2|2 1|1 2|2 3|2 3|2 3|2 0|3 3|1 2|1 3|2 1|3 2|2 3|2 3|2 0|fitness = 10.23919117126389|time = 115.84249284888739|true
9 solution:
1 2|1 2|1 2|1 2|1 2|2 3|1 3|2 3|1 3|2 1|1 2|1 2|2 3|1 3|1 1|1 2|1 2|1 1|3 3|2 1|1 2|1 1|2 3|1 1|fitness = 10.41501837552308|time = 104.49261576976859|true
10 solution:
2 3|2 3|2 2|2 3|3 3|2 3|2 4|2 3|1 2|2 2|1 2|2 3|2 2|2 1|1 2|2 0|1 2|2 2|1 3|2 4|2 1|1 3|2 2|1 1|fitness = 10.291108501204029|time = 99.16816472248766|true
11 solution:
2 1|1 3|1 2|2 2|3 3|2 3|1 3|2 3|1 2|1 2|2 2|2 1|2 2|2 2|1 2|1 1|1 2|1 1|2 1|2 1|1 1|2 2|2 1|1 1|fitness = 10.274336978618575|time = 110.92224178045616|true
12 solution:
1 2|1 3|2 1|2 2|1 1|2 4|1 2|1 2|1 2|1 3|1 2|2 2|2 2|2 3|1 2|1 3|1 3|1 3|1 1|2 3|1 2|2 1|1 3|1 1|fitness = 10.255464487303714|time = 106.45826872947436|true
13 solution:
1 2|1 4|1 3|2 4|3 2|1 2|1 3|2 1|2 3|1 2|3 2|2 3|1 3|2 2|1 1|1 2|2 3|3 2|2 4|2 4|1 3|2 1|1 1|2 2|fitness = 10.191829380230619|time = 88.09621792891318|true
14 solution:
1 2|2 3|1 3|2 3|3 3|2 3|2 2|1 2|1 2|2 1|1 3|1 2|3 2|3 2|2 1|1 2|3 2|2 3|2 2|2 2|3 3|1 1|2 3|2 1|fitness = 10.328192955335687|time = 114.31777702454536|true
15 solution:
1 2|2 3|2 2|1 2|3 2|2 2|1 4|2 2|2 3|2 4|1 2|2 3|2 3|2 1|1 1|2 3|2 3|3 3|1 3|2 1|2 1|2 2|2 2|1 1|fitness = 10.306992816067497|time = 96.32300297062972|true
16 solution:
2 1|2 2|1 1|2 1|1 1|2 2|2 4|2 3|1 2|2 1|1 1|2 3|2 3|3 2|2 1|2 2|2 1|1 1|2 2|2 4|2 2|1 2|1 2|2 3|fitness = 10.220497144012056|time = 115.02113823765288|true
17 solution:
2 3|1 2|1 2|2 3|1 3|2 2|2 2|2 1|2 3|1 2|2 1|2 2|2 3|3 2|1 1|1 2|1 3|1 3|2 3|2 2|2 3|2 1|1 1|2 2|fitness = 10.360823906905328|time = 104.06543629054319|true
18 solution:
1 2|1 2|1 3|2 4|2 1|2 2|2 3|2 1|1 1|2 3|1 2|1 2|2 3|3 3|2 2|3 2|1 3|3 2|2 3|1 1|3 2|1 2|1 1|1 1|fitness = 10.317988848857519|time = 104.88970683638995|true
19 solution:
1 2|1 3|2 3|2 1|2 2|1 3|1 1|2 1|2 3|2 2|2 1|2 2|2 2|2 1|2 2|1 1|3 3|1 1|1 2|2 1|2 2|1 2|2 2|2 3|fitness = 10.306561899557966|time = 102.77649287476223|true
20 solution:
2 2|1 3|1 3|2 2|3 2|2 3|2 3|2 1|2 2|2 1|1 3|1 2|2 4|3 2|1 1|3 2|1 3|1 2|1 3|1 4|1 1|2 3|3 2|3 2|fitness = 10.294440130600343|time = 100.50191951472597|true
21 solution:
1 3|2 2|2 1|2 2|1 2|2 3|1 2|3 2|1 2|2 1|2 2|2 3|2 1|1 2|1 3|1 2|3 3|1 3|1 3|2 1|1 1|1 2|2 3|1 3|fitness = 10.320060106556085|time = 114.83402826890888|true
22 solution:
1 3|1 2|1 3|2 1|3 2|2 2|1 4|2 1|1 1|1 3|2 2|1 2|2 3|3 2|2 2|2 2|2 3|1 1|1 3|2 1|3 2|1 2|1 3|1 3|fitness = 10.367148017881387|time = 115.97884163997689|true
23 solution:
1 3|1 1|1 3|2 3|3 2|1 3|2 2|2 3|2 3|2 1|2 3|1 2|2 2|3 2|1 2|1 3|2 3|1 2|1 4|2 3|2 2|1 3|2 1|1 4|fitness = 10.26411239756043|time = 114.9372714031512|true
24 solution:
2 2|1 3|1 4|2 1|2 1|2 2|2 4|2 1|3 3|3 2|1 2|1 2|2 2|1 2|1 1|1 1|1 1|1 1|2 3|2 1|3 2|2 2|2 4|2 2|fitness = 10.272356763962268|time = 109.28664398360328|true
25 solution:
1 2|1 2|2 3|1 1|3 2|1 2|2 2|2 3|1 3|2 2|2 2|1 2|1 1|3 3|2 1|2 3|3 2|1 1|1 2|3 2|1 1|1 1|2 2|2 1|fitness = 10.31910541145983|time = 112.23381292874039|true
26 solution:
1 3|1 2|1 3|2 2|1 2|2 3|1 4|2 1|1 3|2 3|2 2|1 2|2 3|2 1|1 2|1 4|1 3|1 2|1 2|1 2|2 2|1 1|2 2|2 1|fitness = 10.333093286406971|time = 116.05899510257248|true
27 solution:
1 2|2 1|1 2|2 3|2 2|2 3|1 2|3 2|2 2|1 1|2 3|1 2|2 3|2 1|2 2|3 2|1 2|1 3|2 3|2 4|1 1|1 3|1 3|1 3|fitness = 10.257031211917797|time = 106.0707995048618|true
28 solution:
1 2|2 3|1 3|1 3|2 1|2 3|1 1|2 2|1 3|2 2|1 2|2 3|1 3|2 2|2 1|3 1|1 2|1 2|1 1|3 1|1 2|2 3|1 1|1 2|fitness = 10.255004029627283|time = 95.09675648818926|true
29 solution:
1 2|1 3|1 3|1 2|2 3|2 3|2 1|1 2|1 2|1 2|2 2|1 2|2 1|1 2|2 1|2 3|2 3|1 2|1 4|2 3|2 1|3 2|2 2|3 4|fitness = 10.180429819194007|time = 108.74201798033026|true
30 solution:
2 3|1 2|2 1|2 1|2 1|1 3|2 1|2 3|1 2|2 3|2 3|1 2|2 3|3 2|2 1|2 4|3 3|3 2|1 2|3 2|1 1|2 1|2 4|3 2|fitness = 10.269914778707474|time = 97.30192667842012|true
The final result:
fmax = 10.41501837552308
fmin = 10.180429819194007
fmean = 10.291337157351839
standard std = 0.05731680320104609
-1 solution:
1 2|1 2|1 2|1 2|1 2|2 3|1 3|2 3|1 3|2 1|1 2|1 2|2 3|1 3|1 1|1 2|1 2|1 1|3 3|2 1|1 2|1 1|2 3|1 1|fitness = 10.41501837552308|time = 104.49261576976859|true
