1 solution:
1 2|1 2|1 3|2 3|2 3|1 2|1 2|1 2|1 2|1 3|1 3|2 2|1 2|3 2|1 3|1 3|2 1|1 1|1 3|2 1|2 3|1 3|3 3|1 2|fitness = 10.377317147975317|time = 118.08064070093651|true
2 solution:
1 3|1 2|2 3|2 2|3 3|1 2|1 2|2 1|1 1|2 1|2 2|1 2|1 2|3 1|2 2|1 2|3 3|1 3|2 3|2 1|1 2|2 3|2 2|1 3|fitness = 10.344313783388682|time = 113.35956271397448|true
3 solution:
1 2|2 3|1 3|3 4|3 3|2 3|1 2|2 3|1 2|2 1|1 2|1 1|2 3|2 2|1 2|3 2|3 2|2 3|1 2|2 1|1 1|1 1|2 3|2 3|fitness = 10.285942189253756|time = 110.31516836716357|true
4 solution:
1 2|2 3|2 2|2 1|3 3|2 2|1 3|3 2|1 2|3 2|1 2|1 3|2 3|2 2|2 2|1 2|1 1|2 1|2 4|1 1|1 1|1 3|3 3|2 4|fitness = 10.274562927263005|time = 108.61978015562819|true
5 solution:
1 2|1 2|2 3|2 2|2 1|2 2|1 1|2 1|1 1|1 1|2 3|2 2|1 2|3 2|2 1|2 3|1 2|1 1|1 4|2 3|1 3|2 3|1 1|2 3|fitness = 10.372214544688816|time = 87.20814983128669|true
6 solution:
1 3|1 3|1 3|1 3|3 2|2 3|1 4|2 1|2 2|2 2|1 3|2 2|1 3|3 2|2 4|1 2|1 2|1 3|2 2|2 2|2 1|1 1|2 3|1 1|fitness = 10.291856004918282|time = 91.00807843823539|true
7 solution:
2 3|1 2|2 1|2 1|3 3|2 3|1 3|2 1|1 2|2 2|1 2|2 2|1 2|3 2|2 1|2 2|2 3|2 3|2 1|2 2|1 3|2 3|3 2|1 2|fitness = 10.314395366340465|time = 112.4153571760076|true
8 solution:
2 2|1 2|2 3|2 4|2 1|2 2|1 1|3 2|1 3|2 2|2 2|1 3|1 2|3 2|1 3|1 4|1 1|1 2|1 3|1 1|1 1|1 3|2 1|2 2|fitness = 10.321253160086354|time = 110.96467440565898|true
9 solution:
1 2|2 3|2 2|1 2|2 2|1 2|2 3|2 1|1 3|1 2|1 3|2 3|3 2|2 2|2 1|3 2|1 1|1 3|1 2|2 1|1 1|3 3|2 3|2 3|fitness = 10.344837978190338|time = 101.781327779965|true
10 solution:
1 2|1 1|1 2|2 2|1 2|2 2|2 2|2 3|1 3|1 2|1 2|2 3|2 3|2 2|1 3|2 2|1 2|3 2|2 3|2 2|1 1|3 3|1 1|1 1|fitness = 10.274494818952295|time = 119.77902928862615|true
11 solution:
1 2|2 3|1 2|1 3|2 2|2 1|1 2|1 2|2 3|1 3|2 3|2 3|2 3|3 2|1 1|1 2|2 1|1 3|1 3|2 1|1 2|1 2|1 1|1 2|fitness = 10.379666152690211|time = 116.10324537622236|true
12 solution:
1 2|2 2|1 3|2 2|2 1|1 2|2 2|1 1|2 3|2 1|1 2|1 2|2 2|2 1|1 4|1 3|3 3|1 3|1 3|2 3|1 2|1 2|2 3|2 2|fitness = 10.350206959779374|time = 119.62878039346019|true
13 solution:
1 2|1 2|1 2|3 3|3 3|1 2|1 3|2 1|1 2|3 3|1 2|2 2|2 3|1 2|1 1|1 4|1 1|2 3|2 3|2 1|1 1|2 3|1 2|1 2|fitness = 10.355242509102201|time = 115.43049792561332|true
14 solution:
1 2|2 2|1 2|2 2|3 2|2 3|1 2|2 1|3 2|2 1|1 2|2 1|2 2|2 3|1 2|2 4|3 3|2 3|2 3|3 2|1 3|1 3|1 3|1 1|fitness = 10.32021580786794|time = 115.7970091478212|true
15 solution:
1 2|2 3|1 2|1 2|2 1|2 3|1 2|2 1|1 3|1 3|1 3|2 2|2 3|3 3|1 3|1 2|3 3|2 1|1 1|2 1|1 3|2 2|1 1|2 1|fitness = 10.368905228638319|time = 117.94718489071514|true
16 solution:
2 1|1 2|1 2|2 3|2 2|2 4|2 2|2 1|2 3|3 2|1 2|1 2|1 2|2 3|1 4|1 2|2 1|1 4|1 2|3 2|2 3|1 3|1 2|2 1|fitness = 10.285578422047108|time = 117.48908588983565|true
17 solution:
1 2|2 3|1 1|2 1|3 2|2 3|1 1|2 1|1 3|2 2|2 3|2 2|1 2|3 2|2 3|2 2|1 2|2 2|1 1|2 3|2 1|1 2|2 3|2 3|fitness = 10.347662896370725|time = 99.66209135301395|true
18 solution:
2 3|1 3|1 3|2 2|2 2|2 3|1 2|3 2|1 2|2 2|1 3|1 2|1 2|2 1|1 1|2 2|1 1|2 3|2 2|1 3|2 3|1 2|1 1|1 1|fitness = 10.313683160571912|time = 116.19131990878017|true
19 solution:
2 2|2 3|1 4|1 2|2 3|1 2|2 2|2 3|1 3|2 3|1 2|1 2|2 3|2 1|1 1|1 2|1 3|1 3|1 2|2 2|1 2|2 3|1 2|1 2|fitness = 10.387618295665721|time = 118.54022449128676|true
20 solution:
1 2|1 2|1 2|1 3|3 3|1 4|1 2|2 1|2 3|1 2|1 3|1 2|2 2|3 2|1 4|1 2|2 3|1 0|1 2|2 1|1 2|2 3|2 3|2 3|fitness = 10.352840697077328|time = 112.36221460201358|true
21 solution:
2 2|1 3|2 1|2 2|3 2|1 2|2 4|2 1|1 3|2 1|1 3|2 2|2 3|3 2|1 3|1 2|2 1|2 3|1 3|2 3|1 2|1 2|2 3|2 1|fitness = 10.358332877298356|time = 105.20102946237364|true
22 solution:
2 3|1 2|2 3|1 3|3 3|1 2|1 2|2 3|1 2|1 2|1 2|2 1|1 2|2 1|2 1|1 3|1 3|1 1|2 3|2 1|3 2|1 2|2 2|2 4|fitness = 10.395127738274743|time = 116.19762403010296|true
23 solution:
1 2|1 2|2 4|1 2|3 3|2 3|2 2|1 2|1 3|2 1|1 2|2 3|2 2|2 1|2 2|2 2|1 1|1 3|2 1|2 2|3 3|2 2|2 3|2 3|fitness = 10.338486088179401|time = 111.77355288832501|true
24 solution:
3 2|1 2|2 3|2 3|3 2|2 3|1 1|1 1|1 1|2 1|1 2|2 3|2 1|3 2|1 2|1 2|3 3|1 1|1 4|2 2|1 1|1 4|1 1|2 3|fitness = 10.317513926146633|time = 89.50074498964135|true
25 solution:
1 2|2 3|1 1|1 2|3 3|2 2|1 2|2 1|1 3|3 2|1 2|1 2|1 2|3 2|2 1|2 1|1 3|1 1|1 4|1 2|2 3|1 2|3 3|2 0|fitness = 10.38030339661209|time = 105.5750545969377|true
26 solution:
1 3|1 2|1 1|1 2|3 3|2 3|1 2|2 3|2 3|3 2|2 3|2 3|3 2|2 1|2 1|1 2|1 1|2 1|1 1|3 2|3 2|1 2|3 2|1 4|fitness = 10.31498944438183|time = 97.56466584344028|true
27 solution:
1 3|2 3|2 1|2 1|3 3|2 2|1 2|2 1|2 3|2 1|2 1|2 3|1 3|2 2|2 2|3 2|1 1|1 1|1 3|3 2|2 3|1 2|2 3|1 1|fitness = 10.35952832460643|time = 100.4724774358822|true
28 solution:
1 2|2 3|2 3|2 2|2 1|2 2|1 2|2 1|1 3|1 1|2 3|2 3|2 3|3 2|1 3|2 1|1 2|1 1|1 2|2 1|1 3|1 3|1 3|2 4|fitness = 10.415391994156138|time = 119.5798486160156|true
29 solution:
1 3|1 3|1 2|1 1|2 1|1 2|1 2|2 1|2 3|2 2|2 2|1 2|2 3|3 3|1 1|3 4|3 3|1 1|1 2|2 1|1 3|1 3|1 2|2 3|fitness = 10.37348587318348|time = 109.31203648845727|true
30 solution:
2 1|1 2|1 2|2 3|3 2|2 2|2 2|2 3|1 3|2 1|2 3|2 3|2 2|2 3|2 1|2 2|1 2|1 1|1 2|2 1|2 3|2 2|2 3|2 1|fitness = 10.36269758389646|time = 116.17061442134089|true
The final result:
fmax = 10.415391994156138
fmin = 10.274494818952295
fmean = 10.342622176586792
standard std = 0.0372332609358567
-1 solution:
1 2|2 3|2 3|2 2|2 1|2 2|1 2|2 1|1 3|1 1|2 3|2 3|2 3|3 2|1 3|2 1|1 2|1 1|1 2|2 1|1 3|1 3|1 3|2 4|fitness = 10.415391994156138|time = 119.5798486160156|true
