1 solution:
14 5|14 11|10 7|12 11|4 7|9 8|6 11|13 7|16 12|14 11|14 10|6 8|14 9|5 11|14 11|9 12|3 8|12 9|4 8|6 11|14 9|11 10|6 7|8 7|11 9|6 9|13 6|12 7|10 8|7 8|11 7|14 5|9 10|9 6|7 11|14 11|14 11|9 12|12 10|15 7|14 10|14 9|15 11|9 7|12 6|12 9|7 10|7 11|12 8|14 8|10 9|14 7|12 10|10 6|12 10|10 6|11 7|14 6|13 6|11 7|9 3|5 8|14 10|9 7|14 10|3 10|7 11|14 10|13 7|14 4|12 10|14 10|7 8|14 7|14 7|14 11|15 6|12 8|9 11|9 7|6 6|9 12|14 6|13 11|11 8|12 11|7 12|14 8|6 10|12 12|13 12|5 8|8 11|13 8|12 11|10 11|10 8|14 6|15 12|15 7|6 11|11 10|4 11|13 11|9 9|9 11|9 6|16 3|11 9|10 12|9 7|10 11|12 10|15 10|4 9|10 12|9 10|4 11|15 7|12 7|11 11|12 12|12 7|14 8|13 9|7 6|14 6|11 8|13 11|6 9|8 11|14 6|14 8|10 4|13 11|15 10|12 9|9 4|12 8|14 10|14 12|5 10|9 9|9 8|12 9|9 7|14 10|12 12|14 8|12 10|14 10|14 6|8 9|10 8|8 12|11 6|14 12|9 7|7 12|14 8|14 8|10 11|14 10|9 8|15 11|12 12|4 5|15 8|13 6|9 10|12 8|15 12|10 6|9 6|10 11|11 12|12 12|15 9|13 3|11 7|8 6|9 8|12 11|11 11|12 8|14 6|6 11|14 11|15 6|14 9|15 1|7 6|9 7|14 8|14 12|6 5|14 5|12 11|13 12|9 9|14 8|10 12|14 12|14 10|15 8|8 7|13 8|4 6|12 11|10 8|fitness = 86.27127566994294|time = 447.98510070457655|true
2 solution:
14 10|10 6|11 10|11 11|15 8|15 8|13 8|10 9|12 11|7 8|11 5|12 7|10 10|12 6|11 9|14 6|14 6|12 12|15 8|7 9|12 9|8 11|10 7|13 8|6 12|11 10|16 10|14 11|13 11|14 6|12 5|10 8|9 8|8 11|14 4|9 10|11 7|13 9|12 10|14 9|13 7|13 12|7 10|5 7|13 10|2 8|15 11|14 9|10 11|8 5|9 9|6 7|12 10|7 6|12 8|15 6|2 5|9 9|12 9|8 7|10 11|14 8|12 7|13 7|12 10|3 11|6 11|16 6|9 9|12 10|8 8|7 6|14 9|6 4|9 8|9 11|14 7|12 8|12 10|10 11|14 8|8 7|12 8|12 12|13 7|8 10|10 7|14 11|13 6|2 11|1 8|10 10|10 11|10 9|12 9|7 7|16 7|17 10|12 7|11 12|15 10|11 9|6 9|12 7|12 9|10 6|13 11|8 11|9 11|12 9|10 10|9 7|15 8|14 7|14 5|12 7|9 7|14 9|15 10|11 9|11 6|10 6|13 4|5 8|11 9|12 11|5 10|14 6|9 8|18 11|9 8|8 8|15 6|12 10|13 11|12 9|6 10|9 12|6 5|16 9|8 10|12 12|13 10|14 12|8 11|11 9|9 11|14 11|10 7|10 11|10 11|13 10|13 4|2 6|8 10|17 6|13 7|10 10|9 6|14 10|10 1|8 11|12 11|14 12|14 6|3 7|4 7|11 11|10 7|10 6|12 11|5 4|6 7|14 7|2 10|16 11|13 4|9 12|14 10|13 11|15 5|10 12|14 10|14 12|12 11|9 9|8 10|8 8|16 12|15 9|7 11|14 8|8 8|7 10|10 6|6 10|9 12|11 11|15 3|12 9|15 10|15 11|10 5|13 11|13 12|13 8|14 9|8 7|12 4|10 10|fitness = 84.46061590788969|time = 448.2896659584433|true
3 solution:
11 6|11 5|12 12|13 11|13 7|16 11|6 9|14 9|5 12|15 10|12 11|9 6|8 11|14 12|16 9|12 9|14 12|10 9|7 9|14 11|7 10|14 11|16 8|13 5|11 7|7 10|4 10|16 6|7 8|8 10|15 6|13 9|9 8|16 8|10 12|13 9|9 8|11 12|9 10|13 7|5 9|8 11|15 8|15 6|15 7|12 7|16 7|15 6|16 12|14 4|8 7|12 11|16 11|9 11|13 7|10 11|16 11|12 7|15 7|14 10|12 10|14 10|15 5|1 11|13 9|9 8|15 11|6 12|16 9|10 12|9 7|14 8|17 11|14 12|14 8|14 7|14 6|13 10|9 9|13 7|6 9|6 10|10 10|14 8|12 6|15 12|10 9|12 12|13 12|13 12|10 8|15 11|12 10|12 10|12 8|11 6|10 11|10 7|11 11|9 10|14 9|12 7|11 11|8 6|16 10|10 11|9 7|15 12|9 12|11 8|8 11|15 11|13 9|13 11|3 8|11 9|3 11|14 8|15 4|8 7|10 11|15 10|12 8|17 10|9 10|15 5|4 8|12 8|9 11|14 9|11 12|13 10|14 6|14 7|12 10|13 8|14 11|15 11|11 10|11 7|15 8|15 6|16 7|8 7|14 6|13 10|10 6|12 9|13 7|12 10|12 7|8 8|14 12|7 8|10 8|14 6|12 12|11 6|12 8|15 7|15 6|10 7|12 12|15 8|13 7|6 6|11 8|15 4|12 10|3 11|5 10|15 11|10 12|14 5|12 11|16 11|5 11|13 12|11 9|6 8|7 3|13 7|10 10|10 9|9 6|10 11|12 10|12 9|9 9|15 9|9 8|12 11|15 9|8 4|8 10|11 10|13 10|8 10|7 12|1 6|11 8|12 11|10 7|12 8|11 4|9 7|9 7|14 6|13 7|16 11|fitness = 84.7077840135339|time = 443.17015817512674|true
4 solution:
14 6|6 10|12 7|5 12|6 10|8 8|14 10|13 11|15 1|7 12|10 7|12 9|15 11|10 8|10 6|13 12|11 8|14 11|14 9|16 8|10 6|4 5|15 7|6 12|13 9|14 7|11 11|12 8|8 11|8 5|9 12|4 2|12 11|10 8|12 11|12 10|12 8|10 6|2 11|12 12|4 6|7 12|12 10|7 11|12 6|11 10|10 10|14 7|12 6|13 10|9 3|14 12|14 12|15 10|10 8|15 10|6 12|13 11|13 10|9 11|15 7|9 7|13 11|6 10|9 11|9 7|8 11|13 8|15 6|4 6|12 3|14 8|8 11|15 10|13 12|10 12|12 8|12 7|10 6|12 11|10 8|15 11|12 11|12 12|10 8|9 11|12 6|12 4|7 11|13 7|12 9|11 7|10 4|14 7|14 9|6 10|13 3|11 10|10 4|14 11|10 11|15 12|15 9|12 12|10 10|8 12|12 11|9 6|10 2|12 8|14 3|14 7|14 12|11 10|15 6|11 12|14 12|16 12|12 6|12 10|7 10|12 10|6 10|10 10|7 8|10 12|15 8|10 8|10 6|14 11|15 12|7 7|13 8|16 6|13 12|11 9|14 11|14 12|4 4|4 11|10 7|16 4|10 9|12 4|16 8|11 12|12 7|2 2|14 10|15 7|10 10|10 8|4 11|12 10|10 12|14 12|14 11|2 10|10 9|14 12|3 11|12 3|14 8|8 11|3 7|13 9|13 4|1 7|11 12|8 7|14 12|11 11|10 10|12 5|9 7|12 4|12 10|14 4|11 11|14 10|10 12|14 8|12 11|8 6|12 12|12 11|17 11|12 6|9 5|15 9|13 8|10 8|3 10|6 8|9 6|6 4|14 6|8 11|13 11|15 9|7 11|12 10|14 7|16 6|10 11|12 5|14 10|10 6|14 9|12 11|fitness = 85.87668976938555|time = 438.9294668215347|true
5 solution:
11 11|13 6|13 7|9 10|9 10|11 12|6 7|16 6|6 7|1 7|13 8|13 11|11 9|3 8|7 12|11 11|16 11|12 7|6 9|12 9|2 9|12 10|9 8|12 7|4 12|8 8|12 9|12 11|6 11|17 11|14 12|16 6|8 8|13 6|9 9|12 11|15 10|17 11|14 12|7 10|7 11|12 12|14 10|6 10|15 8|14 9|5 9|16 10|11 12|14 7|14 11|13 12|12 8|9 11|4 9|10 11|2 7|17 7|12 2|10 10|11 8|15 6|13 11|12 6|14 12|10 8|10 12|10 6|15 8|5 10|12 8|12 4|10 12|9 9|7 6|9 12|4 10|14 6|4 8|16 7|9 6|10 11|3 4|10 6|9 10|10 7|15 1|1 12|13 11|12 8|10 8|10 12|11 5|12 10|12 9|10 8|7 11|5 10|14 4|10 8|15 9|11 9|4 9|13 11|15 7|4 8|13 10|3 7|13 4|14 11|13 9|4 8|8 6|7 12|13 5|11 12|14 10|15 11|12 9|14 5|5 6|11 8|11 6|8 6|4 12|7 11|2 7|14 11|15 12|5 4|3 6|10 2|7 11|5 9|11 12|13 7|14 10|10 11|9 8|6 10|16 7|6 11|6 11|14 7|14 9|15 6|6 9|9 7|12 2|6 9|6 5|12 8|9 7|10 11|14 7|9 10|3 11|12 6|7 11|10 12|7 7|7 12|9 10|11 10|12 5|6 8|12 6|4 9|5 8|12 8|12 8|12 11|10 7|10 9|10 8|7 11|13 10|4 7|18 11|14 9|9 7|13 10|11 10|4 4|14 12|14 11|2 11|17 9|15 10|12 12|15 9|16 11|14 9|11 9|8 11|13 5|16 7|6 7|15 5|10 6|17 11|11 10|10 9|12 7|11 3|12 8|9 12|12 8|13 11|5 5|fitness = 84.43092705119153|time = 441.94874777290806|true
6 solution:
14 10|13 6|15 8|16 8|10 11|10 9|11 12|13 10|17 8|10 5|12 11|12 6|5 8|6 7|14 11|7 7|14 7|9 8|4 11|11 10|14 4|13 5|8 9|15 7|8 8|11 10|12 7|9 12|14 6|13 4|14 12|6 11|12 8|11 11|15 6|12 12|10 8|12 11|9 10|10 5|13 7|10 8|3 6|10 5|7 11|2 8|16 9|14 9|6 8|12 6|9 8|10 7|14 9|8 6|9 11|6 10|16 11|14 10|14 7|12 8|11 9|13 12|8 4|12 9|6 5|9 8|15 10|13 5|14 11|14 10|14 8|6 4|14 11|12 10|9 12|11 12|13 12|10 12|16 12|9 9|9 7|17 11|14 8|7 9|12 11|10 11|13 10|10 6|8 10|15 6|15 7|15 10|7 11|14 11|6 6|11 10|12 12|10 10|10 6|10 7|8 4|10 12|10 8|14 8|15 6|8 6|8 11|11 8|7 10|14 11|13 11|8 11|9 8|13 7|14 7|11 9|6 6|8 11|9 11|12 7|6 9|5 9|16 11|11 10|7 10|16 7|13 11|14 12|14 8|12 6|11 11|6 8|9 8|11 10|13 11|10 10|12 7|15 8|10 6|14 11|12 10|9 12|9 10|4 9|11 9|12 9|14 10|14 10|7 5|16 6|15 11|12 6|9 12|15 7|13 10|16 6|9 8|7 11|12 8|6 10|14 9|11 11|12 10|12 10|9 5|10 9|15 8|10 8|7 8|11 9|10 7|15 8|13 12|12 11|13 11|9 12|4 10|9 8|13 6|14 7|13 7|8 12|12 9|14 11|9 9|10 12|15 8|12 12|7 6|16 7|14 11|14 7|12 10|14 6|7 12|14 12|2 11|12 7|4 10|15 12|15 9|15 8|7 12|14 12|15 9|12 9|7 10|11 8|3 12|6 9|fitness = 85.67051173169004|time = 430.28750206665035|true
7 solution:
15 11|8 7|11 10|10 6|14 8|12 4|13 5|11 9|13 10|14 8|15 8|10 5|12 9|12 8|14 9|12 11|6 8|9 9|12 11|13 11|13 10|14 7|12 6|9 8|12 4|5 11|15 11|13 5|4 6|13 6|8 11|14 4|10 8|10 1|15 7|9 10|15 5|7 10|13 10|13 12|14 11|8 8|14 6|7 8|7 8|13 10|14 9|6 5|8 8|7 6|10 7|9 11|8 6|5 11|12 10|3 10|7 9|15 11|14 5|5 7|14 8|9 9|14 10|10 7|10 11|7 11|8 8|12 9|14 6|10 12|8 6|12 7|15 7|11 8|4 6|15 5|8 8|12 7|14 9|14 8|5 7|3 7|9 11|7 11|9 9|14 6|12 12|10 11|10 6|11 11|10 5|12 8|15 9|11 11|11 10|11 6|6 9|13 8|10 8|15 7|11 11|7 11|8 11|12 11|12 6|12 9|13 11|12 11|14 9|12 5|14 8|10 12|14 9|3 9|6 7|8 8|12 10|7 8|11 10|15 6|5 7|8 9|14 9|11 9|11 11|9 9|9 7|6 5|8 9|10 10|9 11|9 7|11 10|11 12|10 8|11 8|13 10|8 10|11 7|8 9|13 10|9 10|9 7|15 11|14 8|14 9|6 8|14 8|16 8|7 7|11 10|14 10|10 11|8 10|11 10|8 8|13 7|10 7|14 5|11 10|6 7|12 10|14 9|11 7|13 11|10 7|12 10|13 6|9 4|16 2|12 10|12 10|8 8|6 11|11 7|7 11|10 9|9 8|11 9|14 7|12 11|16 7|10 9|13 9|10 7|12 8|12 11|10 8|5 11|9 9|16 10|3 5|14 12|8 6|13 7|15 11|11 11|14 10|15 8|11 11|6 8|7 10|14 8|11 6|11 8|9 11|14 10|8 11|8 6|11 10|fitness = 83.98022050538313|time = 439.42163620214797|true
8 solution:
12 11|13 6|15 6|12 6|1 11|14 8|12 12|6 6|10 12|8 5|10 4|9 10|4 6|5 12|12 11|14 5|6 8|7 9|15 6|13 7|6 12|13 0|10 9|12 10|11 3|14 7|14 11|10 7|7 7|15 7|12 7|11 11|14 4|9 5|6 7|13 7|2 10|15 11|6 6|12 7|6 11|11 2|7 9|10 12|4 6|14 10|13 11|7 9|4 11|7 7|7 11|7 8|2 11|10 6|15 11|10 8|16 2|8 10|10 7|9 12|3 11|15 5|6 7|4 8|14 11|9 10|9 2|12 2|3 5|15 11|13 8|13 11|7 10|3 8|9 8|15 10|14 10|12 5|15 7|11 10|14 5|14 9|9 11|7 12|12 12|14 3|14 10|5 6|14 1|2 2|14 10|12 11|9 8|15 6|15 6|10 4|7 9|8 2|11 7|15 11|9 6|9 11|7 4|6 9|5 11|11 9|14 7|14 9|9 10|14 10|12 7|11 7|4 4|5 12|15 6|14 7|6 6|14 3|10 8|11 7|3 3|14 6|14 8|2 8|7 12|3 6|4 6|10 9|10 7|10 10|8 10|5 4|3 5|2 11|5 11|9 10|3 11|9 6|12 11|6 7|10 7|12 3|15 4|4 4|12 11|12 3|9 11|14 4|14 8|14 3|8 6|15 9|12 8|14 11|15 10|10 12|14 10|12 11|10 12|14 7|12 6|10 2|1 5|15 5|14 8|12 10|15 6|14 4|14 6|11 6|12 9|9 0|10 11|13 6|15 11|6 10|10 12|12 12|7 11|13 11|9 5|14 11|5 11|6 12|6 10|9 7|7 1|6 10|13 9|15 5|8 8|12 5|14 2|12 6|15 8|16 4|14 10|15 7|10 1|12 6|10 11|12 5|5 12|9 10|14 12|9 7|3 9|6 5|14 7|12 11|fitness = 85.60492157141378|time = 400.4618083187018|true
9 solution:
10 8|3 9|14 10|10 9|12 12|5 11|11 11|10 9|13 11|7 11|13 7|5 7|14 6|15 11|3 7|10 7|11 10|6 9|7 10|7 11|13 11|13 10|5 5|10 11|15 6|10 8|12 8|14 10|12 8|10 10|7 8|6 10|8 6|14 10|13 11|9 6|9 6|9 8|14 8|10 7|12 11|7 8|8 11|12 6|10 8|6 10|12 7|13 11|12 10|10 10|12 11|12 7|12 10|14 9|14 6|13 11|11 11|13 6|9 8|13 9|15 10|9 7|13 8|3 10|12 9|11 8|8 7|11 11|12 9|10 9|6 10|12 12|11 11|7 5|13 9|15 12|5 6|14 6|7 9|12 10|15 3|8 8|10 6|12 11|15 8|13 8|2 8|9 7|12 10|13 11|13 7|11 11|5 9|8 11|14 9|5 4|12 7|3 11|12 8|9 11|14 11|9 7|9 9|10 7|9 9|3 7|8 12|12 10|6 10|14 6|9 11|9 4|8 8|12 12|14 10|12 5|13 12|12 10|10 6|3 11|14 5|10 10|3 11|9 7|14 9|7 10|8 5|13 12|7 7|10 11|12 7|12 10|6 7|12 10|9 9|10 12|14 6|12 7|10 4|10 7|10 6|14 11|9 7|4 9|11 6|11 8|13 9|16 10|10 7|9 3|14 5|12 9|13 7|7 7|15 6|10 11|3 5|8 8|11 7|13 11|1 9|9 11|15 11|12 9|14 8|7 9|12 7|10 12|14 12|12 12|13 7|15 8|14 11|14 7|7 7|10 10|12 6|15 7|16 11|6 9|9 6|11 6|9 11|12 4|12 8|5 10|11 10|15 8|9 11|16 8|9 11|16 12|10 8|12 8|6 10|9 6|14 8|9 10|8 5|4 10|10 10|13 12|5 9|15 9|9 8|8 9|7 6|13 11|8 7|14 10|fitness = 85.22461068031777|time = 449.2789723927061|true
10 solution:
3 2|3 7|12 2|12 7|15 11|12 4|11 7|6 8|9 10|9 8|6 10|9 11|10 4|9 11|12 11|13 11|8 7|11 8|14 3|8 11|3 6|11 6|10 5|7 9|3 10|12 8|14 11|9 4|14 4|9 10|13 12|3 12|14 12|13 10|12 6|12 6|15 9|10 11|12 9|15 11|14 5|12 12|10 8|3 7|10 8|12 9|16 11|14 8|9 8|14 1|12 10|13 6|13 7|7 7|14 9|15 11|5 5|9 2|9 8|14 2|16 3|14 7|16 8|10 11|6 10|14 4|14 6|11 8|12 6|11 5|10 6|10 6|6 6|15 8|15 11|14 7|10 8|15 4|9 6|9 11|15 10|14 5|8 6|3 8|12 7|14 11|14 8|9 11|11 5|14 9|7 7|4 12|4 2|15 1|10 10|15 11|7 6|5 11|5 5|11 7|11 3|8 4|14 8|12 6|14 6|11 8|16 6|10 9|11 6|14 2|14 10|14 3|14 9|12 7|13 8|15 6|5 10|6 11|14 11|12 3|10 11|14 8|13 11|12 11|9 6|4 8|6 10|5 4|12 11|5 11|6 7|15 4|9 9|7 7|15 6|14 7|12 9|9 11|12 8|7 10|2 6|11 11|5 11|7 9|15 1|6 8|10 5|3 6|4 8|15 8|4 7|12 11|14 9|8 11|15 6|6 9|5 10|12 12|13 11|15 8|8 7|15 5|10 6|11 10|10 5|4 11|11 11|8 11|8 7|2 8|12 8|11 10|15 10|3 12|6 7|15 5|12 4|14 10|13 10|6 11|4 8|2 5|2 8|5 11|15 9|4 10|6 11|12 4|10 9|14 9|15 7|13 1|15 11|9 3|12 10|8 12|14 12|6 9|14 10|8 12|15 7|11 7|15 7|14 7|14 3|8 6|7 6|14 12|14 12|5 6|fitness = 86.07532818840104|time = 422.97048609414384|true
11 solution:
5 8|13 9|13 8|4 9|12 2|5 8|9 11|13 6|10 6|12 8|13 12|14 4|13 7|14 10|10 7|16 8|10 9|11 12|8 11|14 12|14 10|14 6|16 9|11 12|12 8|2 6|8 7|14 9|15 8|8 10|10 8|13 7|7 5|8 11|15 11|14 7|15 9|13 11|7 6|13 12|13 11|17 7|12 8|10 7|17 11|15 11|16 12|6 7|16 6|8 5|15 9|9 7|12 9|12 6|14 8|12 9|13 9|17 9|6 11|16 11|6 9|3 12|10 8|10 8|10 8|13 10|10 10|5 11|12 6|15 6|14 12|17 10|8 11|10 10|3 10|15 11|12 8|12 10|9 11|10 6|16 10|15 8|17 7|12 8|18 9|15 11|16 8|11 7|13 9|12 8|7 12|14 8|13 11|10 8|13 7|11 11|14 10|13 6|14 9|11 9|14 12|7 10|9 7|14 3|12 6|3 8|13 10|6 6|13 12|14 9|9 12|11 7|14 10|16 6|11 10|10 10|17 12|12 9|12 9|14 9|14 7|15 4|3 10|16 5|17 11|15 8|10 7|9 9|9 10|17 6|17 10|12 11|11 9|7 10|10 9|11 10|15 12|6 11|13 9|6 11|14 10|15 11|15 8|11 11|11 10|7 6|10 11|14 10|4 11|13 11|8 12|16 9|9 11|16 10|12 9|13 12|12 11|9 12|9 12|14 7|14 10|13 10|14 12|14 11|16 7|14 8|16 6|15 5|8 2|12 12|10 12|10 11|13 8|16 6|10 7|15 7|10 7|14 10|16 9|14 6|11 6|9 10|9 11|1 8|16 9|10 7|12 11|14 6|15 12|13 5|12 10|15 10|12 7|11 8|12 10|16 9|15 9|12 11|12 6|8 9|10 9|1 6|13 9|15 10|12 7|15 10|12 6|14 7|15 11|6 8|fitness = 84.40865176260424|time = 428.20670848720414|true
12 solution:
14 10|9 8|9 6|12 8|13 8|16 11|4 5|3 8|9 9|13 11|14 9|16 9|15 8|12 5|12 8|11 9|15 10|11 7|13 10|12 6|9 12|13 6|14 11|10 7|10 6|14 11|15 11|13 10|6 11|9 6|12 11|7 11|12 7|12 10|15 2|9 5|12 11|13 8|11 10|9 10|12 6|13 7|14 8|12 10|15 7|16 6|9 11|8 9|11 11|8 9|7 8|13 10|13 11|6 10|12 6|12 4|9 8|6 9|13 9|8 8|13 7|13 9|12 11|13 9|15 9|12 11|6 9|10 8|6 11|14 9|15 7|14 10|15 10|11 8|11 11|12 6|13 9|15 10|8 6|6 10|10 11|10 10|14 9|12 10|9 6|14 6|11 10|10 9|12 6|10 5|11 12|15 5|7 10|9 8|12 8|13 9|9 9|15 9|14 8|7 9|12 10|12 7|6 10|9 6|14 11|10 11|11 11|12 7|8 7|13 6|13 7|14 10|12 3|13 7|9 6|16 8|7 11|16 11|18 9|8 9|10 11|12 9|10 8|13 7|13 12|12 7|8 11|13 9|4 6|16 8|9 9|13 7|8 8|16 8|11 8|11 8|12 11|9 8|13 5|14 7|12 7|14 8|7 11|12 10|8 10|13 8|14 7|5 8|14 7|11 8|6 12|10 10|16 8|12 12|8 11|12 7|13 10|12 6|13 10|12 10|15 8|9 6|10 6|16 7|13 11|12 8|16 10|11 10|11 7|13 10|9 7|13 12|10 11|12 10|9 7|6 12|11 11|13 9|14 9|14 7|12 12|9 4|12 8|13 9|15 10|8 11|12 10|14 7|12 9|9 7|14 12|14 3|9 8|8 6|9 5|9 11|8 7|13 11|6 7|12 10|9 11|10 7|9 9|8 8|8 11|11 11|6 10|3 9|11 11|8 10|fitness = 84.55018573438777|time = 435.76878176536997|true
13 solution:
9 7|16 5|12 1|10 8|15 7|16 10|14 9|12 6|8 8|14 2|6 7|7 9|12 1|6 8|7 8|10 8|6 10|11 9|15 7|8 8|16 10|17 12|13 10|7 8|9 12|12 11|11 7|13 7|12 10|14 10|14 7|15 11|14 12|5 7|12 11|14 7|8 2|15 12|8 12|11 12|14 11|16 10|14 11|11 12|1 7|12 9|14 10|10 12|13 12|6 11|15 8|3 9|15 9|17 10|6 8|11 7|18 8|10 5|17 11|15 12|17 11|16 8|14 11|9 12|11 9|12 9|14 4|12 11|14 8|12 11|9 9|10 11|15 7|15 4|9 11|10 12|14 7|14 7|6 8|11 11|2 6|15 9|11 11|13 11|5 11|11 11|13 8|14 10|16 6|6 10|5 8|4 10|9 5|12 7|12 5|16 5|8 9|1 7|11 12|16 11|9 11|8 7|15 6|12 1|16 8|14 7|14 9|12 9|13 11|4 9|16 7|15 11|12 12|18 11|13 8|17 9|17 4|13 12|12 8|13 10|14 7|8 12|12 11|13 5|2 10|14 12|14 9|14 10|9 11|12 11|12 12|9 11|2 10|7 8|9 9|13 12|12 11|13 9|18 8|14 8|10 9|7 10|16 12|12 11|2 10|3 12|9 11|5 10|12 10|14 7|16 11|11 9|16 9|12 6|9 12|12 12|9 6|15 8|9 11|15 11|17 12|14 3|11 11|12 8|14 11|11 8|14 8|9 12|12 11|14 10|6 12|15 6|6 11|10 9|12 11|10 12|9 9|15 9|8 7|15 7|17 8|7 3|10 8|7 9|1 10|13 4|12 3|6 9|9 5|12 10|16 7|9 8|9 5|7 11|11 12|11 11|8 8|6 10|7 9|17 12|9 11|12 7|4 8|12 6|12 12|14 10|10 6|7 5|6 8|9 9|fitness = 84.85282867545395|time = 436.73712646934484|true
14 solution:
12 12|13 4|8 11|3 7|9 11|6 5|3 10|12 10|15 9|15 9|11 12|11 9|10 8|13 6|2 8|13 11|12 10|7 3|14 3|12 12|11 12|13 9|10 11|15 9|3 8|15 6|3 5|7 8|4 10|4 10|12 12|2 12|12 11|12 7|12 6|14 4|11 10|9 12|8 8|9 12|12 12|13 7|16 8|16 6|14 2|8 12|11 8|13 9|14 8|10 4|15 6|12 7|3 6|1 11|14 3|12 11|14 8|15 7|7 7|13 11|12 8|4 11|14 5|14 7|14 11|7 11|12 11|11 11|5 10|16 6|9 8|14 11|10 10|11 4|1 12|8 8|4 11|7 4|7 8|13 10|5 5|8 8|9 6|13 4|12 12|3 11|14 11|9 11|10 8|15 12|10 11|16 6|5 9|11 12|7 6|9 5|14 8|12 5|2 12|14 11|6 11|12 11|3 6|13 11|4 5|9 12|11 8|6 9|2 6|8 11|6 12|12 11|14 5|11 7|10 10|8 7|7 6|12 11|2 6|11 6|15 8|13 8|10 8|10 6|15 11|6 12|8 8|8 10|4 11|14 12|4 4|15 10|13 6|9 8|17 6|10 7|15 7|13 10|7 7|12 8|9 12|12 10|12 6|15 11|10 11|10 9|15 7|9 6|4 8|6 10|2 8|12 4|8 9|16 7|4 12|15 12|6 11|14 6|13 4|13 11|9 8|15 7|5 7|11 12|15 8|15 5|9 8|13 11|9 8|10 8|9 12|6 4|10 10|13 6|15 7|7 7|14 12|10 10|4 8|9 12|4 2|15 8|9 9|10 6|13 10|13 11|10 5|12 10|8 11|14 6|12 10|12 12|11 6|5 6|12 11|12 8|13 7|13 11|5 7|12 11|14 11|13 10|15 5|13 7|7 11|14 9|9 5|9 7|9 7|7 6|fitness = 84.69029564373069|time = 422.0648971360106|true
15 solution:
15 11|6 12|7 11|9 11|15 8|6 11|11 6|9 7|12 8|7 11|9 8|6 6|18 8|11 6|5 2|6 5|5 11|3 6|14 4|12 9|12 11|5 7|15 10|15 12|10 11|11 8|10 7|13 10|14 9|8 9|16 12|11 11|9 8|15 7|15 11|11 11|14 9|9 8|15 4|9 7|6 8|14 12|7 8|9 8|12 5|9 2|14 11|11 8|16 6|12 12|6 11|10 9|14 6|12 11|14 10|10 5|12 9|14 7|16 11|6 12|14 8|14 9|16 8|12 11|16 11|11 6|11 6|11 4|7 5|12 8|3 8|9 2|14 9|14 10|15 11|8 10|10 6|14 7|15 4|13 8|15 9|14 7|15 6|11 11|14 9|3 7|15 9|11 10|14 10|10 11|2 1|9 11|11 7|11 8|9 12|10 9|12 7|17 11|18 8|14 10|12 7|12 10|10 8|9 9|10 6|11 10|13 8|14 9|14 11|14 8|14 10|5 10|14 8|7 7|7 5|12 9|5 6|14 10|6 8|12 2|5 7|13 7|10 6|15 6|13 7|12 8|9 8|9 7|9 11|9 11|14 10|12 6|12 11|7 6|12 7|10 10|14 11|9 7|15 4|6 7|3 6|14 9|8 11|14 12|15 9|14 12|11 8|12 6|12 12|9 7|14 9|6 8|13 1|8 6|17 8|15 7|8 11|6 8|15 7|9 7|14 6|10 6|7 8|12 6|6 8|12 9|14 12|13 10|10 11|11 4|12 7|10 6|15 7|7 7|16 11|15 8|14 10|16 12|14 3|15 7|11 9|7 7|12 10|14 9|9 6|14 1|15 11|6 11|14 8|15 10|12 10|9 4|15 11|13 9|13 11|14 5|8 10|8 8|10 10|10 11|10 11|8 9|15 9|9 10|10 6|14 10|12 11|12 10|12 6|14 11|fitness = 86.67621211720116|time = 437.8751715060038|true
16 solution:
4 10|13 10|13 6|6 10|10 11|15 8|15 10|7 9|11 11|14 11|9 8|13 11|15 8|11 7|14 10|14 7|16 4|11 8|12 12|12 11|17 11|10 11|10 9|14 8|10 11|12 10|6 8|14 12|9 12|9 10|14 12|6 9|13 7|5 7|6 8|9 9|7 7|15 7|14 10|12 4|15 11|11 8|12 6|14 12|14 8|14 8|8 8|12 7|9 7|12 8|5 11|16 11|12 12|12 11|17 11|11 10|18 9|13 11|14 10|12 11|9 10|15 7|11 4|12 8|12 10|14 10|14 7|13 8|15 9|6 10|14 9|14 6|15 8|11 12|12 12|12 6|7 11|11 11|9 8|7 11|15 8|11 10|14 11|12 8|9 10|15 11|13 7|7 5|16 9|10 8|16 10|15 12|16 8|14 12|16 12|15 6|10 11|16 9|12 9|12 11|13 11|7 3|10 7|13 7|13 12|12 8|12 11|9 8|11 7|14 1|14 5|8 11|14 8|16 12|14 7|5 11|13 9|9 11|11 10|11 6|13 12|14 3|13 11|7 8|7 8|10 11|14 11|12 4|2 7|15 10|11 7|14 6|15 11|15 5|12 10|10 12|10 7|5 9|11 7|5 6|14 9|14 2|16 3|6 10|12 10|8 6|13 11|15 7|14 6|12 9|12 10|12 9|13 12|12 8|6 12|10 12|14 6|12 11|10 11|6 9|9 10|15 8|16 6|15 8|12 10|11 8|11 11|3 9|11 7|14 7|10 3|14 10|15 10|15 6|13 10|10 11|10 7|12 6|14 12|7 7|11 6|14 12|12 12|6 7|11 10|6 5|15 5|14 8|6 5|2 3|3 5|13 8|4 9|7 3|9 6|8 12|8 12|15 11|14 5|14 9|14 7|14 12|16 8|12 10|11 3|13 5|11 10|8 11|14 2|5 5|fitness = 85.27656083890378|time = 426.9677602779307|true
17 solution:
8 7|13 12|13 9|16 6|9 11|14 4|16 11|10 8|9 11|10 10|12 7|9 10|8 2|15 6|12 11|8 11|13 9|7 8|10 12|11 7|10 12|9 8|10 11|14 8|9 4|15 8|9 11|10 10|11 11|12 11|10 8|14 9|11 10|12 9|11 6|11 9|14 6|14 9|15 11|4 11|11 7|12 11|4 12|6 11|9 8|15 11|12 9|12 8|16 6|13 12|3 7|8 11|10 10|8 11|14 9|14 12|15 9|10 7|8 11|9 11|15 8|12 7|7 8|14 4|12 12|15 11|15 10|4 12|5 12|14 12|15 8|9 8|3 8|13 11|9 7|10 12|13 6|12 11|9 10|11 4|12 11|11 12|12 10|16 8|7 10|12 7|14 10|14 10|11 10|5 7|15 11|9 6|11 10|14 9|14 7|9 12|8 9|12 7|16 7|12 6|6 6|14 10|11 7|12 11|11 9|8 9|7 12|14 6|6 12|6 12|17 6|16 10|15 10|16 10|7 9|7 8|12 8|8 6|11 8|12 10|10 9|12 10|14 11|8 10|8 10|10 12|11 7|10 12|8 6|10 8|9 11|9 8|14 7|11 7|12 4|11 8|14 12|13 12|14 7|15 10|11 5|7 2|10 7|8 6|14 8|16 11|15 10|9 7|14 6|14 5|3 2|11 11|10 9|9 6|11 7|9 8|14 6|14 6|10 12|12 7|6 9|16 12|12 8|13 7|14 8|6 8|6 6|13 9|5 11|15 8|10 8|8 7|12 11|11 11|11 10|12 10|6 7|14 10|14 11|15 11|15 8|8 8|13 11|10 5|7 10|14 12|10 12|14 7|15 10|6 8|14 7|15 6|15 7|15 7|13 11|17 9|5 6|13 7|14 6|9 11|9 9|10 8|9 8|1 11|12 8|13 8|17 8|11 4|14 12|9 7|fitness = 84.92104463139879|time = 448.10411429057245|true
18 solution:
13 5|15 6|11 12|9 9|9 6|12 8|3 5|14 7|12 10|12 10|12 11|13 8|8 8|10 9|13 6|9 8|13 11|16 8|9 2|11 6|11 11|5 8|16 6|15 8|13 7|12 10|17 7|13 10|10 5|4 12|15 9|12 11|10 9|15 8|7 7|12 8|10 11|13 6|15 6|12 7|7 11|8 11|10 10|12 7|10 8|12 12|9 11|12 7|12 7|6 10|14 8|10 9|10 10|5 10|14 10|17 9|10 9|11 7|10 7|15 9|13 7|14 9|15 9|17 9|13 11|11 8|3 12|7 8|7 7|6 9|9 4|12 10|12 8|11 8|7 8|11 10|6 5|14 8|10 11|11 7|12 8|12 6|15 9|7 6|7 4|14 7|16 5|9 10|6 6|12 8|15 5|15 9|9 10|7 11|14 12|9 10|8 9|12 11|12 9|14 7|14 10|11 12|16 8|14 9|7 9|15 12|7 12|15 4|14 7|10 11|10 8|14 4|13 9|9 11|10 8|13 8|9 6|12 8|7 7|14 8|12 9|12 11|11 4|13 11|10 9|15 11|12 8|11 6|13 10|9 10|8 11|14 10|13 6|3 9|12 6|12 10|12 11|12 8|8 8|14 7|7 9|8 6|14 10|10 6|7 6|15 9|10 10|12 11|11 10|13 10|11 9|14 10|9 9|11 11|15 7|12 10|15 8|6 9|7 10|9 11|14 11|9 11|9 8|13 8|8 6|18 7|14 10|8 12|16 6|14 10|10 7|10 6|12 10|12 9|13 8|9 11|6 10|10 8|7 8|9 8|15 8|14 4|16 11|15 6|13 10|12 11|14 10|12 8|15 5|17 11|15 11|13 11|10 11|15 6|14 6|13 9|14 7|8 11|14 11|8 12|10 7|11 7|8 7|8 10|10 6|11 6|14 7|10 8|15 10|8 11|fitness = 85.91974815588506|time = 441.93357644337493|true
19 solution:
11 9|16 11|8 6|9 11|12 10|11 1|12 11|1 7|15 8|15 11|1 11|16 6|8 10|12 10|12 8|14 7|15 10|8 12|16 11|16 6|12 8|7 10|15 9|7 6|12 7|9 6|13 7|9 9|10 8|12 7|6 10|12 10|11 10|4 8|14 8|13 8|14 9|10 11|14 10|12 10|14 6|7 7|13 9|14 7|7 10|14 11|3 8|9 9|14 3|14 6|15 6|9 6|11 11|9 6|14 12|11 10|14 11|9 8|7 11|12 8|12 7|16 12|12 11|14 8|10 11|4 12|15 11|14 7|7 11|13 7|17 10|12 6|12 11|14 9|6 6|6 7|7 8|4 11|7 10|13 12|14 8|9 4|14 11|12 7|9 12|6 11|15 10|6 6|8 11|11 8|10 6|14 9|14 9|13 11|15 6|12 8|12 5|10 12|7 12|7 10|9 5|6 9|11 5|16 11|9 7|14 7|8 12|10 10|6 8|14 8|12 12|14 8|8 6|15 10|14 9|6 11|12 9|9 9|14 11|9 6|9 11|11 11|7 8|9 9|11 10|8 6|7 10|6 9|13 11|6 8|14 7|12 9|12 7|12 11|14 4|14 9|6 5|10 8|14 6|14 5|14 7|12 10|9 10|9 9|11 10|13 11|9 11|15 6|9 5|8 11|14 11|14 7|12 12|12 10|9 8|16 9|12 9|14 7|3 5|11 5|13 10|6 6|13 10|15 7|7 11|9 12|13 7|12 6|13 8|6 10|11 5|10 6|14 10|12 12|14 12|11 11|15 11|12 9|13 10|14 11|9 8|9 6|15 11|12 8|12 9|15 11|14 7|4 12|5 6|15 11|5 8|14 7|3 11|14 7|9 3|7 11|14 3|10 8|6 8|16 10|13 7|13 1|15 8|13 8|9 10|6 11|4 5|14 12|14 6|6 9|fitness = 86.18336563157479|time = 442.9971179677931|true
20 solution:
5 6|14 6|15 11|11 9|8 7|7 7|15 9|8 7|10 6|12 11|13 6|11 9|8 11|11 12|7 8|9 9|10 8|9 1|6 2|12 7|13 11|15 8|14 8|4 10|13 2|11 8|14 9|10 11|11 11|7 6|12 11|12 11|9 8|4 12|5 9|5 10|10 4|10 11|9 8|10 11|11 12|11 8|10 12|15 10|7 7|3 12|11 11|14 12|13 12|10 2|15 12|14 8|12 10|6 8|16 10|3 2|14 4|17 11|11 10|9 4|6 10|8 12|13 6|9 7|9 10|14 12|3 11|11 5|9 3|7 11|10 12|12 10|7 3|16 9|11 11|12 3|13 6|14 9|8 9|9 10|5 10|13 12|13 7|15 10|10 5|16 7|12 12|11 8|9 8|11 4|12 10|14 5|6 10|10 11|13 12|4 7|9 10|10 9|8 8|11 11|14 0|2 6|15 6|13 11|13 10|11 8|12 7|9 8|3 6|16 11|16 8|9 7|12 11|8 9|15 3|13 6|10 5|12 7|12 11|11 9|10 8|8 11|13 8|12 11|10 6|13 6|10 9|16 2|12 9|8 12|11 11|8 12|16 10|15 5|6 7|11 8|1 11|14 11|14 6|11 8|15 12|9 9|5 4|7 11|7 11|16 7|7 9|6 5|13 10|12 6|6 10|15 5|12 10|16 5|7 11|17 12|8 7|7 6|9 7|12 11|4 7|17 10|11 9|9 5|11 7|15 12|15 8|9 11|12 11|15 9|14 12|11 12|1 11|15 3|13 11|15 7|9 9|9 12|12 8|14 9|14 6|8 11|12 3|9 10|6 7|9 4|14 12|5 11|15 7|2 12|13 10|6 10|15 8|5 10|3 8|16 8|16 10|6 12|12 9|8 10|10 11|14 9|14 6|2 9|9 7|12 11|6 9|7 8|3 11|7 11|fitness = 83.40851535856574|time = 439.99781451249737|true
21 solution:
13 12|12 7|9 8|12 9|12 7|4 11|14 7|14 12|15 6|14 2|12 0|15 4|10 8|14 12|4 11|9 7|12 11|11 5|4 10|6 11|5 11|11 7|6 7|3 10|4 10|11 11|14 11|7 6|13 11|16 7|10 9|11 11|12 9|16 11|10 12|14 7|14 4|9 10|10 11|10 11|7 11|4 6|2 8|6 10|13 8|8 12|14 7|14 6|6 9|12 6|11 11|10 11|11 10|12 8|6 11|7 7|12 7|11 9|10 10|14 8|7 10|8 9|14 5|6 11|7 4|9 4|5 4|12 9|12 8|13 11|15 4|14 5|14 6|10 12|4 10|15 10|12 12|11 10|10 2|7 5|13 7|14 2|15 6|3 7|11 11|15 9|13 12|10 8|14 12|14 5|16 12|10 10|12 6|10 8|14 10|14 7|7 10|10 8|13 12|12 11|6 2|14 8|9 10|9 7|10 10|9 8|6 7|8 7|14 4|11 5|7 11|14 2|6 6|14 10|3 6|14 8|3 12|12 6|14 10|5 8|12 8|7 6|8 8|9 9|9 7|6 8|14 10|8 10|5 5|10 2|9 8|4 10|11 11|12 7|12 9|11 11|12 11|12 5|9 10|15 11|13 9|12 9|10 9|13 9|14 7|11 11|7 6|9 6|15 8|12 8|12 5|6 7|14 7|13 9|6 11|14 4|9 11|13 8|15 4|10 11|11 8|13 12|5 12|11 12|11 10|4 7|14 4|13 7|16 10|7 12|14 12|13 6|14 10|13 7|9 6|4 11|2 6|17 10|12 9|8 10|4 10|13 11|12 11|7 7|12 10|12 6|6 11|8 12|16 9|15 2|10 8|10 12|14 12|13 6|11 6|15 8|9 10|7 8|7 8|16 6|13 7|4 7|7 7|6 8|14 2|11 5|7 11|7 12|15 12|9 11|fitness = 85.07834916217261|time = 439.575952323186|true
22 solution:
8 11|15 11|12 11|13 7|13 10|11 8|13 8|12 10|11 10|5 7|10 10|10 11|7 10|7 2|9 7|14 7|4 9|12 12|12 11|14 9|13 12|15 5|7 12|14 12|15 7|9 5|12 9|2 6|9 8|13 11|14 10|6 11|9 12|14 3|13 11|9 9|15 9|4 11|12 10|12 9|12 7|11 12|5 8|10 9|16 8|10 8|13 11|12 10|11 7|12 10|12 7|8 9|14 11|9 5|9 11|10 10|13 7|10 6|14 11|11 8|14 7|10 12|4 6|12 10|12 11|15 7|9 8|10 6|14 3|12 12|6 9|12 9|12 8|11 8|12 8|15 10|11 12|10 6|6 10|9 7|15 8|12 7|10 9|15 8|14 6|11 6|13 7|15 4|14 9|4 10|9 9|14 8|15 11|11 8|15 10|8 8|15 2|10 7|13 12|9 8|10 7|11 12|14 4|6 6|12 10|8 9|16 6|14 8|11 6|13 8|14 7|9 9|15 6|11 4|4 11|10 12|15 7|11 11|10 11|13 9|15 3|11 7|9 8|6 7|16 10|14 6|12 8|15 8|14 11|15 7|13 6|15 11|8 6|14 9|6 11|13 10|9 7|10 12|12 11|10 8|10 12|7 7|15 10|12 7|13 8|16 11|12 11|9 12|14 11|8 9|13 12|14 9|7 12|6 7|14 10|15 12|8 11|15 10|10 9|10 6|5 8|13 12|14 9|14 8|10 5|12 9|14 11|9 8|10 9|11 11|11 9|12 10|6 11|12 9|11 8|12 11|10 5|11 9|9 7|6 11|14 3|14 7|9 11|7 9|10 12|9 8|14 11|9 8|12 8|4 6|11 9|7 11|9 6|13 10|10 11|13 5|6 7|14 12|2 11|14 12|14 8|7 11|13 11|12 9|6 4|14 11|12 9|14 8|6 11|13 11|fitness = 85.43147718227664|time = 443.628836932211|true
23 solution:
15 5|12 7|13 11|8 11|11 11|10 7|5 4|13 12|7 7|12 7|6 6|5 12|12 8|11 10|11 11|13 8|9 7|14 10|11 6|14 10|10 9|12 7|14 8|13 10|11 12|3 6|9 12|14 12|14 8|15 12|9 8|10 11|3 11|9 9|14 11|12 10|9 11|11 7|8 11|2 12|11 11|7 6|15 8|10 7|13 4|14 10|6 8|11 4|7 7|16 4|12 6|7 9|13 12|7 11|12 11|9 8|2 11|12 9|12 9|12 11|8 11|13 10|14 10|13 10|15 8|14 10|15 9|6 6|12 9|14 5|12 11|9 9|13 5|13 4|14 6|10 9|7 5|11 3|7 12|9 11|14 8|11 8|8 11|10 6|11 11|15 7|9 7|12 8|11 12|5 11|9 11|10 12|14 5|4 8|15 12|12 7|12 9|9 12|13 9|14 10|10 11|14 8|14 6|12 8|14 12|9 11|5 7|15 10|10 12|9 10|15 11|16 8|4 11|13 9|12 11|8 8|15 10|14 8|14 11|14 7|12 11|8 3|14 11|15 10|12 9|12 6|7 6|4 9|14 8|13 10|10 6|9 7|15 4|13 10|15 11|8 7|14 10|10 7|9 8|16 8|15 8|4 9|8 7|14 11|3 6|13 10|4 11|15 9|14 9|11 8|15 6|10 11|9 7|10 9|11 4|5 11|10 7|15 10|12 7|3 12|14 4|13 8|13 11|12 8|7 8|16 7|9 6|14 3|10 6|13 12|14 12|14 10|10 8|15 11|11 12|9 7|14 5|10 11|14 8|10 6|10 8|8 10|12 9|10 8|12 6|3 8|7 7|14 7|14 6|10 10|14 12|14 10|7 6|10 10|15 7|10 10|10 7|9 2|9 10|10 9|9 12|14 7|5 10|13 12|15 2|14 8|12 9|14 6|9 11|14 12|fitness = 85.51068290767263|time = 432.1897256899536|true
24 solution:
8 10|10 10|4 6|7 1|6 5|7 11|12 11|14 2|4 6|11 10|12 7|7 4|4 10|5 6|7 8|14 10|9 3|17 11|1 8|12 8|15 10|14 12|4 6|4 5|12 11|16 11|17 1|12 10|9 3|14 9|10 11|14 11|12 10|5 11|6 5|7 7|15 8|7 6|6 1|5 8|6 6|8 8|5 8|6 7|13 10|7 11|5 4|7 3|2 12|7 11|6 10|14 6|14 4|10 11|10 2|11 10|1 9|13 12|14 12|10 5|12 11|15 6|9 10|15 2|14 8|13 11|14 8|10 8|13 6|14 4|12 6|4 11|7 6|6 9|5 5|5 4|14 11|9 6|6 6|8 1|9 6|6 11|3 11|15 11|14 4|11 11|14 11|8 8|11 3|11 6|12 11|14 7|14 1|7 7|4 8|10 3|12 7|15 11|1 8|12 10|14 8|6 5|12 9|10 10|7 5|7 7|7 7|14 9|12 7|4 6|15 11|12 7|7 2|15 2|10 2|2 2|4 6|11 11|9 7|3 8|2 10|7 8|11 7|15 10|9 10|10 10|14 6|7 7|8 6|15 8|14 4|4 2|16 6|3 3|15 6|14 0|15 6|1 11|9 8|16 10|14 10|2 8|12 11|8 11|12 10|9 1|10 7|3 12|3 2|9 11|12 1|15 10|12 11|10 8|9 10|15 2|4 5|10 5|3 12|6 6|14 7|8 8|2 1|15 2|5 7|11 11|7 8|3 11|11 4|11 0|6 7|14 1|5 4|14 1|15 5|9 8|9 1|9 6|4 6|15 4|11 10|9 0|15 8|9 5|15 7|8 8|14 10|14 11|16 10|6 11|15 8|6 6|10 6|1 6|11 3|9 6|17 11|12 7|6 7|11 11|14 6|2 1|14 7|9 8|3 0|14 10|7 11|2 6|9 6|3 8|fitness = 85.47420630846717|time = 434.72140603670334|true
25 solution:
15 11|15 9|12 9|12 9|12 9|12 10|6 8|5 7|10 11|12 11|15 8|10 11|7 10|12 6|7 11|15 11|9 8|9 11|12 10|17 11|12 7|15 8|6 7|9 7|12 12|12 10|15 11|12 8|10 11|10 7|12 4|12 8|16 11|7 7|15 11|9 7|16 6|7 11|9 11|9 6|12 7|14 6|15 8|12 11|11 8|12 10|7 7|16 9|14 6|9 10|15 11|12 9|10 9|8 10|11 8|9 11|3 11|3 10|15 5|10 9|12 8|13 7|9 6|15 6|14 10|12 6|12 10|14 11|9 11|15 8|12 10|15 6|15 4|12 8|13 9|15 6|14 8|10 11|10 9|13 10|14 5|6 7|12 11|12 11|10 8|10 8|12 9|14 9|7 9|12 10|12 5|9 11|10 7|7 10|15 12|13 7|14 7|2 10|11 4|15 11|12 8|9 9|14 7|11 7|9 9|13 9|15 11|16 12|14 10|11 8|15 8|5 6|13 8|14 11|16 7|14 9|14 12|13 9|14 5|9 11|11 9|5 10|11 10|15 7|6 6|15 6|15 3|14 10|9 11|10 6|12 11|8 8|8 12|11 11|15 11|14 9|13 6|15 12|10 7|16 7|12 6|7 7|6 9|13 10|12 9|12 12|12 11|14 12|12 11|8 8|14 10|10 3|3 12|15 10|9 11|14 9|16 8|10 8|8 5|10 8|9 5|14 9|14 10|14 10|14 12|15 8|7 12|6 10|14 7|11 12|15 7|14 7|14 8|8 6|10 8|5 9|6 9|12 12|10 11|15 6|15 12|15 12|12 7|13 7|12 6|13 10|8 11|14 10|12 10|15 10|12 7|12 6|16 8|6 10|16 8|14 7|8 10|14 6|10 10|14 1|8 7|12 10|11 7|10 6|9 9|15 11|12 6|11 8|13 10|10 12|fitness = 86.19063928413983|time = 445.4149590051813|true
26 solution:
14 8|7 7|15 8|15 8|11 12|14 12|12 8|13 8|15 9|14 8|12 10|10 11|10 7|13 10|5 8|16 10|14 6|4 7|11 6|13 10|16 8|11 12|5 7|13 10|16 9|12 9|9 12|9 7|11 5|14 6|12 12|13 10|7 10|13 9|15 6|15 6|15 4|5 11|15 6|15 10|16 9|12 9|16 11|12 11|12 7|13 12|14 7|14 12|8 7|14 6|7 11|8 11|11 8|6 9|11 8|11 12|13 11|10 8|15 8|9 11|14 7|12 10|8 9|15 9|11 9|8 11|13 8|8 7|15 11|14 10|15 8|12 10|12 10|12 11|7 10|10 11|9 9|10 6|9 11|15 6|11 7|11 11|12 10|11 10|12 7|11 10|12 5|9 9|13 9|10 7|12 11|9 11|15 12|12 10|13 11|13 12|13 12|9 11|14 10|17 8|5 12|12 11|15 5|14 11|14 11|10 8|10 8|9 10|5 12|14 8|6 11|11 10|12 9|11 6|16 9|9 9|14 7|10 5|14 3|1 8|12 10|12 9|12 7|10 9|11 11|13 9|11 7|12 6|6 10|10 12|16 7|13 11|14 10|14 8|8 7|13 12|12 8|11 6|14 7|10 9|16 6|10 6|6 11|14 11|7 11|9 12|14 7|13 7|12 11|12 9|16 7|11 11|7 8|14 8|13 10|15 12|8 4|13 11|15 12|12 9|10 5|10 9|15 8|11 6|14 12|10 11|12 8|15 11|8 11|13 8|9 12|13 10|14 10|16 9|14 10|14 12|8 11|13 7|11 12|13 6|13 12|13 10|4 11|18 11|12 8|9 8|13 12|12 10|15 10|13 12|9 9|10 8|11 9|9 8|14 12|7 11|13 11|11 11|2 12|14 12|8 8|12 10|10 11|10 10|12 7|11 11|15 12|6 7|12 11|15 12|fitness = 84.77408944790777|time = 437.4658526851283|true
27 solution:
7 7|14 6|6 7|15 11|11 11|10 12|15 11|12 12|12 10|5 8|12 11|13 9|8 6|8 11|11 5|10 6|7 9|2 11|16 8|8 12|9 9|7 10|9 6|16 4|6 9|9 8|14 10|6 9|15 11|6 11|14 5|10 2|17 11|15 6|10 6|9 8|13 9|14 7|11 4|7 10|9 9|9 7|9 8|15 6|15 4|16 7|14 12|16 12|6 9|9 7|9 8|16 11|14 5|13 6|8 8|12 2|8 3|14 6|12 11|8 10|5 7|13 12|12 7|4 6|10 8|6 7|8 11|13 10|10 9|16 7|13 10|15 7|7 6|8 8|2 10|10 11|17 6|9 6|15 7|12 11|7 8|9 10|12 9|13 8|7 10|2 10|16 10|6 6|7 6|17 7|15 12|2 9|7 8|10 11|11 11|3 7|16 10|12 11|15 11|16 11|15 8|17 7|11 12|6 7|9 8|7 7|11 11|13 8|4 9|9 7|8 12|15 9|12 11|16 12|14 5|12 7|17 9|6 9|9 8|7 7|12 8|1 8|14 3|4 6|14 12|9 11|8 10|15 11|12 7|15 11|10 10|16 11|11 7|12 10|13 12|7 3|14 9|11 11|4 8|16 6|16 7|11 7|14 10|8 6|9 9|12 10|3 11|11 10|11 8|12 9|4 9|14 7|9 7|4 11|14 9|14 7|15 11|7 10|14 10|13 11|13 3|6 10|14 11|11 7|13 7|15 10|9 7|7 8|11 5|16 2|13 8|5 9|12 10|9 8|14 8|15 9|16 11|10 9|12 8|8 5|15 9|12 5|13 6|3 7|12 9|9 6|14 11|11 7|13 10|12 11|8 6|15 4|14 11|9 12|15 9|8 11|15 6|12 11|10 2|15 8|15 6|5 10|12 9|1 9|10 9|15 11|16 4|9 8|6 8|15 11|fitness = 84.65554129580785|time = 437.95245477572087|true
28 solution:
13 8|13 10|14 6|15 9|11 10|7 10|9 10|11 11|12 7|12 11|9 6|4 7|14 6|15 11|11 9|5 12|15 9|7 8|12 5|5 11|9 12|14 6|12 6|8 10|7 2|14 3|8 7|12 7|8 8|10 10|12 9|14 12|5 7|14 10|14 10|10 9|8 7|7 7|15 6|12 8|6 10|13 6|10 11|14 11|11 4|7 11|6 8|11 6|15 6|12 7|12 8|14 6|14 1|14 7|15 9|10 10|14 11|13 8|15 8|13 11|15 7|12 11|14 11|14 7|9 7|12 6|12 11|1 5|14 10|5 7|12 8|15 12|15 4|12 8|13 11|13 10|15 11|9 10|15 9|10 11|9 8|14 8|9 8|7 2|6 9|14 10|10 10|12 11|13 7|14 10|5 11|11 8|12 7|15 12|10 11|15 8|13 10|4 5|3 10|11 11|10 11|10 6|7 8|15 8|15 9|13 12|9 8|12 10|15 7|12 9|6 11|16 11|3 11|3 12|14 6|15 6|9 8|12 10|7 10|12 8|12 7|14 8|12 11|15 8|15 7|13 9|9 11|10 11|14 12|14 7|12 8|9 9|14 12|14 7|15 7|5 11|6 9|9 6|7 8|7 10|14 12|7 8|14 12|13 12|11 8|15 7|6 8|14 4|13 6|14 11|15 12|9 8|16 12|10 11|3 12|10 4|13 11|12 10|13 11|13 11|5 11|9 10|14 8|12 10|4 10|4 8|12 10|9 12|8 12|9 6|12 9|11 11|3 11|9 6|3 12|15 6|11 12|6 12|9 9|12 12|9 6|12 8|3 10|15 11|14 10|11 9|12 11|12 5|6 5|11 12|5 6|10 6|14 12|6 5|14 7|15 11|15 7|15 8|15 12|14 12|15 9|10 10|16 11|10 9|15 11|8 6|15 5|8 12|7 12|14 11|fitness = 87.19469476625152|time = 433.89570257038673|true
29 solution:
14 8|13 6|12 4|14 12|10 5|10 7|15 6|14 5|10 8|9 8|11 12|9 11|9 10|10 11|14 11|14 6|14 9|12 9|12 10|12 7|14 7|14 9|14 12|11 6|7 11|7 5|5 7|12 10|10 6|6 7|10 11|13 12|9 8|11 9|13 10|8 7|8 7|15 11|12 10|15 12|13 10|12 7|15 11|12 9|6 10|13 11|12 10|9 7|7 12|12 10|11 11|15 4|12 5|14 8|12 7|8 11|9 7|11 6|9 8|13 12|11 11|6 12|7 5|5 8|13 12|12 11|6 8|10 11|8 11|10 9|5 6|16 8|5 7|10 9|9 11|15 8|9 11|12 7|15 9|13 8|12 8|12 11|6 7|12 11|12 9|8 11|14 10|7 7|14 8|12 7|12 7|12 7|3 4|8 9|10 12|10 9|16 12|14 9|9 11|14 10|5 8|8 12|13 10|15 7|9 6|8 10|15 8|14 12|10 7|14 5|12 11|5 7|9 8|11 10|14 10|12 12|14 7|10 6|15 8|9 7|14 11|14 7|14 8|13 10|10 10|14 9|15 8|3 10|10 8|14 10|10 7|14 10|6 12|9 10|6 11|15 6|12 11|11 10|4 11|11 7|15 9|9 8|10 8|9 7|9 8|12 11|12 11|5 9|13 11|10 8|13 9|14 7|8 7|12 12|14 12|12 10|14 8|9 9|12 9|15 11|10 9|10 11|7 8|15 6|6 7|8 9|14 8|10 11|15 6|12 10|14 5|14 11|15 10|8 7|14 9|10 8|14 10|10 8|12 6|11 11|9 6|12 6|6 6|14 11|14 11|11 8|15 10|9 5|12 9|16 8|12 12|13 6|12 11|11 9|9 12|5 10|11 11|10 11|6 8|10 11|13 3|10 5|5 9|12 6|6 10|12 8|12 9|7 10|9 9|5 11|fitness = 86.487339737547|time = 441.4768273742675|true
30 solution:
3 7|2 2|11 7|15 10|3 10|7 7|14 5|14 11|12 9|10 11|14 9|13 10|13 9|10 11|16 11|14 11|13 7|7 12|11 11|12 8|11 9|15 10|15 9|7 8|10 9|7 7|14 10|6 11|15 9|14 7|10 8|6 11|12 7|15 10|11 9|5 8|7 12|12 7|2 9|10 7|10 5|11 11|13 11|12 9|11 11|6 6|10 8|13 10|12 10|10 5|12 8|4 8|14 6|4 12|12 5|6 11|14 6|10 6|10 10|15 8|8 8|13 7|6 7|9 8|10 3|10 11|8 7|6 7|12 9|4 6|9 10|12 10|12 11|6 7|7 8|10 10|15 5|9 11|9 10|6 9|15 6|14 7|7 7|3 12|9 3|13 7|14 11|14 7|15 5|15 7|8 11|11 11|7 6|12 5|2 12|1 5|10 8|8 11|12 6|12 8|15 6|9 12|2 9|12 6|6 7|14 8|12 7|8 4|14 6|15 5|14 8|12 7|11 12|13 12|14 8|5 4|7 7|12 9|8 7|15 9|7 8|14 8|14 12|10 5|12 7|9 9|9 6|14 8|15 10|15 6|7 7|12 11|12 7|9 11|12 12|14 8|7 12|10 11|3 3|9 2|8 7|14 6|5 8|7 3|11 11|5 8|10 6|14 7|11 10|14 5|8 6|15 11|12 10|7 11|14 6|9 9|1 7|10 5|4 8|5 11|6 12|13 11|12 11|14 12|4 11|11 11|15 10|9 11|15 4|10 11|10 9|9 8|12 11|12 11|5 8|7 11|8 10|12 10|13 6|11 8|12 11|4 11|12 11|16 11|3 5|8 8|9 5|15 9|13 6|14 9|10 6|6 12|14 10|11 4|9 11|5 8|1 11|7 1|2 11|14 7|10 12|10 10|13 8|12 7|7 11|14 6|12 8|15 9|6 11|10 10|fitness = 85.87275534839074|time = 446.74187403494443|true
31 solution:
3 7|11 10|9 10|16 11|14 7|16 11|10 8|14 6|14 10|4 10|6 9|15 11|10 5|16 6|8 11|12 9|8 11|14 7|13 12|12 9|13 8|3 10|15 7|12 12|12 5|8 6|15 9|7 4|2 7|15 9|12 11|7 6|14 11|8 12|6 5|13 12|13 11|10 8|18 6|11 8|8 10|11 8|8 8|9 7|12 7|14 7|14 10|12 10|11 11|15 7|15 4|15 8|14 7|10 11|15 12|6 11|15 8|10 11|12 8|13 9|4 10|5 11|13 2|14 5|9 8|9 11|14 11|14 11|15 9|6 10|14 10|5 12|7 6|16 11|9 11|6 9|8 12|3 8|13 10|12 12|12 8|12 9|14 11|9 7|8 12|17 6|17 6|6 9|3 8|18 11|7 11|15 7|12 11|14 12|14 12|11 7|8 8|10 12|10 8|11 6|10 8|14 4|13 12|3 9|16 7|18 6|10 4|12 12|14 10|17 8|14 10|10 6|14 10|12 5|14 11|11 11|7 7|15 7|9 8|16 8|12 2|15 6|14 11|14 11|11 12|18 2|11 9|9 8|9 11|2 11|13 10|7 7|14 5|12 4|12 12|7 9|11 9|2 7|12 10|8 2|5 12|9 6|9 9|12 11|12 10|6 10|18 8|5 12|12 12|10 11|8 5|7 8|10 9|12 8|8 10|10 11|10 12|14 2|10 6|5 8|10 9|8 7|14 10|14 12|6 8|12 4|16 4|12 8|10 12|11 11|11 6|12 12|10 6|12 10|6 8|9 7|7 7|10 8|15 6|11 12|13 11|9 9|16 11|15 10|12 10|12 12|14 7|6 8|16 12|12 9|12 7|14 8|14 9|9 9|10 9|10 9|6 11|12 7|7 7|10 8|16 10|15 8|8 8|15 8|12 6|12 10|11 11|14 11|15 5|17 1|fitness = 85.84262471350546|time = 422.5779126409957|true
32 solution:
7 8|17 2|7 7|14 10|12 8|10 11|11 11|12 7|12 11|16 11|12 8|17 6|9 6|12 11|14 4|12 12|9 8|9 12|8 6|12 5|6 9|11 8|18 12|12 8|14 10|14 5|12 7|10 11|12 6|15 12|13 8|15 11|13 11|15 10|6 9|12 12|4 8|18 11|12 9|11 11|14 8|10 6|12 10|11 12|9 5|6 9|5 10|10 12|12 12|14 8|14 9|18 10|16 8|14 12|13 11|15 10|12 7|12 9|16 6|15 11|14 8|14 9|9 10|7 10|9 12|14 8|12 7|12 10|6 8|12 9|14 8|14 7|10 11|12 8|12 7|15 12|11 6|13 8|10 11|7 10|7 8|10 11|14 12|16 6|14 10|12 10|12 9|13 5|6 7|14 12|13 11|10 11|8 11|13 11|13 10|12 7|18 11|12 10|12 12|7 12|14 7|13 7|12 3|12 10|9 8|13 9|12 6|7 7|11 12|13 7|5 11|15 6|14 7|15 9|12 11|14 12|7 12|12 11|14 12|15 11|9 4|12 9|10 11|7 8|7 11|14 12|11 7|15 9|12 8|14 10|16 9|12 5|15 10|14 8|9 12|15 9|11 8|15 7|11 5|12 8|9 5|14 6|15 10|12 8|13 9|11 10|14 12|11 11|9 8|12 9|14 10|5 12|15 9|14 11|6 11|4 7|17 7|11 7|14 6|7 11|16 7|9 9|13 11|13 10|14 11|11 10|12 4|11 11|6 9|12 7|12 7|13 8|14 10|11 11|8 12|12 10|10 8|16 11|9 8|8 11|12 10|12 9|10 11|15 11|10 11|13 6|6 10|15 8|12 12|15 11|14 7|16 8|9 8|12 9|12 12|15 9|7 7|15 6|16 11|5 7|13 11|8 11|15 11|12 8|12 6|9 10|13 9|12 8|9 5|10 11|fitness = 86.96840343858804|time = 442.0680157082799|true
33 solution:
8 6|12 11|8 11|16 11|11 6|3 7|6 11|14 9|14 8|4 6|2 11|5 8|5 10|11 8|10 8|11 11|15 6|14 8|17 8|7 12|14 10|10 5|15 7|12 7|11 8|8 11|17 8|14 11|10 8|17 12|10 8|7 10|15 11|14 8|5 12|13 11|9 6|14 7|15 11|8 4|14 12|5 8|9 9|4 11|12 12|9 4|10 5|5 11|12 12|8 10|15 6|12 10|10 6|13 6|10 8|10 12|16 11|11 7|12 8|8 8|9 10|8 12|14 5|3 12|3 9|13 6|16 7|9 3|10 9|10 11|15 12|7 10|16 12|7 10|11 9|14 9|10 7|5 6|10 8|15 6|11 11|5 12|6 4|10 8|10 6|14 6|18 10|5 8|18 8|11 8|10 12|12 10|11 10|9 10|14 10|11 10|10 5|9 12|12 11|15 11|12 7|10 7|12 10|17 11|17 9|17 7|7 11|15 6|15 5|8 8|13 10|14 5|9 12|13 10|14 8|9 5|11 8|15 7|15 12|16 10|18 12|10 8|10 11|11 11|7 1|5 6|14 6|9 10|7 12|5 8|5 12|8 10|16 12|9 11|11 6|16 8|15 6|3 9|13 10|13 9|10 9|9 11|1 6|15 8|14 8|12 11|1 6|16 8|11 7|6 8|9 11|6 7|6 11|12 7|7 11|16 11|8 10|14 10|13 11|16 7|13 3|14 6|15 6|11 12|9 8|15 9|7 11|1 12|4 10|7 7|12 11|12 10|8 7|12 8|15 8|6 9|12 6|13 7|17 7|11 6|11 11|12 5|15 6|10 7|7 8|7 3|3 11|10 10|15 11|8 5|10 6|10 11|17 9|10 7|9 7|7 8|17 11|12 2|8 12|16 6|15 11|15 12|11 10|11 9|13 4|10 5|15 10|13 10|17 7|5 7|fitness = 84.07712943114574|time = 443.6411163087213|true
34 solution:
12 12|14 8|11 7|4 6|16 12|18 6|14 11|10 11|8 12|9 9|14 7|12 8|5 9|15 8|11 11|13 11|14 6|8 7|11 8|13 5|12 11|16 11|10 10|9 9|3 8|13 0|14 7|4 11|7 6|11 12|14 12|14 8|3 7|9 5|14 7|8 8|13 6|15 5|10 11|13 11|14 6|15 6|8 10|5 11|12 10|14 11|8 11|14 10|16 6|10 6|7 6|7 10|16 8|10 8|13 11|2 11|14 11|15 10|5 4|13 9|12 8|15 11|15 8|11 11|12 8|10 4|14 6|6 11|13 5|13 9|7 8|5 6|16 12|7 8|15 8|17 12|4 10|10 5|10 10|12 7|11 10|12 11|12 6|18 11|12 7|12 7|12 6|11 12|9 9|12 6|7 11|11 11|17 10|10 8|10 6|11 9|6 10|12 6|9 7|9 8|9 9|10 8|11 7|15 8|14 11|14 12|15 10|6 8|11 9|14 10|13 9|15 4|14 5|16 11|7 12|3 9|6 8|17 10|9 6|15 9|7 11|8 2|6 10|12 8|9 4|5 7|13 9|9 10|12 11|12 7|10 8|9 11|12 10|16 4|10 9|11 8|8 2|4 6|7 11|12 7|3 8|16 10|14 6|14 11|10 6|9 6|15 8|4 7|12 10|3 7|14 6|5 7|10 11|17 8|11 12|12 7|15 6|7 7|12 5|12 9|13 6|11 7|14 9|10 8|13 6|6 8|11 9|12 9|8 9|15 6|5 5|10 11|13 11|14 11|18 7|15 9|16 7|9 8|15 11|12 12|9 10|14 6|11 8|14 10|8 10|11 11|15 6|4 7|15 7|7 10|15 9|8 5|14 4|15 9|8 5|16 11|8 10|11 11|5 7|12 10|14 6|10 8|12 6|5 8|9 8|16 8|7 11|16 12|14 10|10 9|fitness = 84.59090423421242|time = 423.97810067372313|true
35 solution:
14 9|13 3|6 8|7 11|9 11|14 10|14 9|8 11|12 10|11 10|12 6|17 9|10 11|12 11|12 8|5 5|5 10|10 11|10 6|13 6|14 7|11 8|9 7|11 7|9 6|9 10|10 10|12 9|9 11|14 5|8 10|10 5|15 6|11 8|11 9|5 6|15 4|7 8|11 11|13 4|13 11|13 7|14 4|12 10|11 10|16 9|4 2|12 11|16 4|12 10|11 7|16 10|8 11|5 7|14 9|11 4|14 8|11 11|13 5|10 7|12 10|10 10|10 10|4 4|12 5|15 6|15 11|15 11|10 9|15 6|12 9|5 10|9 11|9 10|8 7|9 6|6 11|14 7|7 9|17 11|13 9|10 11|13 11|12 8|6 9|12 9|6 8|15 12|12 7|9 11|3 9|10 10|14 11|14 11|15 8|12 10|9 2|12 6|15 6|6 11|10 8|9 9|9 9|11 10|16 8|11 7|11 6|10 12|12 10|12 8|4 10|14 5|12 6|10 8|12 11|5 6|6 10|9 9|14 8|12 8|9 9|12 8|5 6|13 8|9 5|15 7|14 10|16 11|12 6|15 8|13 6|15 11|9 3|6 9|14 7|12 8|8 9|7 3|3 9|12 11|8 8|13 8|5 10|9 6|10 8|9 7|6 11|5 9|13 7|3 7|9 9|2 6|13 6|13 9|14 6|15 9|14 11|11 10|12 6|14 7|10 12|15 7|8 8|14 10|13 4|8 7|15 10|14 8|15 11|5 3|12 10|12 2|15 6|14 9|10 4|10 10|14 9|10 8|6 11|10 8|15 10|14 5|7 12|6 7|9 8|8 7|12 5|12 10|12 10|12 7|10 7|11 6|9 8|14 8|11 8|11 11|12 10|14 7|7 8|16 10|13 9|2 9|14 8|10 7|12 4|12 10|15 8|10 11|4 8|15 9|fitness = 84.42904724239001|time = 419.7828990607127|true
36 solution:
11 4|12 12|12 8|12 6|14 7|11 11|12 7|11 12|15 2|14 7|8 11|10 9|6 9|10 11|13 11|14 10|15 8|3 10|5 8|10 9|9 8|11 10|15 11|15 11|5 11|9 2|12 11|11 3|8 8|8 5|12 12|7 11|15 8|9 8|14 10|12 8|14 12|5 10|3 4|15 3|4 12|10 6|12 10|15 7|14 7|9 11|6 9|3 10|15 9|9 11|18 11|16 11|12 11|15 8|8 5|16 7|12 4|10 8|9 8|15 7|8 6|12 9|12 6|9 9|14 10|3 6|4 8|10 11|7 11|12 11|14 12|11 8|17 11|8 10|4 10|15 9|7 11|10 7|8 12|14 8|14 12|8 8|12 10|15 3|9 11|9 6|14 8|15 4|11 7|12 7|12 10|10 12|12 10|10 6|8 10|8 9|12 6|15 9|7 7|14 6|11 9|3 10|13 11|12 4|6 10|7 11|15 5|10 6|12 6|16 4|14 7|12 10|7 11|12 9|10 7|14 10|14 10|6 11|7 7|3 10|12 2|6 10|7 7|12 10|2 4|5 8|12 10|10 11|7 11|12 12|14 10|7 10|7 10|6 11|12 12|9 5|10 6|13 12|12 12|16 12|3 8|14 9|10 9|14 7|8 8|7 8|1 6|15 3|12 7|15 9|9 8|10 11|8 12|13 11|14 7|11 11|10 4|9 9|12 5|12 11|10 10|3 11|12 11|14 4|10 6|14 4|9 7|7 12|15 8|12 8|3 4|8 8|12 5|14 10|10 11|8 10|15 10|15 12|12 7|12 10|12 11|12 6|4 11|9 6|14 11|6 8|12 9|15 8|12 5|2 10|3 12|12 5|10 10|8 4|5 3|8 6|9 6|12 10|14 9|7 9|11 11|15 8|9 11|15 8|12 9|11 11|14 6|7 11|15 7|14 11|fitness = 86.13702254778873|time = 443.01718729601686|true
37 solution:
8 8|14 6|12 12|18 7|11 8|10 7|8 11|13 9|8 8|13 12|11 12|13 9|15 11|9 12|12 11|13 8|11 10|11 12|10 10|13 6|14 4|10 9|11 11|8 7|5 9|14 6|3 8|12 5|12 7|12 11|11 7|9 8|15 6|14 9|12 10|13 9|13 10|13 8|12 6|14 9|9 8|11 10|15 6|13 8|11 6|7 6|8 7|12 8|8 7|10 8|16 12|14 11|13 10|8 10|8 6|11 11|8 6|12 7|4 7|10 9|13 12|12 10|14 9|4 5|13 12|12 9|10 5|14 10|10 8|12 10|13 11|6 9|13 10|11 12|12 9|5 11|4 7|6 12|12 12|11 9|14 3|9 8|9 11|9 10|6 9|11 9|14 6|11 6|15 5|6 10|12 9|13 10|11 10|9 11|11 11|15 8|6 11|10 5|6 10|8 11|13 11|16 6|4 7|12 11|6 7|16 7|10 10|14 9|9 7|6 6|12 12|11 6|12 6|9 7|12 5|4 6|10 11|14 6|14 11|12 8|12 12|14 10|14 8|16 9|10 9|16 11|14 11|13 7|10 11|3 8|14 8|14 11|8 8|13 7|9 9|5 9|9 7|9 2|9 7|11 7|13 10|10 9|10 11|13 6|10 8|14 8|13 8|6 6|10 5|6 6|14 11|9 7|6 8|11 9|5 11|16 9|10 7|14 4|15 6|14 11|14 7|7 6|6 5|11 9|11 7|14 4|13 7|12 9|10 7|13 6|17 8|7 6|11 7|14 9|10 9|4 11|14 8|11 7|15 9|17 9|9 11|10 8|13 11|9 12|11 11|8 11|12 9|12 12|16 9|9 8|11 11|9 11|9 8|9 8|10 9|6 7|11 8|13 7|7 8|12 9|15 10|11 12|13 8|4 10|10 11|10 11|13 11|15 10|14 5|14 8|fitness = 83.8158662376072|time = 421.7869092240311|true
38 solution:
6 10|15 7|9 6|1 6|14 7|6 8|12 7|6 3|14 8|13 6|15 8|12 10|12 11|11 8|5 10|7 10|3 10|9 11|16 8|12 4|5 10|12 5|14 10|7 10|5 3|14 8|12 5|14 9|14 7|13 6|7 7|9 5|9 11|13 9|13 5|15 6|9 6|9 8|9 9|7 6|4 11|15 7|14 8|11 10|12 11|13 11|11 6|3 9|5 8|12 5|9 8|5 11|9 8|4 11|6 11|12 7|2 7|9 6|8 11|15 11|10 9|8 10|11 8|13 9|6 9|10 11|9 7|6 10|6 8|7 7|12 10|8 6|11 11|15 6|9 7|6 10|9 4|12 10|8 10|14 6|10 10|11 9|11 4|9 10|1 8|13 6|9 5|11 8|9 8|12 11|7 11|8 10|16 4|9 6|15 3|10 8|11 9|7 10|10 6|3 4|11 11|12 4|12 8|11 8|7 9|7 7|12 10|9 8|14 9|12 8|12 8|11 7|13 10|6 10|12 7|14 11|7 11|8 11|12 6|7 8|9 1|9 5|14 11|15 12|14 9|16 9|10 11|8 11|12 10|14 6|13 9|9 11|10 7|13 11|12 8|3 9|15 8|15 11|14 11|6 11|6 8|12 8|8 8|6 5|12 6|8 9|11 8|10 12|13 11|5 6|12 6|15 4|12 9|14 4|15 9|12 10|10 11|14 10|5 10|13 8|8 11|4 11|12 6|10 9|9 11|16 6|6 10|12 10|6 6|3 11|14 7|12 10|13 11|14 4|12 10|9 10|8 7|10 9|11 9|14 8|10 11|7 8|11 8|11 5|13 10|14 5|6 11|9 11|2 8|15 4|16 6|4 12|10 7|11 9|11 9|1 7|16 8|14 10|12 12|13 9|7 5|13 5|5 3|15 8|11 8|7 9|7 10|4 11|10 7|7 10|fitness = 84.71419041207211|time = 445.27052711642006|true
39 solution:
6 10|14 11|11 8|10 9|8 6|9 8|11 9|10 11|9 11|3 10|10 11|11 9|4 5|7 10|9 11|5 9|6 8|14 6|10 12|9 7|12 10|10 12|10 11|10 9|6 6|14 7|14 7|13 7|15 7|7 10|11 7|12 10|14 8|11 12|8 9|10 7|14 6|9 10|6 9|2 11|8 7|9 7|8 6|12 11|9 7|8 10|9 9|12 8|7 8|14 11|8 10|11 11|14 7|6 11|14 12|13 8|12 7|12 10|11 8|12 9|14 5|16 9|5 5|8 8|9 12|13 11|10 9|5 11|6 11|14 7|14 5|11 12|11 12|3 12|6 5|13 9|14 4|17 7|11 9|4 10|12 3|9 11|13 12|12 3|11 7|13 12|9 9|17 6|2 10|12 12|7 12|10 9|14 6|14 10|5 11|15 7|12 7|9 10|12 12|5 7|9 10|8 9|14 3|7 11|5 11|12 10|7 9|12 4|13 12|5 6|15 12|9 6|11 9|13 7|14 6|6 11|5 6|10 11|12 7|3 5|7 11|5 8|11 8|13 11|7 4|12 11|10 8|9 9|9 8|9 11|12 6|9 9|6 9|5 12|11 3|9 7|6 12|9 9|14 9|11 7|3 8|9 11|11 10|8 11|14 7|12 7|4 4|9 9|6 8|10 12|1 7|8 12|9 12|14 8|13 6|9 9|14 8|13 7|14 10|15 8|11 10|10 11|12 7|10 11|5 11|8 11|12 8|12 7|5 10|13 12|11 10|12 11|7 10|10 7|13 10|11 11|13 9|10 12|12 5|6 11|3 7|7 9|9 6|10 11|1 7|10 5|10 6|13 11|15 10|13 7|14 7|13 5|6 8|14 11|14 11|8 10|13 11|12 8|13 11|12 11|17 8|2 8|8 7|7 2|8 10|11 8|3 11|4 6|11 8|6 7|fitness = 83.97259846858721|time = 449.73671644841977|true
40 solution:
12 11|12 8|12 11|15 9|8 8|14 12|11 6|7 12|10 12|10 7|14 7|12 10|7 8|14 6|12 7|4 7|16 9|14 9|12 7|10 6|9 9|10 6|9 11|9 11|12 7|9 6|16 9|13 11|15 8|15 9|17 6|9 10|11 11|16 10|8 11|14 10|8 8|10 8|12 11|15 10|17 6|13 11|6 9|10 6|14 12|8 7|9 8|15 7|13 6|12 9|10 7|6 7|12 8|12 7|14 10|7 9|11 8|11 12|14 12|9 6|2 6|15 9|16 7|16 7|9 9|13 6|12 8|14 6|12 6|10 10|14 8|15 10|15 9|12 8|15 10|10 12|10 11|12 11|8 6|11 10|14 5|14 10|14 7|10 8|9 7|10 7|10 11|8 6|11 7|14 7|11 11|15 7|6 6|5 11|14 11|6 7|7 8|4 6|6 7|9 5|8 11|12 8|13 5|11 7|7 8|13 10|14 9|10 12|8 10|13 6|18 8|10 6|15 8|13 9|14 6|10 10|14 8|13 6|11 11|11 7|11 5|6 5|14 7|2 8|9 5|7 10|16 8|14 7|6 8|16 11|13 8|3 8|8 5|11 7|9 7|11 6|13 7|14 10|9 6|12 9|11 10|15 9|5 11|10 11|14 7|14 11|11 9|6 11|12 10|14 9|14 10|10 5|12 6|9 9|7 12|14 11|13 5|9 10|9 12|9 10|13 9|6 9|6 10|8 8|12 10|13 10|6 8|8 10|15 7|9 8|12 10|14 6|8 11|14 11|9 11|3 10|8 9|14 8|7 12|12 11|9 7|10 11|15 10|11 11|9 10|14 8|13 7|15 11|14 10|7 9|6 9|3 7|14 5|14 8|6 8|6 7|8 10|7 11|13 8|8 11|10 8|11 11|9 8|10 6|10 8|13 11|8 10|13 6|8 7|6 12|fitness = 85.32775904342913|time = 425.19622444324136|true
41 solution:
14 9|12 11|15 6|15 11|6 9|14 11|11 7|15 8|15 12|12 7|11 11|10 10|13 4|15 7|7 10|12 7|8 9|9 8|13 6|12 9|5 6|9 5|9 10|14 12|7 10|11 6|7 11|12 6|15 10|10 11|10 9|10 11|12 8|12 10|11 11|15 8|6 9|4 8|14 12|9 8|8 8|12 6|13 8|10 11|13 10|10 7|15 9|13 10|13 10|13 9|6 9|12 8|14 12|15 6|10 10|4 4|12 9|10 9|15 6|12 6|6 11|13 7|12 11|13 11|12 10|9 6|9 11|9 11|8 8|9 12|12 6|12 10|9 7|9 12|8 6|13 4|11 12|11 8|15 8|13 10|7 5|16 8|9 8|10 11|3 7|3 8|14 12|13 11|6 8|10 8|10 8|13 7|12 8|15 6|6 5|17 7|14 9|14 10|11 7|8 9|11 10|13 8|10 9|16 11|10 8|13 12|13 9|6 8|8 8|16 11|15 9|13 10|7 6|11 12|12 12|12 7|11 10|12 11|7 10|14 8|14 9|12 10|12 11|11 11|8 6|9 8|4 11|9 8|10 10|11 10|14 9|5 8|9 8|12 7|7 6|10 12|12 7|9 10|9 6|9 7|15 7|10 8|15 7|12 11|7 11|7 4|14 11|14 11|14 7|11 9|9 9|5 8|2 10|2 7|7 5|9 8|11 11|12 8|16 12|11 11|11 11|6 11|12 11|15 7|10 9|6 5|8 11|9 9|6 11|7 6|11 11|1 7|15 11|9 9|14 10|2 4|10 8|6 5|10 8|8 11|6 11|7 12|15 8|12 12|13 8|11 7|12 8|10 6|16 11|8 7|13 10|11 6|9 7|10 11|10 11|16 6|10 9|9 8|12 8|10 11|12 9|14 6|15 11|14 10|13 11|5 8|13 11|12 10|12 6|6 6|fitness = 86.09232383764153|time = 448.792159786931|true
42 solution:
15 9|13 11|10 9|13 8|13 11|10 9|9 11|12 10|15 10|9 10|10 11|14 8|10 6|11 11|7 9|9 11|15 12|10 6|13 6|13 9|13 11|10 9|12 11|10 5|15 8|15 12|9 11|9 10|12 9|6 12|12 12|10 7|11 7|12 10|11 11|6 5|9 7|10 7|12 7|15 9|14 6|4 6|10 6|14 11|8 7|15 11|13 11|14 9|7 9|12 8|14 7|7 10|11 11|11 6|13 7|13 8|15 8|13 10|16 11|11 10|12 7|10 8|15 9|3 8|12 9|8 7|8 11|17 7|8 11|14 8|10 6|10 11|12 9|13 8|13 12|14 12|5 12|7 10|11 11|9 8|14 6|2 6|5 11|15 6|7 4|7 8|14 11|13 8|13 12|9 8|12 10|15 11|7 6|14 9|12 2|2 6|14 8|12 8|12 7|12 7|10 11|16 8|10 9|16 8|12 11|14 12|10 5|10 12|16 5|11 11|3 10|14 9|10 5|15 2|12 8|12 10|12 5|14 12|17 6|7 7|8 12|9 10|12 9|12 11|12 10|9 11|12 12|6 7|12 12|13 7|12 10|13 10|3 9|9 10|11 5|9 10|13 8|10 8|11 6|9 8|9 12|14 9|13 11|6 11|15 6|9 12|14 9|12 7|15 6|14 7|11 8|7 9|9 8|14 10|13 7|12 8|12 9|15 11|15 7|12 7|7 5|14 12|10 10|12 10|12 9|7 10|14 12|12 7|12 7|13 6|15 9|7 10|6 12|14 10|12 8|10 11|10 10|14 7|10 7|7 6|13 11|12 9|4 11|12 12|14 12|15 10|13 7|12 7|10 11|16 12|5 5|10 9|9 11|12 10|12 6|12 11|13 11|14 10|15 11|12 10|12 7|14 10|11 11|14 10|12 7|14 6|14 7|13 7|14 12|9 9|fitness = 85.58849108171894|time = 439.5757086187388|true
43 solution:
5 9|13 9|12 6|2 5|9 11|7 11|2 7|9 11|10 8|3 10|12 11|14 10|17 6|11 12|3 9|9 7|12 10|10 9|8 7|18 11|13 9|8 8|12 11|14 10|8 4|11 11|14 7|9 10|14 5|6 8|15 12|7 6|10 8|9 7|8 6|6 10|3 9|15 9|4 5|14 11|10 7|17 10|11 12|15 7|15 11|10 11|9 12|15 7|4 5|6 2|6 11|13 10|12 10|14 8|11 6|5 7|7 11|13 10|15 5|15 12|14 12|15 8|12 8|12 10|8 8|11 11|6 8|14 8|12 7|11 8|9 6|12 9|11 8|11 9|10 6|7 7|6 10|5 10|13 12|14 8|10 8|14 4|14 12|10 11|6 11|11 10|14 6|16 11|12 10|11 11|14 9|15 4|9 7|5 10|13 11|10 8|10 8|14 2|14 12|7 12|12 2|2 8|15 6|9 9|11 11|9 5|9 9|10 10|6 7|9 12|13 9|10 11|3 6|12 7|14 2|14 12|14 7|12 6|6 6|14 5|14 7|14 8|6 6|9 10|13 7|14 4|13 12|7 4|12 10|9 8|16 12|12 10|4 8|10 11|11 12|3 9|6 8|10 7|4 4|2 9|8 10|15 11|5 7|14 10|16 11|14 11|13 12|4 2|7 8|10 6|12 3|8 7|9 10|16 8|15 5|6 4|9 10|12 11|4 11|14 6|4 6|11 11|14 7|13 10|12 8|3 8|13 10|8 10|16 5|8 6|11 11|14 7|15 8|15 10|3 8|6 1|9 6|4 8|6 8|9 7|10 10|11 7|17 8|10 10|9 10|11 7|2 11|12 9|12 11|10 3|6 8|5 11|2 11|10 6|4 7|7 12|8 12|12 11|15 8|10 9|13 11|15 7|13 8|10 10|11 10|14 10|16 8|11 11|11 11|12 12|fitness = 85.14969429511186|time = 430.0275669258737|true
44 solution:
14 12|14 4|9 12|11 9|3 9|11 8|14 4|8 10|13 12|15 6|11 12|14 6|14 6|10 11|14 6|4 11|12 10|14 9|15 6|14 10|13 8|10 10|13 11|12 9|15 7|14 11|5 3|14 1|10 11|14 9|10 10|14 11|12 6|10 7|4 11|3 8|11 7|12 11|13 6|11 8|13 9|10 5|14 6|13 4|14 9|14 7|14 9|9 10|10 6|12 10|12 11|12 8|14 11|11 11|14 12|12 8|12 5|14 6|4 7|15 10|9 10|13 11|8 2|5 10|9 6|13 11|9 11|14 11|7 12|5 7|2 7|3 8|13 11|5 3|10 7|11 11|7 11|12 3|7 7|11 9|3 12|7 10|9 8|6 5|9 10|14 12|13 6|14 10|14 10|11 10|12 6|14 11|12 10|9 10|8 8|9 4|10 9|14 11|12 11|11 11|3 10|13 6|13 7|4 11|15 8|11 6|7 10|6 11|14 12|11 9|12 11|13 10|8 10|15 5|14 6|13 6|8 12|9 12|12 11|5 5|11 7|10 6|9 6|12 10|12 12|15 8|5 12|14 9|10 11|5 8|6 9|5 12|11 12|10 2|13 8|6 11|14 8|11 12|11 8|12 10|10 4|5 11|13 5|6 8|11 12|6 9|14 8|9 11|6 5|9 12|15 11|13 5|15 9|6 10|13 4|14 11|4 10|14 3|11 12|14 1|9 9|9 12|10 7|10 12|7 11|13 7|14 6|6 8|13 9|11 7|7 8|12 10|12 9|12 7|10 8|15 6|10 11|14 8|12 4|14 7|13 7|9 9|6 9|13 9|9 6|14 6|13 12|16 5|10 10|9 8|11 8|6 11|3 10|3 8|14 10|13 5|4 12|12 6|15 3|7 4|10 7|14 6|2 12|15 8|3 12|3 12|3 11|5 12|13 11|15 1|fitness = 84.77992806287136|time = 444.64708223085836|true
45 solution:
8 6|14 8|11 11|2 10|12 8|15 6|15 11|8 5|13 10|12 12|13 6|3 8|14 8|12 12|13 10|17 9|4 10|17 11|10 12|13 11|13 11|12 10|15 11|15 4|16 7|14 11|12 11|2 7|12 8|9 10|17 11|9 8|9 11|14 10|10 7|5 12|4 7|12 12|12 7|9 11|9 9|11 6|7 12|5 11|12 8|7 11|10 10|14 9|5 8|10 9|14 3|5 8|10 8|10 11|11 6|10 8|8 7|14 7|15 6|15 1|14 9|1 8|5 11|14 9|16 10|7 12|14 6|11 12|12 6|13 6|12 10|7 6|17 11|14 6|14 10|14 10|8 8|10 5|7 7|14 8|16 9|15 4|9 7|7 6|14 10|6 10|14 7|10 11|14 8|15 12|12 11|12 11|10 8|14 12|9 9|11 12|14 10|9 9|10 11|9 8|10 10|9 4|18 8|10 11|16 12|10 6|13 7|12 8|12 10|11 6|16 11|14 10|14 6|8 7|13 9|14 12|15 8|8 8|15 11|10 11|16 10|13 10|13 12|13 8|15 11|12 12|16 8|12 8|12 7|11 8|13 7|3 11|6 8|9 10|8 6|10 6|7 6|13 12|10 12|7 12|10 5|3 8|11 11|11 8|14 10|15 11|9 7|17 6|11 7|9 4|8 8|3 6|14 10|14 5|14 10|12 7|12 12|13 11|12 12|10 11|12 7|15 10|13 7|10 7|15 11|10 8|14 12|17 11|9 7|15 9|7 7|10 8|16 12|14 2|7 12|13 11|7 2|12 8|17 12|12 6|11 11|17 5|6 9|12 10|12 11|15 10|12 7|9 11|13 12|10 9|6 12|13 11|10 11|13 8|5 12|5 12|12 11|11 9|13 10|16 5|6 9|14 10|3 12|15 10|13 10|8 7|15 11|14 12|6 7|13 5|fitness = 85.4898573856761|time = 435.9839081203635|true
46 solution:
5 12|6 9|13 9|14 9|13 7|15 11|9 11|14 11|14 5|12 12|15 7|13 11|14 6|15 7|10 10|9 7|12 4|9 8|14 10|11 9|13 9|11 8|11 6|9 6|14 7|12 9|11 11|13 11|14 12|11 7|10 9|13 11|9 11|14 7|10 5|13 6|8 7|8 11|12 9|7 9|14 6|12 6|12 11|8 11|14 9|12 11|14 12|11 8|13 11|16 7|18 8|12 7|10 8|11 9|9 7|8 7|10 8|14 11|11 8|13 11|7 10|14 6|14 10|13 8|13 12|12 11|10 8|15 6|9 10|16 7|9 8|11 8|11 9|15 12|6 11|9 11|8 7|12 10|10 6|12 12|10 6|13 8|12 11|10 10|6 12|10 8|12 8|15 8|9 6|10 11|9 7|7 9|12 5|10 11|9 10|14 10|5 6|14 12|13 11|7 10|10 9|8 10|16 5|9 8|13 11|9 10|6 10|12 12|10 8|8 6|14 12|13 10|10 10|13 8|15 6|14 10|9 7|7 12|14 8|8 8|11 11|14 6|7 11|16 4|12 11|9 12|8 8|14 10|6 8|7 7|14 4|8 11|8 7|8 11|16 7|11 11|15 9|6 10|11 12|9 6|15 9|16 8|12 11|11 6|14 11|12 5|10 6|12 6|16 7|14 8|14 7|9 7|9 10|10 10|9 7|10 7|12 7|6 7|10 12|13 11|14 6|14 8|12 7|14 7|14 11|9 5|10 8|8 9|7 7|15 6|11 10|14 11|12 8|11 7|6 11|9 7|8 12|15 12|13 8|9 7|12 11|10 6|12 11|15 11|12 6|13 6|14 10|6 12|15 7|14 6|7 7|13 8|10 11|7 8|17 10|10 9|11 11|10 8|12 8|12 7|8 12|12 8|15 11|14 6|9 8|13 11|14 6|11 10|15 10|12 8|fitness = 86.044849632273|time = 447.11444089778075|true
47 solution:
13 11|11 10|10 3|6 9|14 10|14 10|15 11|8 9|11 10|11 10|12 7|16 12|10 11|14 12|15 9|17 8|16 8|15 6|12 12|14 11|1 12|10 9|15 9|12 5|13 10|17 10|8 7|12 7|13 11|10 9|9 11|12 7|11 11|13 7|12 11|11 9|14 10|12 11|7 9|15 12|9 8|6 9|11 10|13 12|16 8|9 11|14 6|14 8|12 12|12 8|2 11|9 8|12 10|10 12|12 12|14 7|13 6|15 9|11 2|12 12|12 12|13 12|10 10|8 9|10 8|15 9|14 7|10 11|14 11|10 8|9 8|6 9|7 11|14 8|11 9|3 12|8 11|7 8|9 9|16 12|12 9|18 10|13 11|13 10|12 9|10 7|10 7|14 10|12 12|6 7|14 8|10 11|13 10|11 7|8 8|11 11|10 8|14 8|6 8|7 10|6 10|9 11|9 6|12 10|15 5|9 11|10 9|10 9|10 9|5 5|15 10|8 7|14 7|17 8|11 12|9 12|15 6|8 8|14 12|14 9|12 6|13 11|15 6|4 12|12 9|9 7|9 11|12 12|9 12|14 10|13 9|13 11|14 12|14 11|7 10|15 12|12 10|16 7|11 6|13 9|16 12|12 5|14 7|5 5|10 9|13 9|16 7|12 9|6 12|14 8|15 8|7 10|12 7|10 10|13 11|9 10|13 8|10 11|12 12|16 7|10 11|16 12|9 9|11 12|12 4|13 5|12 11|14 10|14 9|12 10|10 8|10 12|10 10|9 8|10 11|13 8|12 11|12 10|12 11|15 7|11 9|7 8|14 7|9 11|12 6|10 11|15 8|12 7|7 10|14 4|10 11|15 11|5 8|5 12|13 5|8 8|13 10|8 10|13 7|9 11|7 7|15 6|12 6|15 10|14 10|10 6|15 8|15 11|9 11|12 9|fitness = 84.58813649732357|time = 449.5624249914275|true
48 solution:
13 9|12 5|15 11|12 11|15 6|16 12|15 7|13 8|7 7|17 10|12 6|4 6|12 8|12 6|9 11|8 11|18 7|15 9|15 10|14 10|9 12|11 6|8 6|8 6|11 6|5 11|15 11|14 11|16 11|9 12|15 5|9 6|2 9|14 3|1 9|8 8|10 6|9 12|15 9|9 10|16 9|6 11|15 11|14 8|13 5|15 9|14 5|5 10|4 11|10 11|14 7|14 6|7 3|11 8|14 10|9 9|14 6|4 2|13 11|14 12|12 11|7 11|3 12|7 4|14 11|9 8|12 10|8 11|14 5|16 7|6 12|15 2|12 9|13 2|7 10|15 10|15 12|12 10|6 9|9 11|9 9|5 11|7 8|14 9|1 6|12 3|14 12|15 7|7 12|9 12|14 10|12 11|11 12|15 7|16 8|10 8|16 5|14 6|16 7|6 11|11 7|12 10|13 7|11 10|13 10|7 9|9 12|12 5|7 8|11 9|5 9|12 6|12 7|11 6|11 7|8 11|9 9|6 1|6 8|10 8|13 6|11 11|6 12|7 11|14 12|9 9|3 8|14 12|15 6|9 6|8 7|15 10|6 1|14 9|6 8|5 6|10 8|8 8|7 4|12 10|14 8|9 7|14 5|11 2|15 7|4 9|6 11|11 8|11 10|15 11|12 11|15 9|7 8|12 7|2 8|10 11|11 11|13 3|12 10|10 6|14 6|2 6|12 7|15 7|13 11|12 9|11 6|12 6|13 5|7 6|5 10|14 9|14 10|15 12|15 11|7 11|1 10|12 10|6 7|15 4|9 7|12 12|11 8|5 8|2 12|13 9|13 6|6 9|9 11|10 10|9 7|12 9|9 8|13 8|9 12|14 12|14 10|6 9|14 12|10 12|7 11|14 10|14 8|5 6|14 8|6 10|11 11|5 12|14 7|3 8|fitness = 85.08873013948913|time = 403.3501456166579|true
49 solution:
16 6|13 10|9 11|10 10|6 10|13 10|12 9|14 11|7 12|14 11|12 11|11 9|14 12|12 12|14 9|9 9|14 10|11 8|10 8|6 8|16 11|11 11|14 8|15 6|11 8|7 8|9 10|16 6|14 10|15 12|9 10|9 10|15 3|13 9|14 10|8 8|9 7|6 7|10 7|7 12|13 10|13 7|12 6|14 7|11 12|14 6|11 8|14 7|10 11|7 8|13 7|14 11|12 10|15 6|10 8|12 11|3 12|13 7|3 7|15 11|12 11|12 8|10 11|10 9|14 12|12 12|10 11|10 9|14 10|8 7|11 9|15 9|12 10|9 11|10 7|15 7|9 7|15 6|10 11|12 11|14 12|11 12|8 12|9 12|15 8|13 11|9 7|10 8|11 9|10 11|7 9|12 10|13 12|9 11|10 12|6 10|12 10|10 9|10 9|12 12|11 8|16 6|15 7|10 11|9 11|11 7|14 8|16 12|10 6|12 8|13 8|3 8|9 11|10 12|11 10|17 11|10 10|7 9|17 5|11 8|12 7|10 7|11 7|7 11|10 4|13 12|12 11|13 9|16 6|9 10|13 9|10 11|8 6|10 10|9 11|15 9|15 8|11 10|12 2|10 8|10 6|10 6|9 8|10 6|14 12|8 11|13 11|13 9|11 12|9 8|14 9|16 12|6 6|12 6|9 10|11 12|9 12|7 8|15 12|8 8|13 10|14 8|13 11|11 12|11 8|10 8|9 6|15 10|10 8|15 11|13 7|4 8|6 11|12 9|12 12|9 8|11 10|13 7|9 7|13 9|16 6|15 4|10 9|14 7|9 7|14 9|11 9|14 7|14 12|9 10|14 7|9 12|12 11|9 7|11 6|11 11|8 7|14 11|9 9|13 12|15 7|12 9|12 11|10 10|12 10|14 7|10 8|14 10|8 11|17 11|fitness = 85.71365353239266|time = 439.415165645374|true
50 solution:
9 10|8 9|7 9|8 9|12 10|14 12|4 8|12 9|6 7|9 7|6 8|13 7|6 11|11 8|11 6|12 9|15 9|9 12|12 7|12 10|8 8|15 6|9 8|9 6|6 6|13 7|7 7|10 8|15 6|12 12|14 11|6 11|13 11|7 7|10 11|14 10|14 11|11 8|5 7|8 7|15 7|9 9|11 11|11 7|12 10|15 6|13 11|12 9|7 12|3 10|12 9|13 9|10 10|11 11|12 9|13 7|8 10|10 6|13 4|14 11|11 11|14 6|14 10|16 4|15 7|12 8|12 11|9 11|12 10|11 8|4 4|12 7|10 8|9 8|6 8|12 10|12 12|6 9|13 12|10 12|10 6|9 9|16 9|12 11|11 6|9 11|5 6|14 11|10 8|7 8|11 10|12 8|12 10|13 6|12 11|11 12|15 5|10 11|10 7|14 10|14 6|11 11|9 7|13 6|14 10|7 10|10 6|14 7|12 7|14 8|10 8|14 12|10 11|8 10|14 10|13 7|13 11|13 12|6 10|13 5|10 4|16 10|15 4|12 8|14 8|12 5|12 11|10 11|12 7|8 12|10 8|9 8|12 7|13 12|4 11|4 10|13 10|14 11|14 11|12 7|6 4|6 10|10 11|6 11|9 12|14 9|13 10|14 10|14 6|13 9|11 10|14 11|9 10|13 11|12 7|12 8|8 11|11 8|7 8|4 8|5 7|12 9|8 11|12 10|8 8|11 12|9 6|14 11|10 8|14 11|11 5|9 4|16 10|13 7|9 6|9 4|12 6|13 9|9 11|11 9|12 11|11 5|9 7|12 12|10 7|10 10|7 10|14 8|8 3|9 8|14 12|16 6|12 11|7 3|10 10|10 10|15 8|12 7|10 7|10 9|8 8|12 7|11 6|10 11|11 10|11 5|12 5|11 6|9 11|9 7|fitness = 84.76088227187358|time = 443.6776626149015|true
The final result:
fmax = 87.19469476625152
fmin = 83.40851535856574
fmean = 85.26064323170374
standard std = 0.8415569809949939
-1 solution:
13 8|13 10|14 6|15 9|11 10|7 10|9 10|11 11|12 7|12 11|9 6|4 7|14 6|15 11|11 9|5 12|15 9|7 8|12 5|5 11|9 12|14 6|12 6|8 10|7 2|14 3|8 7|12 7|8 8|10 10|12 9|14 12|5 7|14 10|14 10|10 9|8 7|7 7|15 6|12 8|6 10|13 6|10 11|14 11|11 4|7 11|6 8|11 6|15 6|12 7|12 8|14 6|14 1|14 7|15 9|10 10|14 11|13 8|15 8|13 11|15 7|12 11|14 11|14 7|9 7|12 6|12 11|1 5|14 10|5 7|12 8|15 12|15 4|12 8|13 11|13 10|15 11|9 10|15 9|10 11|9 8|14 8|9 8|7 2|6 9|14 10|10 10|12 11|13 7|14 10|5 11|11 8|12 7|15 12|10 11|15 8|13 10|4 5|3 10|11 11|10 11|10 6|7 8|15 8|15 9|13 12|9 8|12 10|15 7|12 9|6 11|16 11|3 11|3 12|14 6|15 6|9 8|12 10|7 10|12 8|12 7|14 8|12 11|15 8|15 7|13 9|9 11|10 11|14 12|14 7|12 8|9 9|14 12|14 7|15 7|5 11|6 9|9 6|7 8|7 10|14 12|7 8|14 12|13 12|11 8|15 7|6 8|14 4|13 6|14 11|15 12|9 8|16 12|10 11|3 12|10 4|13 11|12 10|13 11|13 11|5 11|9 10|14 8|12 10|4 10|4 8|12 10|9 12|8 12|9 6|12 9|11 11|3 11|9 6|3 12|15 6|11 12|6 12|9 9|12 12|9 6|12 8|3 10|15 11|14 10|11 9|12 11|12 5|6 5|11 12|5 6|10 6|14 12|6 5|14 7|15 11|15 7|15 8|15 12|14 12|15 9|10 10|16 11|10 9|15 11|8 6|15 5|8 12|7 12|14 11|fitness = 87.19469476625152|time = 433.89570257038673|true
