1 solution:
4 1|4 3|4 3|4 4|4 4|1 3|4 5|1 5|4 1|4 3|4 4|4 3|1 0|4 0|4 1|3 3|4 1|4 5|4 1|2 4|4 1|4 3|4 2|4 1|4 3|3 3|4 1|3 3|2 3|2 2|4 4|4 4|1 4|4 4|5 1|5 4|4 4|2 1|4 1|4 4|4 3|3 1|1 1|4 2|2 5|4 3|2 3|5 1|1 4|2 4|fitness = 20.7686169793458|time = 159.45766262567355|true
2 solution:
3 3|4 4|1 4|5 3|4 3|4 7|1 4|4 6|2 3|4 1|6 4|4 3|1 5|4 1|2 8|5 1|2 7|4 4|4 3|4 3|4 4|5 3|6 1|5 3|2 5|4 3|2 1|2 3|3 3|6 4|4 5|6 3|1 1|5 5|3 4|4 1|4 3|5 5|5 3|4 7|4 3|4 1|6 4|2 1|2 4|4 1|4 5|1 3|6 5|2 1|fitness = 21.181098693750204|time = 158.15232349350802|true
3 solution:
2 1|2 4|1 2|1 3|2 3|4 1|4 4|2 5|1 3|2 1|1 1|2 3|2 2|1 1|2 2|4 5|4 1|3 3|2 3|3 3|1 4|4 4|4 5|3 3|2 4|4 3|3 3|2 3|3 3|4 1|1 2|1 4|4 4|4 1|3 4|2 4|1 4|3 3|4 1|4 3|4 4|5 2|1 5|3 4|1 1|2 2|4 0|4 4|2 3|2 3|fitness = 20.80420058370962|time = 156.857210308667|true
4 solution:
6 3|4 3|2 5|6 3|2 4|4 4|2 3|1 2|4 3|5 1|5 4|3 1|4 5|4 6|2 8|5 5|6 7|2 4|4 7|3 3|5 3|2 4|4 3|5 5|6 1|6 3|2 3|5 1|4 3|5 1|6 5|6 5|4 4|5 5|4 7|1 4|6 4|1 1|4 4|4 3|4 4|4 3|4 7|6 4|4 7|3 4|6 3|4 3|1 1|6 4|fitness = 21.111911059362228|time = 158.2724123794713|true
5 solution:
5 3|4 3|4 5|4 4|4 4|5 3|6 4|4 6|4 3|2 1|4 5|4 1|4 3|4 2|4 3|5 3|4 1|4 5|1 4|4 4|1 1|4 4|1 1|5 3|4 5|4 3|5 3|4 4|4 3|4 3|1 4|5 2|1 1|5 1|3 5|5 3|4 4|6 1|1 1|2 3|2 1|5 5|4 2|4 4|4 4|4 5|2 5|5 5|2 5|4 4|fitness = 21.312153803443472|time = 153.33991038165215|true
6 solution:
4 4|4 3|4 5|4 3|4 4|4 3|4 7|4 4|3 3|5 2|5 5|6 4|2 3|6 1|5 5|2 1|1 5|1 5|1 4|3 3|4 3|2 2|2 3|3 4|5 6|3 3|5 1|3 4|3 3|4 3|1 5|4 1|1 1|4 4|4 7|1 4|5 4|3 3|3 3|6 2|5 2|1 4|1 1|4 1|4 5|3 2|3 5|5 3|4 4|2 3|fitness = 20.412246679803825|time = 148.96887120627397|true
7 solution:
4 1|2 1|4 1|2 3|4 4|1 1|2 1|3 3|3 3|5 1|2 2|2 4|4 4|4 4|2 2|3 3|2 3|2 4|4 4|1 3|4 5|4 7|1 4|5 5|4 7|5 5|5 2|4 4|4 1|5 4|2 3|3 3|4 3|5 5|5 3|5 4|2 4|1 5|1 5|4 4|2 3|4 3|5 1|4 3|4 5|1 5|3 5|4 3|4 4|1 3|fitness = 20.640342752383752|time = 156.4616782833685|true
8 solution:
5 1|4 3|2 5|4 4|4 4|5 5|6 3|3 5|3 3|4 5|4 3|4 3|6 5|5 2|5 2|5 2|6 2|4 4|3 3|5 5|5 4|4 4|3 5|4 3|4 5|5 3|3 4|4 4|2 7|6 4|4 3|4 3|4 3|4 7|1 5|4 1|3 4|6 5|2 3|4 4|2 3|4 3|4 4|4 3|1 4|4 1|4 2|4 3|2 1|4 4|fitness = 20.866442109988355|time = 157.00338699321372|true
9 solution:
5 3|4 3|4 4|5 5|4 3|2 3|2 3|6 1|1 3|2 2|5 2|2 1|4 3|6 5|4 0|4 5|4 4|4 2|4 4|2 3|5 3|5 5|3 5|1 5|4 4|2 3|4 1|4 1|3 4|3 3|4 3|4 5|4 4|5 5|6 5|5 4|5 8|6 5|6 3|2 4|3 3|4 1|5 5|6 3|6 4|4 3|4 2|4 4|6 4|5 5|fitness = 20.842861877286417|time = 156.97468479304223|true
10 solution:
4 4|4 5|4 5|4 3|4 3|6 4|4 3|4 5|2 3|2 4|4 1|4 3|2 2|4 3|5 5|5 6|4 4|4 6|4 3|4 4|4 4|6 4|5 1|2 3|2 5|4 4|3 3|4 3|3 3|4 3|2 2|4 3|2 4|4 2|1 1|5 4|4 6|2 2|3 3|4 4|3 3|4 4|4 2|5 3|4 1|4 5|3 1|2 4|2 5|5 3|fitness = 20.524519405726636|time = 157.2216605406114|true
11 solution:
1 1|5 4|2 2|2 1|3 3|3 3|2 1|3 4|1 3|5 4|3 1|1 2|2 3|3 3|4 4|1 4|1 4|1 4|4 2|1 4|6 2|2 3|1 3|4 1|3 3|3 4|3 3|4 1|1 1|4 1|3 4|2 3|3 1|2 2|4 5|4 4|4 2|2 3|1 1|6 1|1 2|2 1|4 2|4 3|1 3|3 4|4 1|4 3|2 2|2 3|fitness = 20.24437225362343|time = 157.32537524802441|true
12 solution:
1 3|4 4|4 5|6 3|6 4|4 4|2 1|2 1|5 3|5 5|4 7|4 3|4 4|5 5|4 4|5 5|3 3|5 2|5 3|4 3|4 1|4 3|6 3|5 1|4 2|4 7|5 2|2 1|5 4|5 4|1 4|4 3|1 4|4 5|1 4|5 5|5 5|1 2|4 3|4 3|2 3|4 3|4 1|5 5|1 3|3 2|4 5|2 4|4 1|2 4|fitness = 20.87220721149804|time = 154.28958291055892|true
13 solution:
4 3|2 3|2 1|6 1|2 3|3 3|2 1|2 1|1 3|5 5|4 4|6 2|5 1|2 2|1 2|3 4|3 4|1 7|4 3|4 1|1 3|2 4|2 4|2 3|4 3|4 3|2 4|1 3|2 4|2 4|3 1|3 3|6 5|5 2|3 4|2 4|5 2|4 1|4 3|3 4|1 3|3 3|4 2|4 4|5 5|1 1|6 2|6 3|4 1|2 4|fitness = 20.86940763262967|time = 158.4290137990441|true
14 solution:
5 3|5 5|1 2|2 4|4 3|5 5|6 3|4 5|2 3|4 1|1 4|1 4|2 3|4 2|1 5|5 1|2 3|4 1|2 3|5 1|4 1|5 5|1 1|1 3|4 4|1 3|1 4|5 5|4 3|5 4|1 4|4 3|1 1|2 4|4 3|2 1|4 4|3 3|1 3|5 4|1 4|3 5|4 1|1 5|4 4|1 4|2 1|5 3|5 3|4 3|fitness = 21.246913423678013|time = 157.4315687706064|true
15 solution:
3 3|4 7|2 4|6 3|2 4|2 3|5 6|5 2|1 3|2 5|2 3|1 5|2 2|3 2|4 3|5 2|2 1|1 4|5 3|1 1|5 4|5 5|1 5|1 4|1 5|3 3|2 3|4 3|1 3|2 3|4 5|3 2|2 3|2 5|3 1|6 5|4 5|1 4|1 3|4 4|1 3|1 4|4 2|1 1|4 1|1 4|4 4|3 3|4 1|5 3|fitness = 20.727293296954343|time = 158.12165491190945|true
16 solution:
6 4|1 1|4 3|2 4|4 1|1 3|4 1|4 5|4 3|4 3|1 2|4 3|1 5|3 3|1 1|2 4|1 2|1 4|3 3|2 3|5 4|4 3|4 3|4 4|1 1|4 3|5 4|4 4|4 3|1 1|4 1|1 5|6 5|4 4|3 4|3 4|4 5|2 3|4 3|4 7|2 1|6 5|4 1|1 1|2 3|4 5|4 1|3 5|4 4|4 3|fitness = 21.09549111130739|time = 151.4958128170311|true
17 solution:
4 1|2 3|4 5|2 3|5 7|6 3|6 4|1 2|1 3|4 4|5 7|4 3|1 4|4 5|2 5|5 5|4 4|5 3|1 4|4 1|5 3|5 1|5 5|5 3|4 1|4 3|4 4|4 4|2 3|5 1|4 5|4 4|4 5|1 3|4 3|5 1|4 4|1 4|1 3|5 5|4 7|2 1|6 3|4 1|4 4|4 3|5 2|4 4|4 1|5 7|fitness = 21.338243567185856|time = 156.1262823841142|true
18 solution:
1 4|1 5|4 1|2 4|4 3|5 3|4 1|3 2|2 1|3 4|4 7|4 7|4 1|4 5|4 4|5 3|1 3|4 3|5 1|1 4|4 7|4 4|4 3|2 1|4 3|4 1|1 3|3 3|5 2|5 5|4 5|6 5|4 1|3 4|4 3|5 7|4 4|1 4|4 7|4 4|5 4|3 4|4 5|5 3|5 3|1 3|2 5|4 1|1 7|2 4|fitness = 20.673883532899627|time = 155.01283964218243|true
19 solution:
4 3|4 1|4 3|4 1|4 4|5 1|4 4|1 5|5 3|5 4|4 7|4 1|2 3|4 5|4 5|3 4|5 1|3 4|5 5|5 4|1 4|5 5|4 3|3 3|1 1|5 5|4 5|4 3|2 3|4 3|4 4|4 3|4 3|4 7|5 3|4 4|4 1|4 1|4 3|5 5|3 3|5 1|6 5|2 2|1 4|1 1|5 5|4 3|6 1|5 3|fitness = 20.96784161486282|time = 145.88975103949|true
20 solution:
3 3|5 5|6 5|2 1|1 4|5 5|2 3|4 5|3 3|5 4|1 3|4 4|4 4|4 3|5 4|5 1|5 7|4 3|3 3|5 1|4 4|5 5|4 3|2 3|4 7|4 3|5 5|5 3|2 4|5 5|5 5|6 4|6 2|6 5|6 3|5 1|3 2|1 3|6 3|4 3|4 5|4 7|4 6|5 4|6 4|5 4|5 1|6 1|6 4|5 5|fitness = 20.761895338131303|time = 153.47990880670807|true
21 solution:
3 4|4 3|4 8|5 1|5 5|1 3|5 3|1 2|2 3|5 3|4 4|1 1|4 5|5 6|4 2|6 4|4 1|4 4|5 5|2 4|2 4|4 4|4 3|1 3|4 5|1 2|5 4|4 3|5 2|5 1|4 4|4 2|2 4|3 7|1 3|6 3|4 4|2 4|4 4|2 3|5 1|4 1|2 1|4 3|1 1|5 2|1 5|6 3|2 1|1 3|fitness = 20.88986562041577|time = 153.39218113704294|true
22 solution:
5 7|5 5|4 5|4 7|4 7|6 1|4 1|3 4|6 3|5 5|5 7|4 3|5 5|5 3|2 6|5 3|2 7|2 3|1 4|5 6|1 7|4 1|4 4|5 7|3 5|4 3|4 3|6 4|5 3|5 7|6 4|4 3|4 4|6 4|3 7|5 5|4 1|6 3|6 3|6 3|4 4|3 5|4 3|5 7|4 7|4 3|4 5|5 3|4 3|6 4|fitness = 20.805931272782825|time = 155.933772218123|true
23 solution:
5 3|6 3|4 5|6 4|6 4|4 4|5 3|6 7|5 3|5 5|5 3|4 4|4 4|4 4|1 1|4 4|4 5|6 3|1 4|2 1|5 4|4 1|4 4|4 3|4 4|2 3|5 5|2 3|4 3|5 7|2 7|6 3|1 5|5 5|5 6|5 4|1 1|1 5|6 5|4 3|5 3|6 3|4 1|1 1|4 1|5 6|2 5|6 3|5 6|6 3|fitness = 21.303461125827017|time = 154.09286870016248|true
24 solution:
4 3|5 3|4 1|4 4|4 3|4 7|4 3|4 5|4 4|3 4|4 4|4 5|4 5|4 7|3 5|4 4|4 1|5 7|5 3|4 4|4 3|4 5|4 4|4 4|4 4|4 3|5 5|2 3|5 1|6 4|2 5|5 3|4 1|2 5|3 4|1 3|4 1|2 4|6 3|1 4|4 3|4 1|4 5|3 3|5 1|5 6|4 3|4 4|6 3|3 3|fitness = 21.07029274234411|time = 159.69991404419216|true
25 solution:
4 7|4 1|4 1|3 1|1 1|4 3|1 4|2 4|4 3|5 3|3 3|4 5|3 4|3 2|1 2|4 4|4 1|1 5|5 7|4 1|5 5|4 4|4 1|4 3|4 1|1 3|4 3|3 3|2 4|5 3|1 4|4 4|2 5|3 1|4 1|4 4|1 4|1 3|5 3|4 3|4 6|1 5|4 4|4 2|5 3|3 1|3 5|2 3|2 3|3 3|fitness = 21.05703875038403|time = 159.4425545751982|true
26 solution:
4 3|4 1|4 1|4 7|4 4|4 1|4 1|1 4|4 3|4 3|5 5|4 4|4 6|3 2|4 4|5 2|2 3|4 5|4 4|6 3|2 5|4 3|4 4|5 3|4 7|3 3|5 4|3 3|4 3|3 3|2 4|4 2|4 4|2 5|4 1|5 3|4 4|4 1|1 3|4 1|2 2|4 7|4 4|4 3|2 3|3 4|4 1|1 1|4 4|5 5|fitness = 21.195911199057896|time = 157.88631641783218|true
27 solution:
4 3|5 3|4 5|6 3|6 7|6 3|6 1|6 7|2 3|6 5|5 1|6 3|5 5|1 5|6 7|5 5|6 1|5 4|5 7|6 3|1 4|5 3|5 7|5 5|4 7|5 5|6 1|2 7|6 3|6 4|4 7|4 4|4 1|2 1|4 7|5 3|5 4|6 4|6 3|2 2|1 3|6 4|6 3|4 3|6 4|2 4|5 5|6 3|5 8|2 3|fitness = 20.774207821656514|time = 155.65758316781552|true
28 solution:
5 3|5 1|3 4|2 4|4 3|4 3|4 5|4 4|5 3|5 4|5 2|5 5|1 1|4 3|3 0|4 5|5 5|4 5|2 1|2 1|2 5|4 4|4 3|5 4|4 5|4 3|3 3|2 3|1 3|2 1|4 3|4 5|5 5|4 4|3 5|5 3|4 4|4 4|4 1|6 4|5 5|5 2|4 5|5 2|4 2|4 4|4 5|2 4|3 3|3 3|fitness = 20.280374266783102|time = 154.72624828195237|true
29 solution:
1 3|2 3|3 5|1 3|4 3|4 4|4 1|4 1|4 3|4 4|2 4|4 3|4 2|2 5|4 5|1 4|2 5|4 3|4 3|4 4|5 2|4 1|3 3|5 1|4 5|2 3|4 1|4 3|4 7|5 4|4 4|2 3|4 1|4 4|6 6|6 4|4 1|5 5|5 3|4 4|4 3|2 1|1 2|4 4|4 3|2 3|4 5|4 1|6 4|4 3|fitness = 21.34196595283184|time = 153.51318425009404|true
30 solution:
4 3|4 4|4 4|2 4|4 4|4 3|2 3|4 0|2 3|4 3|1 1|1 4|1 5|1 2|1 5|1 1|4 5|4 0|5 5|5 5|2 1|1 3|4 3|5 3|3 2|1 1|1 3|2 4|3 4|4 3|4 4|4 5|2 5|1 1|4 1|3 1|2 3|1 1|4 4|1 1|4 1|1 3|4 3|4 4|4 4|1 5|4 5|4 1|4 3|4 4|fitness = 21.188944561132608|time = 159.25341189180122|true
The final result:
fmax = 21.34196595283184
fmin = 20.24437225362343
fmean = 20.905664541359556
standard std = 0.30219438069392357
runtime = 0–° ±,1∑÷,11√Î,138∫¡√Î
-1 solution:
1 3|2 3|3 5|1 3|4 3|4 4|4 1|4 1|4 3|4 4|2 4|4 3|4 2|2 5|4 5|1 4|2 5|4 3|4 3|4 4|5 2|4 1|3 3|5 1|4 5|2 3|4 1|4 3|4 7|5 4|4 4|2 3|4 1|4 4|6 6|6 4|4 1|5 5|5 3|4 4|4 3|2 1|1 2|4 4|4 3|2 3|4 5|4 1|6 4|4 3|fitness = 21.34196595283184|time = 153.51318425009404|true
