1 solution:
2 3|5 1|3 5|2 7|4 1|4 4|5 3|5 6|4 3|5 5|5 7|3 5|2 4|5 8|1 3|2 4|5 4|1 1|5 5|4 4|4 1|5 5|6 3|4 1|4 4|4 3|5 3|5 5|4 4|5 3|4 3|6 7|4 7|1 7|1 3|5 7|6 5|2 3|6 3|2 3|4 3|4 3|5 5|6 4|5 1|2 5|2 1|5 8|4 7|2 7|fitness = 20.806758731716105|time = 148.32559878101995|true
2 solution:
4 3|4 3|2 1|2 1|1 4|1 7|4 4|2 2|6 3|4 4|1 4|1 4|4 5|1 2|2 3|5 4|1 5|2 3|1 3|6 4|2 3|1 1|4 5|4 3|6 5|3 3|1 1|4 4|3 1|2 1|4 7|3 3|5 3|6 1|4 4|2 5|4 4|6 4|4 3|5 5|4 4|4 1|2 3|2 7|5 4|5 1|3 1|4 3|4 1|1 3|fitness = 20.946145402452764|time = 148.46856001414073|true
3 solution:
1 7|2 3|5 2|4 1|4 3|5 5|6 3|4 4|4 3|2 7|3 3|6 4|2 5|4 4|2 2|5 5|4 3|5 2|3 4|5 3|5 5|6 4|4 4|5 4|4 1|4 3|3 3|4 3|5 5|5 7|4 5|4 4|5 5|5 5|6 1|2 4|5 2|6 7|1 3|6 3|6 5|5 2|5 5|4 4|1 3|4 3|4 2|5 5|2 1|4 3|fitness = 20.761510512091153|time = 149.24073708911294|true
4 solution:
3 3|1 4|4 2|1 4|4 3|4 3|2 1|2 0|3 3|4 2|2 2|3 3|1 5|3 2|2 1|2 2|2 4|1 2|2 3|1 4|1 1|1 1|1 1|2 1|4 1|1 3|2 1|1 3|1 0|2 4|5 1|1 1|2 4|2 2|2 3|3 3|3 3|5 0|1 4|1 4|4 1|3 3|1 4|2 3|1 4|3 2|2 2|4 1|4 3|2 4|fitness = 20.238027487848743|time = 145.04706306258228|true
5 solution:
4 7|5 5|1 1|5 5|4 4|6 5|1 3|4 4|6 4|5 7|5 1|6 5|4 2|3 3|2 2|5 3|6 4|2 3|5 4|5 7|5 7|1 1|5 5|4 4|6 1|5 3|5 5|4 4|5 2|4 3|2 3|6 4|3 5|4 5|4 3|5 4|4 4|6 4|3 3|6 3|4 4|4 3|1 3|6 5|6 5|6 4|4 5|4 1|4 1|5 3|fitness = 20.621111409395784|time = 142.01389927779587|true
6 solution:
4 5|1 3|2 2|1 4|5 3|4 3|5 4|6 2|5 3|2 3|4 5|1 4|4 3|4 1|5 1|6 4|4 7|2 7|1 1|1 5|5 2|4 1|1 3|5 5|2 1|5 3|5 1|2 5|6 3|5 3|4 5|4 1|2 4|2 4|2 5|1 4|1 4|1 3|4 3|6 4|4 5|4 4|5 1|1 5|6 3|5 4|4 8|4 1|2 5|2 3|fitness = 20.57021956139832|time = 147.21174824832354|true
7 solution:
4 7|5 1|2 6|2 4|4 5|4 3|1 2|4 6|5 3|3 5|3 3|4 3|4 3|6 5|3 1|4 1|3 5|5 2|5 3|2 3|5 4|5 5|5 5|4 1|4 2|4 5|5 4|4 7|6 3|1 1|4 3|2 3|4 2|4 2|1 5|2 4|4 4|4 7|4 3|5 5|4 1|4 3|4 2|4 3|4 3|3 4|4 5|1 4|5 1|4 3|fitness = 20.542387258569427|time = 147.19686756144594|true
8 solution:
5 5|4 1|5 3|2 4|6 3|3 3|4 3|4 5|4 3|5 4|4 4|3 3|4 4|4 5|5 2|1 1|4 4|4 1|4 3|5 3|3 3|2 4|4 5|1 4|2 1|5 1|5 5|2 4|4 3|3 3|5 2|2 3|5 5|5 5|6 2|5 1|5 5|6 5|4 3|4 4|4 1|3 3|4 5|1 1|4 4|4 1|1 1|4 1|4 3|2 4|fitness = 21.03105986961853|time = 148.7323965772791|true
9 solution:
4 1|6 3|3 5|5 5|1 3|1 1|1 3|3 5|4 3|3 1|4 7|1 2|4 4|2 0|2 2|1 3|4 1|4 5|1 4|5 2|3 4|5 5|1 1|4 3|4 2|1 3|5 3|2 5|4 3|1 4|1 5|3 4|1 1|1 4|3 2|5 4|2 3|2 1|2 3|1 3|1 2|4 3|1 1|2 3|2 5|2 4|4 1|4 1|2 4|1 3|fitness = 20.77312919086786|time = 147.91348395084034|true
10 solution:
5 5|5 3|2 6|4 4|4 1|4 3|1 1|3 8|4 3|4 5|2 4|2 7|4 4|1 5|4 2|1 3|2 3|1 5|5 2|6 3|2 2|4 3|2 7|1 7|2 1|1 4|1 4|4 3|4 3|1 2|4 1|1 5|4 1|4 4|3 4|5 4|4 1|2 4|2 7|2 3|4 4|5 1|1 5|1 2|2 3|2 4|2 2|2 3|5 5|2 3|fitness = 20.549962599171984|time = 143.59630255765487|true
11 solution:
4 4|4 3|2 5|1 4|6 7|6 3|1 1|4 7|4 3|4 4|1 2|4 3|1 3|3 8|2 6|4 3|6 2|1 8|1 1|4 1|4 4|3 3|4 7|2 3|4 5|3 3|4 4|4 4|4 1|5 1|4 4|4 1|4 4|4 5|4 1|5 4|2 5|1 3|3 3|6 3|2 5|4 7|1 8|2 3|6 1|4 4|4 0|4 4|1 3|6 4|fitness = 21.121371048684892|time = 147.8277328747366|true
12 solution:
5 4|5 4|6 4|5 5|5 5|4 7|4 3|1 1|4 3|5 5|3 1|3 1|4 5|3 5|4 6|1 3|4 4|4 5|5 1|4 4|5 1|3 1|4 3|2 3|4 4|3 4|4 1|2 3|4 3|1 1|4 4|4 3|4 3|2 3|4 5|5 7|1 4|5 5|2 1|4 4|2 4|5 6|1 2|2 3|2 5|5 2|2 3|1 1|4 3|5 5|fitness = 20.46488806658547|time = 147.51075297573274|true
13 solution:
4 1|4 4|4 6|6 4|2 2|5 3|2 3|4 6|4 3|5 5|1 4|4 1|4 7|5 5|2 3|2 4|5 1|1 5|6 4|4 4|5 5|5 5|5 1|4 3|6 5|4 3|5 3|4 1|5 5|5 3|4 4|2 6|4 5|4 4|2 4|5 1|4 4|6 3|4 4|4 3|4 3|3 1|5 3|4 5|5 5|5 3|6 5|4 4|5 3|4 4|fitness = 21.077136489134283|time = 147.99296286665015|true
14 solution:
5 4|5 5|5 1|5 3|3 4|4 3|5 5|3 6|4 3|1 3|4 1|4 3|1 3|4 1|4 5|3 4|5 4|4 1|4 4|3 3|4 3|5 2|2 4|4 1|2 2|4 3|2 5|4 4|2 5|1 1|5 5|5 1|2 3|1 1|2 3|2 4|1 4|3 2|5 4|4 3|4 3|1 2|5 1|5 4|3 3|3 1|4 5|4 4|4 4|4 4|fitness = 20.18913419300508|time = 149.22517848923965|true
15 solution:
4 1|6 3|4 5|2 3|4 3|4 4|5 5|1 5|4 3|4 4|1 3|6 3|4 3|4 2|4 7|5 1|6 4|4 7|6 4|5 5|5 4|1 4|4 4|6 3|4 5|6 4|5 8|4 1|6 5|5 1|6 3|6 3|6 5|4 4|3 5|5 1|4 4|6 3|4 3|1 1|3 8|4 1|4 7|4 3|2 4|4 7|6 5|4 4|6 3|5 3|fitness = 21.390368380953078|time = 148.11458802649577|true
16 solution:
4 4|5 1|6 8|2 7|4 7|6 3|2 3|1 2|1 1|5 3|5 1|4 3|4 4|1 6|3 2|6 5|1 3|4 1|5 7|1 4|2 3|5 4|4 4|1 1|4 4|1 3|5 5|4 3|4 3|5 6|5 5|6 1|4 7|2 5|1 4|5 7|4 4|1 5|6 3|5 3|2 1|1 3|1 5|1 4|4 4|5 7|1 1|4 4|2 3|6 4|fitness = 21.061780893660845|time = 145.52814900861142|true
17 solution:
5 1|5 3|5 5|5 3|4 4|4 1|6 1|2 4|2 3|4 1|5 2|4 4|4 5|1 8|4 4|5 3|6 5|5 4|6 3|5 2|5 5|5 5|4 2|5 1|6 5|4 4|4 4|5 5|4 3|6 4|6 3|4 4|4 1|1 5|5 3|4 1|5 2|6 3|4 3|1 3|2 5|5 3|4 7|6 3|4 4|4 4|4 5|1 4|4 4|5 3|fitness = 21.064518488343573|time = 148.9825597526905|true
18 solution:
1 3|4 3|1 4|5 2|4 4|5 5|2 1|2 3|4 4|4 5|4 4|4 1|4 2|4 5|4 2|4 1|4 2|2 4|5 3|4 3|5 4|4 1|2 3|3 1|4 2|4 4|4 3|4 4|4 3|1 3|2 4|3 5|4 1|4 2|4 3|5 5|1 1|3 3|4 4|1 3|4 5|4 3|2 4|3 4|4 4|4 1|3 2|4 1|4 4|3 3|fitness = 20.676946326642074|time = 149.6867395676508|true
19 solution:
5 4|4 7|4 1|5 8|6 3|4 4|2 4|4 6|4 3|2 5|1 1|2 3|4 3|4 7|4 4|5 3|6 1|3 4|4 7|6 3|5 1|4 4|1 1|1 4|1 5|4 1|2 4|4 4|4 1|3 4|6 5|4 3|6 5|5 5|5 6|4 3|5 1|6 3|4 3|5 3|4 4|4 1|1 4|5 5|4 1|2 3|1 1|4 3|6 3|2 3|fitness = 21.226508686811624|time = 148.63709795705964|true
20 solution:
2 3|1 1|6 5|5 1|4 4|6 3|4 1|4 3|3 3|4 1|6 4|4 0|2 1|1 2|4 2|1 1|2 3|4 4|4 1|4 4|4 4|1 3|1 2|5 2|4 4|3 3|4 3|2 4|5 1|3 4|5 2|2 3|1 4|5 2|2 3|2 5|1 1|3 3|3 3|4 3|2 2|4 4|4 2|2 3|1 1|2 1|4 5|4 4|3 3|2 1|fitness = 20.801966327252817|time = 145.98436850791583|true
21 solution:
5 5|5 4|5 6|6 4|4 1|5 1|4 3|6 6|4 3|4 4|4 3|2 1|4 3|6 7|6 7|5 5|4 5|1 7|1 3|5 5|6 4|4 3|4 7|5 4|2 5|2 7|4 4|4 4|1 1|6 4|5 5|6 5|4 3|4 5|6 5|5 4|1 3|3 3|4 1|2 4|4 4|2 7|5 5|4 3|6 3|6 5|5 5|5 3|4 4|6 3|fitness = 20.652318238886224|time = 148.20802136778624|true
22 solution:
4 4|4 4|6 5|6 7|6 4|4 3|5 5|6 4|4 3|5 5|5 3|5 3|4 1|1 8|1 8|5 5|5 3|1 2|4 3|2 3|5 6|4 3|2 3|2 3|3 3|2 3|5 2|2 4|4 7|5 7|6 4|4 7|6 5|5 5|6 8|5 3|4 7|1 4|1 3|4 1|4 5|6 1|1 1|4 5|2 4|1 5|6 1|4 4|6 7|5 3|fitness = 21.071406191943527|time = 148.0642682183153|true
23 solution:
2 3|4 4|4 5|3 4|1 3|1 1|2 3|6 2|4 3|4 3|3 3|1 4|4 4|4 5|2 1|4 1|2 5|4 5|5 4|1 1|4 1|2 3|4 1|4 1|2 5|1 4|3 3|4 4|4 3|5 3|5 2|1 4|1 1|2 3|3 4|5 4|4 1|5 2|1 4|5 5|4 3|4 1|4 3|4 4|5 5|4 1|4 4|4 1|4 4|4 1|fitness = 21.086565793544636|time = 149.43720502608966|true
24 solution:
4 3|4 1|1 0|2 1|2 0|1 3|4 1|2 5|4 3|4 4|5 1|3 3|2 4|1 5|2 4|1 5|3 3|1 2|2 3|1 1|5 3|1 1|4 2|4 1|4 1|1 7|5 4|4 4|1 1|4 4|1 1|2 5|3 3|1 5|1 4|5 4|1 4|4 1|2 3|5 5|4 3|3 4|1 3|1 3|3 3|4 3|4 2|4 4|4 4|1 3|fitness = 20.833930883213974|time = 149.60788127281208|true
25 solution:
6 4|4 1|5 5|2 1|1 4|2 1|2 3|2 2|5 3|4 1|5 3|3 7|4 3|4 5|1 5|6 4|1 1|4 2|6 3|4 4|3 4|5 2|6 3|5 3|4 3|4 1|4 7|5 5|2 4|6 3|2 2|3 4|4 3|2 4|4 4|2 5|4 1|4 7|6 3|4 4|4 4|4 4|1 5|4 7|2 3|5 7|4 2|4 4|5 3|1 1|fitness = 20.87079760044927|time = 147.75871366575288|true
26 solution:
2 1|4 3|2 5|6 1|2 4|4 4|4 1|4 4|4 4|4 1|5 5|6 4|4 4|5 6|2 4|5 3|4 4|1 2|4 3|4 2|4 3|2 3|4 4|4 5|2 2|4 5|2 1|4 1|3 5|2 3|4 3|3 3|3 2|4 4|3 5|3 4|2 3|4 2|2 4|4 3|3 1|1 5|2 5|2 3|1 1|3 5|2 2|6 3|4 4|2 5|fitness = 20.189849934395543|time = 146.89131584264646|true
27 solution:
1 4|1 3|4 3|6 4|2 2|4 4|4 1|4 5|4 1|5 5|4 2|1 4|2 3|4 2|4 0|4 1|2 5|2 3|3 3|2 5|5 1|1 3|4 4|1 1|2 3|1 2|5 1|4 1|4 3|2 4|1 2|2 3|3 3|4 4|3 2|4 4|3 3|4 1|4 4|4 1|2 1|4 4|4 4|4 4|1 5|1 5|4 1|2 0|3 3|5 5|fitness = 20.39295156392087|time = 143.71310044514485|true
28 solution:
4 3|3 3|6 2|4 7|3 3|6 3|4 1|1 5|6 4|5 1|4 4|1 4|4 3|4 5|4 1|5 7|6 7|2 0|1 1|2 3|4 3|5 5|1 5|5 7|4 3|4 3|5 4|1 4|5 4|4 4|4 3|5 3|4 7|3 5|2 3|5 4|5 8|4 5|4 4|4 4|4 4|5 3|4 6|1 1|4 4|4 5|5 6|4 1|4 4|4 3|fitness = 20.8367646925665|time = 144.3292802119048|true
29 solution:
5 3|4 1|1 5|4 4|1 1|5 3|6 1|4 5|4 3|5 1|5 3|4 6|6 4|1 6|4 1|5 5|4 7|5 3|5 6|4 1|4 4|5 3|4 3|4 7|1 1|1 5|4 4|2 3|4 4|4 3|4 4|4 7|1 5|2 3|5 1|2 4|5 8|4 7|1 4|5 3|3 3|4 4|4 5|6 4|5 5|6 3|4 4|4 1|2 4|2 4|fitness = 21.182753002726386|time = 148.47294718609461|true
30 solution:
3 4|4 3|3 2|2 3|6 4|4 4|6 4|3 6|4 4|1 3|4 7|2 3|1 1|3 3|3 7|5 1|3 3|4 5|4 5|1 4|2 5|4 4|4 4|5 5|4 3|1 3|2 4|5 2|4 1|4 4|2 3|3 5|1 5|2 3|6 5|4 4|5 5|4 0|1 1|1 1|4 7|2 1|4 4|4 1|4 7|2 3|4 7|4 1|6 3|2 1|fitness = 20.40575661675323|time = 143.49101097959644|true
The final result:
fmax = 21.390368380953078
fmin = 20.18913419300508
fmean = 20.781267514753484
standard std = 0.32005397967197696
-1 solution:
4 1|6 3|4 5|2 3|4 3|4 4|5 5|1 5|4 3|4 4|1 3|6 3|4 3|4 2|4 7|5 1|6 4|4 7|6 4|5 5|5 4|1 4|4 4|6 3|4 5|6 4|5 8|4 1|6 5|5 1|6 3|6 3|6 5|4 4|3 5|5 1|4 4|6 3|4 3|1 1|3 8|4 1|4 7|4 3|2 4|4 7|6 5|4 4|6 3|5 3|fitness = 21.390368380953078|time = 148.11458802649577|true
