1 solution:
5 0|13 5|7 2|11 7|8 9|7 4|1 9|3 7|6 5|5 4|10 6|10 0|8 8|1 7|1 8|11 7|10 7|13 7|7 1|13 6|7 9|11 7|1 8|13 8|11 8|12 4|9 7|4 4|13 4|2 7|8 4|8 2|13 7|9 8|1 6|2 9|9 3|13 5|13 9|8 8|1 5|8 9|13 3|11 8|9 7|7 6|1 4|10 1|8 7|13 5|1 4|5 8|3 8|7 7|6 8|9 5|7 3|4 3|7 9|3 6|11 6|12 9|12 0|13 9|13 0|9 9|11 1|13 1|10 2|13 2|4 7|1 0|7 0|4 6|11 3|12 1|8 9|7 0|13 6|1 7|1 9|2 9|13 6|6 4|7 3|5 1|1 8|4 1|6 6|13 9|13 6|1 4|11 4|11 2|13 6|13 1|10 5|8 7|6 8|3 6|8 8|9 7|13 1|11 4|13 4|1 7|5 2|13 4|13 9|8 9|13 6|3 8|13 6|3 2|13 8|8 4|11 4|5 5|10 1|13 3|13 4|12 5|12 6|1 5|9 1|5 7|4 1|3 4|2 5|1 1|fitness = 48.76238597510547|time = 193.12501470172884|true
2 solution:
13 9|11 7|1 1|10 1|12 6|3 9|13 5|8 0|5 7|11 4|12 9|8 7|5 8|11 9|6 8|9 7|9 9|6 9|2 5|7 1|6 5|7 3|13 8|2 5|10 1|1 7|4 4|9 9|13 5|8 6|5 3|8 2|6 6|9 3|3 2|10 4|1 6|8 3|4 6|3 4|9 5|12 1|13 8|3 5|10 3|1 4|8 1|10 4|2 5|8 3|5 7|5 8|8 8|1 4|8 2|7 6|13 0|12 5|8 2|13 5|11 1|13 4|8 6|6 8|11 1|10 4|3 2|6 1|13 8|9 3|7 7|10 7|9 9|13 8|6 9|9 8|8 5|1 0|9 8|8 3|10 4|13 1|3 4|8 5|6 8|5 6|10 5|13 5|5 9|5 9|11 8|8 3|8 4|7 1|12 4|13 8|13 5|10 7|10 5|13 1|13 6|5 6|6 3|8 7|5 7|4 9|13 9|6 9|6 6|12 3|8 3|6 5|9 0|8 0|11 1|2 4|4 7|7 9|8 7|12 8|6 8|5 9|5 6|10 4|9 4|2 6|4 6|12 8|8 9|9 5|fitness = 48.56950142692648|time = 191.89714255071223|true
3 solution:
11 8|5 6|4 6|8 3|7 6|10 8|1 6|8 1|6 9|10 7|7 9|13 7|13 7|7 9|13 2|6 8|9 1|9 5|13 7|9 6|4 7|5 8|13 6|11 1|9 6|2 7|4 6|8 5|2 9|4 9|13 2|9 1|5 8|13 5|5 1|13 3|11 6|11 9|11 4|12 9|12 6|6 5|1 7|4 8|12 5|4 4|7 8|4 5|1 5|7 0|13 6|3 9|1 6|12 7|13 4|13 3|6 2|8 9|5 5|5 3|13 6|5 9|5 9|1 8|10 4|8 8|8 8|10 2|10 5|1 1|6 5|5 7|13 2|4 7|9 4|10 1|1 7|12 4|7 7|5 7|12 5|8 2|10 3|6 3|4 0|5 7|4 3|13 9|8 5|8 9|7 6|7 1|4 1|10 3|10 9|4 3|13 0|5 5|6 3|13 3|10 2|10 9|13 5|3 6|13 8|13 7|6 7|8 8|8 9|13 5|5 7|1 6|7 7|12 7|8 4|13 3|11 5|3 4|8 2|2 4|10 4|1 1|8 9|1 1|1 1|12 1|11 2|2 5|10 3|3 4|fitness = 48.544996864962755|time = 187.30044865513946|true
4 solution:
9 4|13 4|8 7|13 3|13 6|13 3|12 7|7 5|2 1|10 7|5 7|13 8|3 6|8 7|8 6|11 0|11 9|9 8|5 5|13 6|9 2|12 6|8 8|11 4|12 4|13 8|7 8|11 4|13 2|6 9|1 7|6 1|12 4|6 8|13 5|12 9|13 3|5 5|6 8|10 1|8 5|9 4|4 7|7 8|5 3|1 9|12 1|9 8|6 1|11 5|5 3|8 6|7 7|8 7|5 3|9 4|2 3|10 8|13 4|3 7|5 3|13 8|13 6|9 7|8 4|4 6|7 4|9 8|10 1|12 5|11 8|12 6|13 2|12 5|7 4|10 0|9 9|8 9|1 5|8 7|7 5|4 4|7 0|13 5|7 6|10 2|12 7|6 4|8 9|5 7|5 9|9 2|7 7|8 9|5 1|8 3|8 5|6 8|6 6|13 8|8 2|7 3|5 9|8 4|6 9|6 5|13 7|4 6|1 0|13 6|11 7|12 6|6 6|10 3|1 3|11 4|1 6|3 8|9 0|5 2|5 5|10 5|11 9|5 1|9 3|8 9|9 1|8 7|6 8|7 6|fitness = 48.532522475970204|time = 198.56766249445306|true
5 solution:
13 4|10 9|10 5|8 5|6 8|11 8|7 9|3 4|7 7|13 5|5 4|13 1|12 5|13 4|7 3|7 5|10 9|1 1|2 4|1 8|11 4|10 8|6 1|4 6|11 2|13 5|1 4|9 5|2 3|10 7|13 9|5 3|10 8|11 9|5 6|3 5|13 6|8 3|13 4|12 8|10 4|13 3|9 9|12 4|7 8|12 7|13 8|5 6|9 7|11 9|12 6|8 5|6 1|4 7|10 0|4 9|4 6|9 9|5 2|7 1|13 0|8 6|10 2|13 7|11 9|3 3|5 9|8 2|13 8|2 7|7 9|12 4|4 1|6 6|2 7|6 7|4 8|3 4|8 9|3 7|9 4|3 3|13 0|8 6|13 6|6 4|3 7|10 5|13 4|13 6|10 1|6 7|6 3|5 8|13 4|7 2|12 9|9 7|8 7|13 7|13 9|2 8|2 9|13 4|9 9|9 5|13 3|12 3|9 6|6 8|10 6|13 8|7 3|13 7|9 4|11 7|10 7|2 7|12 4|1 1|13 6|5 9|8 9|11 6|13 9|5 0|13 5|8 5|6 8|9 1|fitness = 48.86969431209123|time = 198.2850444079386|true
6 solution:
10 3|9 1|11 3|3 5|7 9|8 4|5 5|6 4|11 5|11 6|9 4|4 3|6 7|11 9|12 1|13 6|1 6|8 5|10 8|7 9|12 6|3 1|4 9|13 7|1 2|10 3|7 1|11 4|1 0|13 5|8 7|2 9|7 6|10 9|4 9|12 1|12 7|3 9|2 7|12 5|12 8|2 6|11 5|11 7|8 6|1 2|9 5|10 7|6 6|13 3|12 2|9 3|5 5|6 3|13 5|10 7|1 0|4 9|3 1|4 6|3 4|5 9|9 1|13 2|12 5|6 4|9 6|6 6|9 8|8 2|1 1|9 4|8 1|13 7|8 1|13 2|11 5|1 4|13 4|3 7|5 9|13 6|12 3|13 6|10 5|12 7|10 4|9 5|3 8|9 9|12 3|5 2|11 4|13 9|2 1|13 9|8 8|10 9|13 8|7 6|9 2|12 5|3 4|13 7|13 9|8 7|5 1|6 8|13 1|5 8|12 9|8 9|11 1|4 4|11 4|8 6|8 5|8 8|13 4|8 4|13 9|2 6|1 1|3 6|7 2|5 3|13 7|11 0|13 5|10 2|fitness = 48.70519011941542|time = 184.69622769833333|true
7 solution:
2 5|3 6|7 8|5 7|12 5|2 0|9 8|8 5|1 1|7 3|5 4|11 3|13 9|11 6|5 9|13 7|8 7|2 8|12 9|13 1|13 7|4 4|11 8|8 8|11 3|7 6|12 3|6 6|1 4|12 5|8 5|3 3|7 2|7 2|13 6|12 6|9 2|9 4|2 3|10 6|8 9|5 9|2 9|1 6|5 8|13 2|5 6|9 9|13 8|9 5|6 7|7 8|4 4|7 0|11 3|12 4|6 3|5 6|10 1|10 2|10 8|8 1|13 2|8 5|5 0|5 1|13 5|7 1|8 3|7 7|13 3|8 2|11 6|6 7|5 6|6 6|12 7|3 1|6 1|1 5|11 1|4 7|6 9|9 4|1 3|5 7|10 3|13 3|10 4|5 8|6 6|10 4|1 8|9 1|1 4|9 3|12 3|9 1|13 5|8 7|9 1|12 7|8 9|8 3|10 9|11 7|10 6|8 7|13 7|5 4|11 9|12 6|10 8|8 5|11 4|13 4|13 5|8 6|6 2|4 5|8 7|8 4|10 9|13 6|7 9|8 2|9 5|7 4|5 9|2 5|fitness = 48.547932484884804|time = 193.07836372756216|true
8 solution:
5 4|4 3|8 1|13 1|1 8|8 5|13 1|5 8|6 4|1 8|4 6|9 7|13 8|10 5|13 5|12 1|9 0|8 7|11 9|10 1|5 2|12 8|1 5|13 7|6 9|2 5|5 8|2 5|13 0|2 9|7 5|5 3|13 3|5 2|1 7|6 2|8 5|13 2|12 6|13 7|7 2|12 7|12 9|11 9|2 6|1 4|9 7|6 1|13 8|6 6|1 7|7 6|2 3|13 8|12 1|10 1|12 5|8 9|5 2|8 9|10 8|13 1|10 6|3 9|4 7|9 0|8 9|13 2|8 7|9 4|9 0|12 5|13 4|12 2|3 6|11 5|10 6|13 6|7 4|5 2|2 0|7 9|6 3|13 6|13 0|13 0|5 6|9 7|1 9|12 7|10 7|13 4|8 4|2 8|1 3|10 1|10 3|9 7|8 5|9 9|13 0|9 7|11 5|4 6|13 8|6 7|13 8|13 4|5 3|13 4|7 6|9 9|2 8|9 9|9 8|9 9|2 6|12 5|8 5|3 6|10 1|9 2|6 9|13 3|1 8|1 6|1 3|13 1|3 7|6 8|fitness = 48.815965364895604|time = 195.56468109135457|true
9 solution:
13 4|6 2|9 9|12 3|8 9|9 5|4 5|6 1|8 6|9 5|8 1|9 6|6 3|4 5|5 9|10 2|8 1|7 3|6 7|13 4|7 4|4 9|7 1|11 2|5 3|11 2|12 2|8 3|12 8|10 7|4 7|8 6|8 8|8 8|2 0|4 7|4 2|9 5|11 6|1 4|3 8|5 3|5 8|13 1|1 8|13 1|9 1|8 6|5 1|10 6|3 7|13 8|7 3|13 7|7 0|11 2|3 8|9 5|9 4|8 5|9 8|7 7|1 7|1 9|11 5|5 2|11 7|13 7|8 9|13 8|7 9|9 1|4 1|13 4|10 5|10 6|9 3|9 8|13 3|9 5|10 7|7 7|8 5|9 3|11 5|13 4|5 6|7 5|6 6|12 8|9 4|9 2|7 4|13 7|10 9|6 0|9 6|6 5|7 3|13 6|10 4|13 4|13 9|8 7|13 4|11 3|13 6|11 5|13 1|13 4|9 0|7 9|10 5|8 3|6 6|7 8|7 4|8 7|11 5|8 5|7 7|6 3|5 2|11 7|1 5|7 8|5 3|13 4|5 6|11 8|fitness = 48.818239624128|time = 182.0584280879993|true
10 solution:
11 6|2 4|4 9|11 8|9 1|12 3|11 7|11 7|8 6|13 7|6 9|13 1|13 3|7 6|8 5|13 9|11 6|5 1|2 7|1 1|11 2|12 8|7 5|13 6|11 9|13 7|10 6|5 4|7 3|3 7|7 3|4 5|6 1|3 9|4 5|7 2|2 9|9 4|6 9|10 7|5 9|13 8|5 3|4 4|11 9|11 8|9 0|12 8|1 8|13 7|11 9|13 8|6 7|7 1|12 7|5 3|1 2|11 8|11 3|2 7|11 2|13 3|11 9|1 1|13 2|9 8|13 8|8 6|4 5|11 6|9 9|3 4|7 7|8 9|2 4|7 5|13 1|8 7|1 1|7 5|3 7|8 4|13 3|13 2|6 8|3 9|9 6|3 9|13 4|3 5|4 7|5 2|8 8|8 8|8 0|5 4|11 2|8 3|1 8|5 7|13 2|2 7|4 7|7 1|4 1|8 2|1 5|3 4|13 6|3 8|1 4|13 9|12 8|10 7|13 5|13 1|7 2|10 2|1 4|12 9|4 4|6 5|12 9|8 7|4 6|9 6|3 4|4 3|7 3|8 2|fitness = 48.64991214120784|time = 188.17783173163403|true
11 solution:
12 1|8 7|5 1|2 6|6 6|13 9|8 4|1 8|13 8|9 6|9 9|8 9|13 8|11 4|1 5|8 5|5 5|9 3|6 7|9 5|12 6|3 2|5 2|8 6|13 3|8 4|5 4|13 8|12 4|5 0|6 1|1 2|5 0|12 4|1 8|1 1|2 7|5 0|9 7|9 6|6 9|10 7|13 4|2 3|5 9|8 4|10 7|6 5|5 3|5 1|10 5|9 3|5 5|11 6|5 2|10 5|13 7|10 9|2 8|4 4|8 5|2 5|13 4|7 1|2 4|4 1|9 8|1 4|5 9|13 7|1 5|9 1|9 3|5 7|13 9|13 8|13 6|13 3|7 8|9 9|10 5|5 7|9 6|6 7|7 7|5 1|12 3|8 9|9 9|13 9|7 8|8 7|13 6|1 8|9 9|12 6|5 2|9 5|8 6|11 9|13 6|10 4|9 7|3 8|9 9|13 4|10 5|2 8|10 5|8 8|5 6|7 0|10 9|2 7|11 7|7 5|5 7|13 7|13 1|12 7|3 6|12 5|12 9|12 3|12 4|11 8|12 3|8 7|1 6|11 3|fitness = 48.98133447557567|time = 196.34712603596378|true
12 solution:
12 7|4 4|8 3|12 6|13 8|9 8|9 4|1 7|5 2|13 5|8 7|5 1|13 4|9 5|11 7|13 4|13 7|7 4|2 8|9 3|13 3|5 9|12 5|12 9|11 3|13 9|6 9|9 6|1 5|3 6|13 7|10 5|11 2|3 0|1 9|5 3|10 4|11 1|4 5|5 5|8 9|1 6|13 6|6 6|11 4|5 9|11 7|4 3|2 5|11 6|10 4|11 2|13 7|5 7|1 6|8 5|11 7|1 1|7 5|5 4|7 6|1 8|11 7|6 9|1 7|6 0|10 5|7 3|7 8|9 2|13 6|7 5|8 3|8 6|8 6|6 5|10 7|6 1|8 8|11 7|13 9|9 7|1 6|12 6|4 2|8 3|5 1|13 6|10 2|12 5|13 9|12 7|8 3|5 2|4 4|7 7|3 9|9 6|3 8|4 8|1 1|5 1|6 3|4 1|6 6|7 6|6 9|8 9|12 8|5 9|5 8|13 7|5 7|8 7|12 6|11 1|2 9|10 5|13 5|10 9|11 9|7 1|9 4|13 8|9 9|12 8|6 0|7 3|12 5|11 8|fitness = 48.769682980058874|time = 198.9951381702326|true
13 solution:
8 1|9 1|6 7|5 5|6 3|8 7|13 4|6 1|6 8|9 6|7 8|8 2|13 3|13 4|13 5|13 3|9 8|11 4|13 6|6 9|7 7|13 4|11 4|9 2|6 8|3 5|13 9|6 4|13 8|13 6|13 7|1 9|13 7|6 8|7 3|13 6|9 5|7 0|1 9|10 4|8 7|5 4|13 3|4 6|12 4|8 9|13 2|9 4|8 7|7 1|9 7|13 0|7 5|6 6|5 4|5 9|5 6|13 7|6 7|3 8|3 5|13 9|11 0|13 9|8 1|5 9|13 7|8 6|7 5|5 3|6 9|5 9|13 7|7 3|6 6|8 2|9 5|6 9|11 7|13 6|8 0|11 1|6 3|11 8|6 0|5 4|7 6|11 4|1 5|7 7|13 7|12 6|11 7|7 0|4 4|13 4|8 5|5 3|5 5|11 5|12 4|8 6|6 5|2 1|12 7|3 9|11 9|13 4|11 3|10 8|8 6|13 9|9 5|9 6|10 5|9 9|12 8|12 6|5 6|5 1|10 9|7 9|11 7|12 7|11 7|13 0|11 8|10 5|9 8|8 2|fitness = 48.86557994559733|time = 196.90704627246944|true
14 solution:
13 3|13 0|9 2|9 1|11 2|9 3|6 7|8 9|13 1|6 8|3 2|4 4|8 8|11 6|1 3|1 8|8 3|9 8|2 9|5 9|5 7|6 7|12 4|5 5|13 8|8 8|1 7|9 9|13 0|5 8|4 3|13 8|11 5|7 6|11 2|3 6|10 5|1 6|1 7|13 5|1 8|1 8|9 7|1 9|8 5|13 5|6 9|8 2|13 9|7 8|9 8|11 6|13 6|9 7|9 6|11 7|1 7|9 9|10 7|13 9|5 9|7 8|8 6|13 6|7 2|5 1|13 5|13 4|13 1|8 7|13 3|6 5|1 7|10 4|6 2|11 4|11 8|6 5|4 1|13 6|13 2|2 5|9 9|11 4|6 2|7 1|1 5|1 1|10 4|3 6|6 2|9 4|10 4|10 1|5 9|5 9|10 7|13 4|13 9|7 7|1 9|4 6|12 4|1 1|4 4|13 2|7 7|8 3|7 4|10 4|1 9|4 8|7 5|2 7|13 7|7 1|1 5|12 5|6 1|5 5|7 7|1 1|10 7|11 8|11 9|4 2|6 5|13 4|11 5|11 9|fitness = 48.8307792331651|time = 200.01206459003862|false
15 solution:
13 7|13 2|2 4|13 5|9 9|8 6|6 9|13 1|1 1|13 9|11 4|11 1|8 6|6 3|6 7|5 3|5 9|4 2|3 1|10 8|9 9|8 7|11 4|13 1|13 8|1 6|8 2|13 0|11 6|10 1|9 6|13 6|7 8|9 8|8 6|13 5|9 5|8 3|12 4|8 5|5 3|13 6|7 6|6 1|6 7|10 7|13 1|7 9|6 7|7 4|9 5|6 7|11 7|13 9|6 8|1 4|13 9|9 7|8 5|4 9|7 7|13 9|1 6|9 7|11 4|6 3|4 8|10 1|13 7|5 7|13 4|2 8|13 0|9 1|8 9|13 9|2 4|3 3|5 6|11 5|11 7|3 3|8 5|6 9|5 7|4 4|5 9|8 1|4 5|13 8|10 8|6 1|13 9|12 9|6 7|8 8|7 6|4 4|1 2|1 7|12 3|12 4|1 5|13 8|5 4|10 4|5 5|6 0|2 8|6 8|7 4|13 6|12 8|1 8|9 0|3 3|10 7|4 1|3 6|13 5|6 5|3 3|2 9|2 9|6 3|5 6|13 3|7 8|2 5|7 9|fitness = 49.14138215741771|time = 184.13779243849896|true
16 solution:
5 5|7 5|7 2|8 7|5 9|1 8|1 1|6 8|8 1|13 8|3 6|12 9|6 4|10 5|7 4|13 4|10 9|2 1|1 9|7 3|11 4|7 6|8 4|3 3|13 1|13 1|11 6|8 0|4 8|6 4|5 9|7 4|5 5|5 1|8 1|5 9|9 8|6 8|3 2|13 3|13 3|13 5|5 9|12 4|9 9|7 2|13 8|13 7|10 6|4 5|13 9|13 7|9 9|12 4|5 2|3 1|13 9|10 2|2 6|13 4|9 8|10 6|9 7|1 8|6 9|7 4|13 3|11 5|13 6|5 1|11 3|6 4|5 9|10 5|7 7|11 2|4 3|3 6|5 5|11 7|1 9|6 6|10 1|5 9|13 5|9 7|8 5|8 7|6 1|2 9|7 7|8 3|2 6|8 5|11 9|5 6|9 3|9 6|9 7|13 6|10 6|3 4|13 8|10 7|5 6|12 5|11 2|13 1|11 7|11 0|9 8|10 8|8 6|13 5|11 9|12 9|3 5|5 3|4 0|8 1|3 4|13 0|7 7|11 4|6 4|13 4|1 5|6 3|6 6|5 9|fitness = 48.99901952484839|time = 196.24346637111987|true
17 solution:
7 1|5 6|6 3|13 7|7 9|8 0|13 1|13 0|13 6|6 5|8 0|11 2|13 7|5 8|13 5|12 7|13 1|6 4|12 7|10 9|11 6|9 1|11 0|13 8|2 9|12 6|4 6|9 8|5 3|3 4|10 5|7 2|10 6|1 8|13 4|4 7|7 4|2 5|11 6|11 5|5 8|9 4|2 7|8 3|2 6|4 5|13 8|7 8|5 6|3 7|1 8|13 9|5 9|6 7|10 7|9 8|11 1|3 4|11 1|13 4|5 9|5 5|7 8|11 3|7 6|13 8|10 9|1 2|13 6|3 5|13 5|5 9|8 2|10 7|4 3|4 6|10 1|8 3|6 5|1 7|3 3|12 2|11 9|1 5|12 9|6 8|9 4|11 2|8 8|10 2|6 7|6 3|9 9|1 9|13 8|13 8|13 6|5 4|1 9|7 5|6 3|13 5|6 6|5 9|12 7|9 8|1 4|8 3|8 5|12 4|1 1|8 8|7 3|2 0|11 9|13 6|11 4|9 3|4 7|13 4|7 5|9 7|1 9|7 6|8 9|13 2|4 6|4 7|8 7|10 7|fitness = 48.553620877049916|time = 196.888571288757|true
18 solution:
6 6|13 6|9 5|5 9|3 7|3 8|5 9|4 4|7 1|13 8|8 6|13 8|9 4|13 5|3 6|8 6|10 3|11 3|10 9|8 1|9 1|3 6|5 4|1 8|1 8|10 5|9 2|11 3|5 7|5 8|12 4|7 2|11 5|10 5|10 4|9 6|7 5|13 4|2 7|6 5|6 2|6 2|11 9|8 4|10 4|12 6|11 3|4 6|9 4|4 1|7 6|4 4|11 5|9 5|8 6|5 6|5 5|7 5|11 6|3 6|11 7|11 8|9 1|13 8|8 7|9 2|7 9|5 7|6 7|10 8|6 7|5 5|6 5|9 2|12 1|9 7|12 3|7 7|7 3|7 8|12 8|11 7|8 6|8 9|3 9|8 4|7 1|4 8|5 7|9 6|6 8|8 5|6 6|8 8|6 8|9 3|10 3|10 4|9 2|13 3|11 1|1 4|8 5|7 7|10 5|5 7|6 9|9 3|10 2|9 7|7 7|10 7|13 3|9 9|7 9|5 4|2 5|7 9|5 9|12 2|7 1|4 4|3 2|6 7|13 8|8 2|6 2|6 2|8 4|7 5|fitness = 48.60755915164611|time = 197.00294810639687|true
19 solution:
5 5|1 4|13 9|4 1|9 8|12 0|11 9|9 7|6 7|13 9|9 6|12 7|6 0|13 9|5 4|7 9|7 4|11 1|7 6|5 0|5 5|9 9|11 5|7 9|9 8|12 5|8 6|12 4|6 1|5 8|4 4|4 5|13 4|12 3|10 5|11 1|10 8|4 6|1 5|9 8|11 3|13 5|7 6|3 3|11 9|4 7|2 9|12 1|13 3|9 5|8 9|1 4|6 9|13 7|13 3|11 6|12 4|1 4|12 8|5 3|12 6|13 9|13 2|6 4|12 6|6 0|5 9|5 7|8 4|10 9|4 7|6 6|11 8|7 9|10 7|4 1|7 1|5 6|3 5|2 6|5 5|2 5|12 3|13 7|7 1|9 6|12 1|11 6|11 1|10 7|13 3|9 4|13 1|12 6|10 5|5 3|12 2|2 7|9 5|13 6|5 8|7 4|9 6|9 9|8 5|8 3|7 5|1 7|9 6|4 2|13 6|4 9|5 4|9 7|10 7|2 3|9 9|5 9|5 7|10 0|12 9|13 1|11 8|5 5|10 8|7 4|10 7|11 8|13 9|9 4|fitness = 48.8707082760237|time = 195.40480347799567|true
20 solution:
5 6|4 9|7 9|8 4|9 5|5 7|6 1|1 6|9 1|5 5|13 5|13 6|10 3|11 7|6 8|2 5|2 8|13 2|1 2|12 3|13 6|13 1|4 5|13 9|6 9|2 7|1 7|11 9|8 9|13 4|8 4|7 9|1 7|11 3|5 0|3 8|9 1|11 7|9 9|13 4|13 3|8 5|6 6|5 8|2 9|5 8|13 3|5 0|5 6|7 4|11 8|8 4|13 2|8 4|7 8|9 4|5 9|13 6|12 5|13 3|9 3|6 6|4 6|13 6|8 7|6 0|9 4|7 2|7 7|13 6|8 5|13 5|9 6|5 4|2 5|10 3|13 1|8 8|5 4|5 1|13 8|13 8|13 5|13 8|8 5|5 7|5 7|3 4|13 5|9 1|6 7|9 6|9 5|9 8|13 8|10 3|13 3|3 6|13 9|2 2|8 1|13 2|11 5|1 6|9 6|5 3|5 6|8 6|6 6|10 8|1 4|11 7|5 7|4 7|6 0|13 3|7 7|2 5|5 8|10 4|13 9|13 7|8 6|11 3|6 2|11 3|6 7|9 9|10 1|9 6|fitness = 48.680063068967186|time = 193.5071432884622|true
21 solution:
13 4|11 9|6 5|9 7|13 2|1 6|5 9|11 7|1 3|11 6|9 3|9 6|13 4|13 9|10 8|13 3|3 0|2 3|3 4|8 8|5 2|13 5|2 3|12 9|9 8|8 0|2 9|3 4|7 5|3 8|6 1|1 2|6 4|13 8|13 6|12 9|12 4|11 7|5 7|3 7|13 6|6 1|13 7|10 8|13 9|6 6|10 9|11 1|9 9|5 5|9 6|6 3|4 6|1 5|7 3|11 7|11 9|8 9|1 6|3 6|13 8|12 5|7 0|1 5|13 6|11 1|13 0|13 4|8 3|6 3|11 6|13 5|9 2|13 9|8 1|4 5|12 7|13 9|12 5|13 7|9 6|7 3|6 5|11 1|6 5|7 2|12 4|10 8|11 4|9 8|13 6|13 7|3 3|6 7|8 7|4 7|10 1|13 9|13 1|8 9|4 3|6 8|13 4|8 5|5 0|13 6|9 7|13 1|7 8|12 7|9 8|11 4|1 7|13 6|8 1|7 8|8 7|10 1|9 0|9 7|12 1|5 6|7 7|4 4|8 0|1 4|10 9|8 7|10 3|10 6|fitness = 48.664118451683386|time = 180.92389299027826|true
22 solution:
11 6|7 9|11 9|5 5|7 7|8 8|5 8|13 1|13 7|8 2|11 6|13 6|13 9|9 9|7 9|10 1|11 9|9 2|8 9|3 6|8 7|12 7|2 6|8 7|13 5|8 6|12 9|12 4|13 7|9 5|11 4|6 1|10 9|8 6|7 7|7 1|13 1|7 3|6 7|6 3|9 9|7 8|10 9|5 5|10 4|9 8|4 5|3 8|7 6|6 2|1 8|11 4|2 4|4 4|13 6|5 5|13 6|3 7|4 0|3 1|8 8|12 4|4 7|7 0|12 3|5 9|8 2|8 3|8 4|9 2|5 5|7 5|8 0|6 8|3 7|10 8|13 3|3 3|3 5|13 1|9 8|6 5|13 5|6 2|13 1|4 5|9 4|9 7|13 7|9 5|9 1|6 8|13 8|12 3|9 9|8 7|2 6|6 1|5 8|13 6|6 4|12 5|8 6|11 4|7 8|12 7|9 7|9 3|5 9|10 3|9 5|1 8|13 1|3 5|11 4|9 6|8 2|11 6|13 7|12 5|9 7|13 4|13 7|13 4|2 2|7 6|6 1|8 8|9 8|8 9|fitness = 48.94047129111953|time = 196.42244142178436|true
23 solution:
9 5|9 4|13 7|5 2|11 7|6 5|7 4|11 7|9 7|6 9|6 8|8 8|1 5|8 8|11 7|2 6|9 8|9 3|11 9|5 9|7 7|13 6|11 3|8 5|1 6|7 3|4 8|1 4|3 6|6 5|9 5|8 9|5 6|7 2|7 4|11 7|10 8|7 8|13 8|6 5|5 7|4 1|3 3|8 7|3 5|9 2|13 3|8 9|12 5|4 3|2 6|5 4|9 4|10 8|10 7|2 5|4 3|13 5|8 3|10 6|6 7|10 2|2 6|1 8|8 1|12 5|6 8|4 9|5 0|5 6|9 6|8 9|13 3|12 2|9 5|13 3|8 3|9 3|5 3|5 6|10 8|8 5|13 6|13 9|7 4|9 6|5 9|10 9|10 1|9 6|7 8|13 5|5 1|7 5|6 9|2 6|12 6|13 6|8 9|10 8|13 2|5 3|8 7|6 4|10 5|6 4|5 7|12 6|8 8|8 5|4 4|12 4|6 8|7 7|4 9|8 7|10 7|12 4|12 8|5 4|7 7|10 4|12 2|11 5|7 8|7 7|7 4|13 4|9 8|11 7|fitness = 48.78135928124637|time = 198.22680237817985|true
24 solution:
12 4|5 2|13 4|11 7|5 8|7 0|8 5|6 7|12 8|13 0|8 5|9 4|8 8|9 5|7 3|9 9|11 1|12 7|5 8|5 9|9 1|11 9|9 9|4 8|7 5|1 9|2 5|8 9|13 6|8 6|8 8|12 7|11 8|6 8|12 6|10 5|11 7|9 3|9 5|8 7|2 8|10 4|4 6|6 6|6 6|9 3|11 8|5 3|11 5|5 6|5 6|13 5|8 3|8 5|5 3|8 7|5 8|3 8|11 7|7 3|6 4|12 7|11 1|11 4|7 2|4 0|5 5|1 1|9 7|6 2|6 9|2 2|5 6|5 5|4 3|5 9|8 9|4 9|9 4|12 4|4 5|9 5|4 7|8 7|6 5|7 4|1 4|11 3|13 2|8 9|10 7|9 3|10 9|4 5|13 1|11 9|7 4|7 7|7 4|5 9|6 1|13 6|5 9|3 1|8 2|2 6|11 7|2 7|13 8|12 8|5 8|11 6|9 1|1 8|11 7|12 1|5 5|9 2|4 5|8 5|3 6|6 0|11 9|13 3|4 4|10 6|1 6|10 7|10 9|10 2|fitness = 48.89266943378404|time = 198.07221125724467|true
25 solution:
13 3|6 8|9 9|4 7|3 1|12 4|11 6|10 6|9 7|7 9|13 1|8 7|2 0|2 3|13 4|1 5|9 5|13 4|1 9|5 9|1 6|13 2|12 4|11 8|8 1|1 5|12 1|13 2|7 3|8 1|13 4|9 4|10 4|12 9|11 4|13 7|13 3|12 1|7 7|13 6|13 5|5 2|12 5|10 3|13 9|5 7|8 0|13 0|13 5|5 5|11 8|10 5|10 7|8 9|2 7|6 9|11 3|9 5|11 6|13 9|6 9|13 0|13 3|11 5|6 8|6 4|13 4|7 7|4 2|8 7|10 2|2 6|6 5|8 8|4 3|12 8|13 8|5 8|11 7|13 6|6 2|3 3|13 4|10 8|11 8|6 5|5 9|9 0|13 6|6 7|4 9|9 7|7 6|13 7|5 6|4 4|12 6|13 7|1 4|2 8|4 6|13 3|12 8|9 3|8 6|13 7|6 1|9 9|13 6|13 8|7 7|13 5|9 8|6 4|8 9|12 4|12 9|9 4|6 1|10 5|9 5|9 9|11 8|13 4|4 9|1 7|11 9|12 6|1 3|5 5|fitness = 48.703283409003284|time = 198.16239977874346|true
26 solution:
13 1|9 4|5 7|7 5|2 0|11 5|13 9|1 6|8 6|8 9|10 7|12 4|7 5|10 7|7 7|13 3|5 3|3 9|13 4|10 5|10 5|5 5|13 6|11 5|11 3|9 4|11 4|9 7|13 6|13 7|10 1|10 5|6 4|12 1|4 8|9 3|7 6|13 2|8 6|5 3|13 6|2 6|5 2|2 1|11 1|12 1|7 7|11 9|7 6|5 8|10 7|7 6|9 6|10 6|10 2|5 5|6 9|1 3|8 1|4 5|6 1|10 2|9 9|10 5|1 9|5 4|7 7|4 2|8 2|13 4|9 6|9 3|9 4|8 9|11 6|7 3|13 6|7 7|6 9|1 4|13 5|3 8|11 2|2 6|7 0|4 5|13 5|3 8|2 9|10 7|2 5|13 9|4 4|7 4|9 4|7 6|7 2|11 2|8 3|13 9|5 7|3 8|13 7|11 5|9 6|10 9|10 9|7 4|9 7|9 8|8 9|13 4|4 3|10 7|2 8|9 9|1 1|11 7|6 0|1 3|13 6|9 7|8 4|1 5|11 8|11 8|13 3|8 3|11 4|3 2|fitness = 48.458250082708744|time = 196.62252569929913|true
27 solution:
6 6|13 6|3 1|6 1|5 3|5 1|11 9|9 7|8 8|7 8|9 5|12 7|13 9|6 7|5 9|12 8|6 3|4 3|4 7|12 9|8 3|3 6|10 5|4 6|8 2|11 9|6 6|5 4|5 1|7 9|9 8|7 4|7 6|3 6|2 8|7 7|9 9|4 1|8 4|11 3|8 4|4 1|8 7|4 4|7 6|9 6|8 5|5 3|5 6|7 4|3 1|12 7|5 9|6 2|9 5|12 3|1 5|12 1|8 7|10 1|2 5|5 7|9 1|9 6|11 2|8 5|12 9|9 3|5 5|4 8|5 6|2 6|7 7|5 8|11 6|9 3|13 4|8 4|8 9|7 6|8 7|9 4|5 9|4 5|13 1|9 2|11 2|7 0|12 5|2 1|10 8|12 7|1 8|3 1|13 1|4 9|5 6|6 7|8 5|2 2|7 7|8 5|11 4|7 8|11 2|7 8|10 7|3 8|7 4|5 7|7 5|6 5|1 9|4 5|9 4|2 8|9 3|2 8|1 2|5 1|5 3|4 5|8 5|2 2|13 7|13 3|13 9|10 7|12 6|7 5|fitness = 48.72462120742835|time = 192.29652851116674|true
28 solution:
9 9|4 7|8 5|13 2|1 8|7 8|9 9|9 5|11 5|8 6|8 2|11 6|3 5|1 4|4 5|8 4|7 8|10 6|11 2|12 9|12 7|1 7|12 8|9 7|11 1|11 6|9 3|12 1|5 6|4 1|7 5|5 6|11 5|5 7|13 1|6 6|2 4|4 7|9 5|9 9|6 1|12 9|3 1|10 7|6 9|5 1|8 8|8 5|8 8|8 6|7 8|6 4|10 5|12 7|7 0|7 6|11 5|11 4|4 1|8 2|7 5|12 8|13 6|13 4|1 9|8 7|12 9|7 3|1 1|2 8|3 7|9 9|12 4|3 7|4 8|1 1|4 4|6 9|13 3|9 2|5 1|5 2|8 5|9 9|1 4|7 8|13 5|13 1|2 3|8 9|11 9|12 4|10 4|9 8|11 4|10 1|12 1|13 6|9 7|5 8|10 5|13 2|4 9|8 3|3 3|8 9|9 9|8 9|8 0|10 8|7 4|13 8|5 1|9 2|11 7|6 8|1 6|9 8|8 6|3 3|11 5|13 6|11 5|3 9|8 0|9 7|5 7|12 6|5 3|12 4|fitness = 48.92272461263095|time = 196.07985379110124|true
29 solution:
5 6|9 8|13 2|9 6|13 1|3 8|8 7|8 7|11 7|12 8|9 9|4 4|5 5|11 6|5 5|7 6|7 7|11 5|6 5|7 7|13 8|9 9|9 7|13 6|11 4|11 7|13 6|3 7|8 4|13 5|12 7|9 7|12 8|6 3|8 5|1 9|11 8|8 6|7 7|9 9|11 9|7 1|8 4|12 1|12 1|8 6|9 8|5 4|3 9|11 6|13 3|12 3|10 7|11 9|9 7|10 7|6 4|13 7|5 9|12 5|4 9|7 9|4 4|13 8|8 9|7 3|6 7|13 3|5 4|3 9|1 6|9 4|13 1|6 5|9 8|7 1|9 5|13 1|13 9|13 8|6 9|10 1|11 8|3 8|12 6|3 5|2 7|12 4|13 6|13 3|12 4|10 8|10 5|9 9|4 3|2 5|13 9|6 7|11 2|6 5|10 5|7 5|9 9|11 8|9 8|9 2|11 8|8 2|6 1|10 6|5 4|8 6|11 6|13 4|3 8|13 6|11 6|13 4|3 3|7 3|7 6|8 3|13 7|11 4|9 7|6 9|9 1|9 5|6 1|10 8|fitness = 48.93419087685444|time = 194.74189195719597|true
30 solution:
13 5|9 9|7 3|10 6|5 1|8 8|11 9|1 7|8 6|9 9|5 9|9 8|4 5|6 9|6 4|5 9|7 4|12 7|8 7|8 6|10 8|3 6|5 6|2 1|1 3|10 5|7 9|10 5|9 2|13 1|10 4|13 7|2 2|1 5|6 3|3 2|11 9|5 6|3 6|12 5|9 6|10 8|13 4|2 3|5 4|13 8|8 7|1 1|8 1|9 4|3 4|12 1|7 1|13 6|10 4|9 5|8 5|9 0|12 8|2 5|6 1|13 6|13 3|6 7|6 1|1 1|9 3|11 6|13 3|11 6|5 3|8 2|4 7|13 6|6 1|7 7|9 2|11 2|11 7|5 9|11 7|6 6|5 4|8 2|13 9|10 4|10 7|6 8|8 5|6 7|2 8|7 6|9 5|3 8|12 5|5 4|3 4|8 7|6 8|9 2|9 9|8 4|13 7|5 7|11 4|5 0|10 4|7 7|7 8|9 8|10 9|13 9|4 3|5 3|12 6|12 1|10 9|10 9|2 9|6 9|9 7|13 2|9 5|1 6|12 5|8 5|13 3|12 7|7 8|13 9|fitness = 48.84095006719719|time = 189.060857406459|true
The final result:
fmax = 49.14138215741771
fmin = 48.458250082708744
fmean = 48.76595697311979
standard std = 0.1643033145183566
runtime = 0–° ±,13∑÷,34√Î,440∫¡√Î
-1 solution:
13 7|13 2|2 4|13 5|9 9|8 6|6 9|13 1|1 1|13 9|11 4|11 1|8 6|6 3|6 7|5 3|5 9|4 2|3 1|10 8|9 9|8 7|11 4|13 1|13 8|1 6|8 2|13 0|11 6|10 1|9 6|13 6|7 8|9 8|8 6|13 5|9 5|8 3|12 4|8 5|5 3|13 6|7 6|6 1|6 7|10 7|13 1|7 9|6 7|7 4|9 5|6 7|11 7|13 9|6 8|1 4|13 9|9 7|8 5|4 9|7 7|13 9|1 6|9 7|11 4|6 3|4 8|10 1|13 7|5 7|13 4|2 8|13 0|9 1|8 9|13 9|2 4|3 3|5 6|11 5|11 7|3 3|8 5|6 9|5 7|4 4|5 9|8 1|4 5|13 8|10 8|6 1|13 9|12 9|6 7|8 8|7 6|4 4|1 2|1 7|12 3|12 4|1 5|13 8|5 4|10 4|5 5|6 0|2 8|6 8|7 4|13 6|12 8|1 8|9 0|3 3|10 7|4 1|3 6|13 5|6 5|3 3|2 9|2 9|6 3|5 6|13 3|7 8|2 5|7 9|fitness = 49.14138215741771|time = 184.13779243849896|true
