1 solution:
1 1|1 1|3 3|5 5|1 1|1 3|2 7|5 1|5 3|1 3|2 2|1 3|4 3|2 2|1 4|5 3|2 4|4 4|1 5|1 1|4 2|2 4|1 3|1 3|1 5|1 3|5 5|5 0|1 3|1 7|4 1|1 1|2 1|1 0|3 5|2 4|1 1|1 6|4 1|5 3|2 4|5 5|1 1|4 4|2 3|5 7|3 4|1 1|2 1|2 1|fitness = 20.495596969359035|time = 144.523285400917|true
2 solution:
1 1|4 3|1 4|4 4|1 3|2 3|4 4|3 7|4 1|2 3|4 5|3 2|4 4|1 2|3 2|6 1|1 5|3 2|1 2|3 3|1 5|4 1|3 3|5 3|3 3|4 1|1 4|1 1|5 5|5 4|4 4|2 2|1 5|2 2|1 1|5 3|4 0|1 1|1 3|4 1|2 3|1 4|5 1|4 3|4 1|1 4|3 3|4 1|4 2|2 1|fitness = 20.39530384379531|time = 148.93632094614532|true
3 solution:
4 3|4 7|4 2|2 3|5 1|2 3|1 1|1 5|5 3|5 5|1 7|1 3|4 5|4 3|6 0|5 5|3 1|4 4|4 4|1 3|1 4|5 4|1 2|5 7|5 1|6 5|5 3|1 4|6 5|6 4|1 1|4 3|6 3|4 1|2 8|2 1|6 3|4 1|6 4|4 3|4 4|1 4|6 5|3 5|1 7|5 1|6 2|6 3|1 1|6 3|fitness = 20.703543448110693|time = 132.56657729158428|true
4 solution:
1 1|5 7|6 1|6 3|6 1|1 1|1 1|4 6|1 3|2 3|1 3|6 3|4 2|1 0|1 0|6 4|1 4|4 2|1 4|1 1|5 3|1 1|5 3|2 3|1 5|1 3|1 4|2 7|1 7|1 1|1 3|6 5|1 1|6 7|6 3|6 3|1 4|4 1|6 3|1 4|2 6|1 3|1 8|6 4|1 4|2 1|1 7|4 1|6 4|4 4|fitness = 20.931882991317444|time = 149.12548452258818|true
5 solution:
6 3|4 4|1 7|1 3|5 3|5 4|5 1|1 0|1 1|4 4|1 4|1 1|1 3|3 0|4 4|1 3|6 1|1 5|6 4|6 3|2 4|1 4|1 1|6 4|2 7|6 3|6 5|4 1|4 4|2 1|2 6|2 3|6 5|6 5|1 3|3 3|6 3|4 3|5 6|5 1|6 4|6 1|1 7|1 1|5 8|4 1|6 5|4 3|1 3|5 1|fitness = 20.78160057379537|time = 147.71829306549543|true
6 solution:
6 7|1 4|4 2|4 3|6 1|1 3|2 1|5 6|5 3|3 3|5 4|3 4|1 8|5 4|6 0|6 4|4 1|1 4|5 0|5 7|5 0|6 2|1 4|3 3|2 1|4 3|2 4|5 5|4 3|5 3|4 7|4 3|5 7|1 2|4 1|6 7|1 4|6 4|1 1|6 3|5 3|4 6|2 3|6 3|1 3|6 7|3 7|6 7|1 1|4 3|fitness = 20.299611209702704|time = 146.01866787591783|true
7 solution:
1 3|1 1|6 5|5 5|1 3|5 4|1 3|1 4|4 3|6 1|6 3|3 1|1 2|6 0|6 5|1 4|1 5|1 0|5 4|4 3|6 4|4 3|4 1|1 1|1 5|6 7|5 5|5 5|6 5|5 4|1 1|4 0|6 1|2 5|4 5|5 3|4 4|3 3|1 5|5 3|2 3|6 3|4 7|1 7|1 1|4 1|4 0|4 4|6 3|5 6|fitness = 20.86613929189121|time = 147.62408565887654|true
8 solution:
2 3|2 3|2 5|5 4|5 1|1 4|5 6|1 0|5 5|1 3|5 1|1 3|1 3|5 5|6 7|1 4|1 3|5 1|4 3|1 1|1 4|6 1|5 4|5 3|6 5|6 7|6 3|5 5|1 7|1 7|1 4|1 1|2 1|1 3|4 3|1 7|1 1|6 0|2 3|1 7|2 7|1 5|4 7|1 4|4 7|4 4|1 5|1 4|2 3|5 2|fitness = 20.378764754650415|time = 147.05276853778312|true
9 solution:
1 3|2 1|4 0|2 7|3 3|6 7|4 3|1 2|1 1|4 4|1 0|5 1|1 6|1 0|1 3|5 2|2 4|1 2|1 4|1 5|5 8|1 4|4 7|4 1|1 5|1 0|2 3|4 1|5 5|1 3|1 3|1 0|1 2|6 5|4 1|5 4|1 1|6 1|6 4|4 1|1 3|1 1|1 5|4 1|1 4|5 3|1 3|4 3|1 1|4 7|fitness = 20.37832744717864|time = 135.71532661667968|true
10 solution:
4 3|1 3|1 5|1 4|3 1|4 7|2 3|2 2|4 1|1 1|4 5|1 5|4 4|4 3|2 4|5 5|2 7|4 3|2 4|5 7|5 1|4 3|5 5|4 1|4 5|5 3|4 3|4 4|2 3|2 5|5 5|4 5|4 0|2 5|4 3|5 4|1 5|3 3|4 4|3 4|4 4|4 3|2 4|4 3|2 4|4 1|1 1|4 3|4 1|5 2|fitness = 20.447123676802956|time = 149.69366005295925|true
11 solution:
1 4|1 1|4 4|5 2|1 1|2 1|1 4|1 5|1 3|5 1|2 1|1 5|5 3|4 4|4 0|1 3|2 3|4 2|2 1|3 3|5 2|2 4|1 5|2 3|4 3|1 3|1 1|6 3|1 1|2 3|1 1|4 4|4 1|1 4|1 1|1 4|1 2|4 3|4 6|4 3|4 1|1 4|4 4|1 2|2 2|4 3|1 2|4 1|1 2|1 1|fitness = 20.674996457665333|time = 149.25018994637747|true
12 solution:
1 1|1 2|1 3|1 4|1 1|2 3|1 1|1 0|1 3|2 5|1 0|1 1|1 3|1 0|2 2|5 4|1 4|1 0|1 2|1 3|1 4|2 1|1 3|1 1|1 1|6 3|3 1|3 3|4 4|1 4|1 4|1 4|3 3|4 4|1 0|1 1|1 1|2 4|1 3|2 3|3 3|1 2|6 2|1 3|4 1|1 2|4 0|1 3|4 1|3 3|fitness = 20.611772664649706|time = 146.1406544261751|true
13 solution:
5 6|4 1|6 2|1 1|1 3|1 4|5 5|1 0|6 3|1 1|1 2|3 4|1 0|4 2|4 7|2 4|1 3|4 0|4 3|3 3|4 1|4 4|1 1|2 3|6 1|1 3|5 5|4 4|6 5|1 5|5 0|6 3|6 4|1 1|4 5|3 4|1 3|1 1|4 3|1 4|1 4|3 3|1 5|4 1|2 3|4 3|1 1|6 3|1 1|1 3|fitness = 20.671655669768697|time = 141.49460307768743|true
14 solution:
1 7|5 1|1 2|5 7|4 3|4 3|1 4|4 0|5 1|5 1|4 3|5 5|1 1|5 0|4 6|5 5|4 3|3 4|3 3|4 1|3 4|5 2|1 4|5 3|2 5|6 4|5 7|1 3|6 5|5 7|4 4|5 1|5 1|5 2|1 4|6 3|4 4|4 5|5 8|5 6|1 3|5 1|2 4|2 4|1 3|5 1|4 7|4 4|4 3|5 2|fitness = 20.362954466845128|time = 134.76752300841298|true
15 solution:
6 3|5 7|1 2|2 4|5 3|1 1|6 7|6 1|4 3|5 3|1 1|1 3|6 7|5 6|5 7|6 3|4 1|1 1|1 7|1 1|4 1|1 3|1 4|5 7|4 0|5 1|1 4|5 6|4 1|5 3|5 7|1 5|5 1|5 2|1 4|6 7|5 3|4 5|1 5|4 3|5 5|1 4|1 0|6 3|6 1|6 8|3 2|5 3|1 2|5 4|fitness = 20.214826289935132|time = 130.96837281405953|true
16 solution:
4 1|1 3|4 3|5 7|3 3|4 7|5 7|1 0|1 3|5 3|1 5|4 6|1 5|5 1|1 1|1 5|1 4|1 6|1 7|1 3|4 4|6 4|1 1|5 1|3 6|1 7|2 4|2 4|6 5|4 3|5 3|5 4|2 3|4 4|6 3|4 4|6 1|4 3|6 1|6 7|6 7|1 5|1 4|6 4|4 3|1 1|1 1|4 1|4 3|1 3|fitness = 20.62972812089028|time = 148.96960489654052|true
17 solution:
6 3|4 1|4 4|5 2|4 7|2 1|6 4|1 1|1 3|5 7|6 1|2 5|1 1|2 4|2 4|4 3|4 1|4 0|4 3|1 7|5 3|1 1|1 1|1 1|4 3|1 1|5 3|4 1|6 4|1 3|4 3|4 3|1 2|6 4|4 3|5 8|1 5|2 3|4 3|1 1|4 5|4 2|1 5|5 2|1 4|4 4|4 8|3 3|6 4|6 5|fitness = 20.9152949845122|time = 145.72311754176886|true
18 solution:
4 4|1 1|2 4|1 3|4 2|5 3|1 4|2 2|1 3|5 3|1 4|4 3|2 3|2 2|1 4|1 4|5 1|2 5|1 3|3 3|1 1|4 3|4 1|1 4|1 2|4 3|1 4|1 3|2 1|1 1|2 4|1 7|1 1|2 3|5 2|1 2|4 3|1 4|1 1|1 1|2 0|5 2|4 0|1 7|2 1|3 1|4 1|1 4|2 4|2 3|fitness = 20.42312439628053|time = 145.80525442448635|true
19 solution:
2 3|4 1|5 1|1 4|1 7|5 0|2 3|1 6|5 3|4 7|1 7|1 5|1 3|5 1|4 1|1 4|1 7|4 6|6 4|4 1|1 4|1 1|1 3|1 3|1 5|4 3|1 3|1 3|4 1|4 3|4 1|1 2|5 1|5 5|5 0|2 3|1 5|1 1|4 3|5 4|2 1|5 8|1 5|1 5|1 3|2 3|4 8|4 1|4 4|2 4|fitness = 20.8228836098295|time = 144.33615297591425|true
20 solution:
1 1|1 1|4 6|1 1|2 3|4 4|1 4|3 5|3 3|6 1|4 3|1 2|1 4|6 2|1 4|2 1|1 0|1 3|5 0|1 4|4 7|5 5|4 4|2 3|6 3|4 1|2 4|1 3|5 3|2 2|5 5|1 0|1 5|5 4|3 4|2 3|2 2|4 1|1 1|2 3|2 2|1 4|4 5|4 1|2 3|4 4|3 1|4 3|1 1|5 1|fitness = 20.505522938908985|time = 144.98615750603875|true
21 solution:
1 1|3 4|1 4|1 3|4 4|2 1|1 1|4 2|1 3|1 4|5 1|1 6|1 3|3 0|1 5|4 3|1 4|4 3|2 3|1 1|4 3|5 5|2 2|3 3|1 2|1 1|4 3|1 3|1 1|3 4|2 6|1 1|1 1|3 2|1 1|2 3|1 4|2 1|5 3|1 4|4 4|1 4|4 4|1 0|2 0|1 1|1 5|1 4|1 3|2 1|fitness = 20.321019340183483|time = 149.12576530565255|true
22 solution:
5 3|5 4|4 4|4 2|4 1|5 1|4 3|4 3|4 3|4 1|2 4|5 3|4 3|4 0|4 4|1 3|4 1|1 5|1 1|5 5|4 1|5 2|4 1|5 5|1 1|1 4|4 3|5 1|2 7|1 3|2 3|4 4|1 4|4 5|5 2|3 4|5 4|5 1|2 3|5 5|2 3|4 4|4 4|5 2|4 3|4 3|4 4|5 5|5 2|4 3|fitness = 20.673604793140893|time = 147.0730416036736|true
23 solution:
2 4|1 3|1 4|4 4|1 4|2 3|4 3|1 5|2 3|1 1|1 4|1 3|1 4|4 5|5 0|2 3|4 7|1 4|1 3|1 7|1 4|2 1|1 3|1 3|2 1|4 3|5 2|4 3|2 4|4 3|1 4|1 0|1 1|1 7|4 1|4 1|5 0|4 5|1 5|2 4|5 2|4 1|3 2|5 3|1 3|5 1|2 2|5 1|1 1|1 3|fitness = 20.81451890831828|time = 149.23570173529686|true
24 solution:
2 1|4 1|6 0|6 4|5 5|6 3|1 4|4 4|1 1|2 4|4 1|3 3|1 3|1 4|2 5|2 5|1 0|1 2|1 4|1 4|4 3|5 3|2 3|1 1|6 5|6 3|1 1|4 7|1 3|3 3|6 3|1 1|2 4|4 1|1 3|5 7|1 4|2 4|1 1|1 1|4 5|1 2|1 4|3 4|6 3|2 3|1 0|1 1|5 5|5 0|fitness = 20.641870429506724|time = 148.32833739606454|true
25 solution:
1 3|1 4|1 4|2 1|1 4|4 3|4 3|1 6|2 1|1 3|1 4|4 0|1 3|1 6|1 1|6 5|2 2|4 4|1 2|1 1|1 1|5 0|4 3|4 1|1 2|5 3|5 5|1 1|1 3|1 1|1 1|1 1|1 4|1 1|5 2|4 4|2 3|1 7|6 6|2 1|4 1|4 3|1 3|1 4|5 2|1 5|1 3|4 4|2 7|1 1|fitness = 20.538119117815825|time = 149.20911384536788|true
26 solution:
5 3|4 1|1 2|4 5|5 3|1 2|4 4|5 2|1 3|3 1|5 5|1 1|4 0|1 4|2 5|1 4|2 4|3 3|4 3|1 0|1 4|5 5|5 1|2 1|4 5|1 1|3 3|5 3|2 6|1 4|1 5|1 5|1 4|5 5|5 3|1 1|2 3|2 3|4 3|4 3|1 3|1 4|1 4|1 1|2 2|1 0|3 1|5 4|2 3|4 3|fitness = 20.168251154288292|time = 144.22029830621733|true
27 solution:
4 1|2 3|3 3|2 4|1 2|2 3|2 1|1 2|4 1|2 2|1 4|2 3|3 3|2 4|1 0|1 2|3 1|2 2|2 2|4 4|4 4|3 5|2 4|1 1|2 1|3 3|4 1|2 4|5 4|1 1|4 3|1 2|1 2|2 2|3 2|4 1|1 4|1 4|5 3|4 5|1 1|2 3|2 3|1 1|2 3|1 4|4 1|1 3|1 3|1 3|fitness = 20.263968392958667|time = 146.82110278971638|true
28 solution:
1 1|5 1|1 2|5 2|6 3|4 4|4 3|1 2|2 3|1 2|1 3|1 3|1 4|1 2|2 4|1 1|1 4|1 2|1 3|1 2|5 2|4 1|1 1|1 4|1 5|1 0|5 1|1 3|1 1|1 1|1 0|1 3|1 3|5 1|3 5|1 3|2 4|4 3|4 1|1 5|1 4|1 2|1 5|4 4|1 3|6 5|1 1|1 3|1 4|1 1|fitness = 20.568936486576693|time = 143.73854269100661|true
29 solution:
1 1|4 3|2 2|1 4|5 3|4 1|2 4|1 5|1 3|5 3|2 5|1 4|3 4|2 5|4 3|4 4|1 3|4 0|4 3|1 1|5 3|4 3|5 5|1 1|1 4|1 4|1 2|5 5|1 1|4 1|4 0|1 3|1 2|1 4|1 4|1 4|4 4|1 2|5 3|2 1|4 4|1 1|4 1|4 3|1 3|1 1|4 2|5 2|1 4|5 0|fitness = 20.508589961721707|time = 149.81205581638315|true
30 solution:
1 1|4 7|1 3|6 3|1 3|1 1|6 8|1 5|4 4|4 4|4 1|1 4|6 1|1 2|6 2|5 2|1 4|1 2|1 8|1 3|4 7|5 5|1 6|1 3|1 1|1 7|1 7|6 3|1 3|2 7|2 4|1 6|4 4|1 1|1 1|1 1|2 4|1 4|5 3|1 3|1 7|4 1|1 3|2 3|1 4|2 3|1 1|1 3|1 1|1 1|fitness = 20.69704322723139|time = 148.60143737528938|true
The final result:
fmax = 20.931882991317444
fmin = 20.168251154288292
fmean = 20.556885853921038
standard std = 0.2110679845961731
-1 solution:
1 1|5 7|6 1|6 3|6 1|1 1|1 1|4 6|1 3|2 3|1 3|6 3|4 2|1 0|1 0|6 4|1 4|4 2|1 4|1 1|5 3|1 1|5 3|2 3|1 5|1 3|1 4|2 7|1 7|1 1|1 3|6 5|1 1|6 7|6 3|6 3|1 4|4 1|6 3|1 4|2 6|1 3|1 8|6 4|1 4|2 1|1 7|4 1|6 4|4 4|fitness = 20.931882991317444|time = 149.12548452258818|true
