1 solution:
6 8|6 1|1 8|5 2|4 3|4 3|5 3|1 3|1 3|6 7|1 4|1 2|4 3|5 7|4 6|2 1|6 5|5 5|4 4|4 7|5 7|4 1|1 3|5 3|3 5|5 3|5 3|4 4|3 4|1 3|4 7|2 2|5 5|4 1|4 4|5 1|2 4|2 3|2 4|4 2|2 7|2 3|4 4|6 4|6 7|1 1|6 1|6 1|6 4|6 3|fitness = 20.614236859662935|time = 137.95324995241418|true
2 solution:
2 1|4 8|3 6|4 4|1 7|1 1|1 4|4 5|4 7|6 3|4 3|1 6|2 4|2 6|4 7|2 5|4 8|1 3|1 1|2 3|5 4|5 1|6 5|2 3|5 1|1 3|3 3|2 7|1 1|1 3|2 3|2 3|5 8|1 1|3 2|6 1|6 3|5 6|2 4|3 3|1 5|6 4|3 5|4 5|2 7|6 7|3 8|4 3|2 5|4 4|fitness = 20.18976364180015|time = 138.19036987942783|true
3 solution:
4 3|4 4|3 1|2 8|4 7|1 3|5 3|1 2|2 3|5 2|5 7|3 7|2 3|2 2|2 4|4 4|1 4|1 7|5 6|5 4|2 4|4 5|4 5|6 3|2 1|5 3|4 3|6 3|5 7|5 1|2 3|4 4|5 7|5 0|6 3|4 4|4 5|6 1|4 1|3 3|4 7|2 1|4 5|5 4|4 4|2 3|2 5|4 3|3 4|1 4|fitness = 20.57580123120513|time = 149.06426056540957|true
4 solution:
2 3|4 3|5 1|2 3|3 3|5 3|4 4|2 3|5 3|4 1|5 3|2 1|2 3|2 1|2 8|4 7|3 1|4 6|3 1|4 1|3 1|5 7|4 7|1 7|4 7|1 5|4 1|4 4|2 3|5 8|1 8|4 3|4 4|2 4|6 5|2 4|4 4|4 5|2 3|6 4|5 8|1 2|6 3|3 7|1 1|4 5|6 4|5 3|3 8|6 4|fitness = 20.364985915243235|time = 144.88562637890766|true
5 solution:
5 6|2 6|4 2|5 1|4 3|1 4|6 3|3 6|4 3|2 1|2 5|4 4|4 1|3 4|4 5|2 1|4 5|4 4|4 4|4 3|3 3|2 1|5 3|4 1|4 8|2 3|5 8|4 1|3 3|2 3|4 6|4 1|4 3|5 1|6 5|6 7|6 8|4 3|4 5|5 1|3 2|3 4|3 3|2 4|1 3|5 7|6 8|5 3|4 1|4 3|fitness = 20.49314828309654|time = 148.37277326963914|true
6 solution:
1 4|4 3|4 5|4 7|6 4|1 3|2 4|5 5|5 3|6 4|6 7|2 4|1 3|3 8|4 5|6 2|2 7|1 3|1 5|6 3|4 3|4 4|2 3|1 1|1 1|5 6|3 1|1 4|5 8|6 3|2 4|6 8|3 7|6 1|5 3|4 4|2 1|6 1|6 1|1 1|5 5|6 4|1 2|1 4|2 3|3 3|2 7|6 5|4 3|2 1|fitness = 20.514254794802174|time = 142.78507443681985|true
7 solution:
4 4|4 3|4 5|3 3|2 3|6 5|4 1|4 5|2 3|3 3|5 8|1 0|5 6|4 2|3 4|1 1|4 7|4 1|3 3|5 3|6 7|2 5|5 6|4 3|1 1|1 5|6 1|6 1|3 7|2 1|1 5|3 3|6 1|2 1|2 7|1 8|4 2|5 5|4 3|4 3|4 7|2 4|5 1|1 3|4 4|4 4|4 4|5 3|4 3|1 8|fitness = 20.258740837628306|time = 146.7420074676655|true
8 solution:
4 1|4 7|4 5|1 4|2 1|1 1|1 1|3 4|5 3|5 4|5 4|4 4|1 3|1 4|4 2|1 3|5 3|5 2|1 5|5 5|2 3|5 5|5 7|2 3|4 4|3 7|4 3|1 1|2 3|1 4|4 3|2 0|6 1|2 4|1 1|2 7|6 5|1 8|4 7|4 1|5 5|4 1|5 3|4 3|4 5|5 7|4 8|6 3|5 3|4 1|fitness = 20.518033581323962|time = 149.88659963063307|true
9 solution:
5 6|4 4|3 1|4 4|4 7|1 3|1 4|6 5|1 1|6 3|2 3|4 5|4 3|4 5|4 1|3 1|2 3|5 6|1 1|1 7|5 1|2 1|2 4|1 1|4 3|4 3|2 4|3 5|4 3|5 1|5 3|3 4|5 6|4 4|4 4|6 1|2 7|3 4|5 3|2 4|4 7|1 1|4 0|2 1|4 3|3 3|1 0|2 5|4 4|4 1|fitness = 20.364078345247407|time = 148.55180263143353|true
10 solution:
4 3|2 3|2 5|3 1|6 4|3 8|5 2|2 8|4 3|1 3|6 5|2 1|4 1|3 2|4 2|6 1|5 2|4 4|4 8|1 1|3 3|4 1|4 3|3 3|1 7|5 3|4 7|1 3|6 4|5 4|2 3|3 4|4 3|5 5|4 1|2 8|5 7|3 3|4 3|6 1|2 1|4 1|6 4|3 4|4 4|4 5|5 1|2 4|4 4|5 2|fitness = 20.170535303845867|time = 135.60115901311627|true
11 solution:
5 5|2 5|4 2|6 3|1 1|6 4|2 4|1 3|6 4|4 4|1 1|1 8|6 3|4 1|5 6|3 1|2 8|4 3|5 7|4 8|5 2|5 1|2 3|5 1|2 1|3 3|1 7|5 4|4 7|6 4|1 4|4 5|3 1|4 4|1 3|3 3|5 1|3 3|2 3|6 7|4 1|5 2|3 3|4 1|2 3|4 5|4 2|4 5|6 4|2 4|fitness = 20.40988216757985|time = 136.066994468894|true
12 solution:
1 3|4 8|4 8|2 4|2 3|1 4|6 1|1 5|2 3|4 5|5 8|5 3|2 4|3 0|6 5|5 4|4 6|1 4|5 4|5 7|4 1|5 1|4 4|3 3|6 1|1 3|4 3|6 3|5 6|4 3|1 6|3 3|4 5|6 3|4 3|2 4|4 2|4 7|5 2|4 1|5 8|2 4|4 5|6 3|5 5|4 4|4 3|4 5|3 3|2 5|fitness = 20.381326063801662|time = 146.76641548632395|true
13 solution:
4 3|5 1|4 1|4 7|3 3|1 1|4 1|2 6|4 3|5 2|4 4|4 3|6 5|4 0|3 5|6 5|3 5|1 1|5 8|3 3|5 8|5 5|1 8|4 3|5 8|4 4|2 3|4 8|5 3|4 3|1 3|6 6|4 4|1 4|3 1|5 8|1 2|4 1|2 3|5 1|2 1|4 1|1 3|4 3|3 3|4 1|2 8|4 4|4 1|5 3|fitness = 20.682239947755516|time = 143.67810982981644|true
14 solution:
5 6|2 1|3 1|2 1|4 3|3 4|4 7|6 5|5 5|2 3|2 3|2 3|4 4|6 2|2 3|6 7|4 1|4 5|5 6|1 4|1 2|5 5|2 4|1 1|4 4|4 3|6 4|4 7|5 5|6 3|3 1|5 1|6 3|4 1|4 1|4 1|4 3|6 7|2 5|4 7|2 7|2 3|2 8|5 3|5 3|5 3|6 7|2 7|2 4|6 8|fitness = 20.178946178820407|time = 149.87372007597352|true
15 solution:
3 1|4 4|4 8|2 3|4 4|4 3|5 1|4 6|2 3|2 4|4 8|1 3|4 2|5 3|6 3|5 6|4 1|1 6|4 7|1 7|4 4|1 7|3 3|2 7|5 7|1 3|3 3|1 7|6 6|5 1|5 7|6 1|3 4|4 4|4 3|1 7|1 3|1 4|5 3|4 3|4 5|4 4|1 4|5 3|4 4|4 2|2 7|2 5|5 3|3 1|fitness = 20.318776212542208|time = 148.10020250741013|true
16 solution:
5 3|2 1|5 4|1 3|2 3|4 1|4 1|4 6|3 1|1 1|5 3|6 5|3 8|5 4|3 5|2 3|5 2|4 0|6 4|4 1|5 6|1 1|1 4|1 4|6 5|4 3|5 4|1 8|4 7|3 3|5 3|6 4|3 5|5 5|4 8|1 4|4 4|1 7|2 1|4 8|2 3|3 3|4 1|2 4|3 3|6 4|4 2|4 3|2 3|5 5|fitness = 20.28206428938504|time = 142.6554643867652|true
17 solution:
6 5|5 3|6 5|4 7|6 3|4 4|3 3|4 1|2 3|4 1|5 3|1 3|2 1|4 1|3 8|4 3|3 1|1 1|1 7|4 4|5 5|3 4|4 6|4 7|4 5|4 7|6 4|4 3|5 8|3 3|2 7|4 6|1 5|1 4|5 6|2 1|4 3|1 4|6 3|1 4|4 6|2 5|3 5|1 5|6 7|4 3|4 0|4 4|4 3|5 4|fitness = 20.391357601118447|time = 138.11736628747468|true
18 solution:
2 3|6 8|3 5|2 4|5 6|1 5|2 8|3 5|6 3|5 3|5 6|1 7|5 3|5 2|2 3|2 1|4 5|4 3|5 1|1 3|2 3|6 1|2 5|5 4|6 5|1 6|5 3|4 2|2 4|4 3|4 3|2 4|4 4|4 4|3 5|4 1|4 1|6 1|1 6|5 3|2 3|4 7|4 2|1 8|5 4|4 5|4 2|4 7|6 7|2 1|fitness = 20.150343016803447|time = 143.26100148902844|true
19 solution:
2 5|5 5|6 5|3 3|5 6|5 4|5 1|4 6|2 3|3 7|5 4|4 7|6 3|1 2|4 3|2 5|5 4|3 6|4 4|1 5|6 3|5 8|3 4|5 8|2 5|4 3|6 3|6 4|3 3|5 5|6 3|3 3|3 3|4 7|1 7|5 4|4 1|5 7|6 3|6 4|6 4|4 1|6 5|6 4|6 4|4 4|5 6|4 3|5 3|3 3|fitness = 20.273444825152186|time = 146.6948442921825|true
20 solution:
4 4|4 3|2 2|5 1|1 1|3 7|5 3|2 5|1 3|1 4|4 4|6 8|3 5|4 4|4 5|4 4|2 4|4 2|5 1|5 3|5 3|3 4|2 5|6 1|5 1|2 3|1 3|4 4|4 3|6 3|2 1|4 7|5 1|3 3|5 5|5 4|2 1|4 3|4 3|2 3|5 8|6 5|6 1|5 0|4 1|5 1|4 2|4 3|4 4|6 3|fitness = 20.578354842918483|time = 145.83530286308886|true
21 solution:
3 3|5 3|4 2|5 3|4 1|4 7|3 3|2 5|5 3|5 5|4 4|6 7|4 4|3 3|6 3|4 8|4 3|4 7|1 3|2 5|4 3|4 6|5 5|5 5|4 2|6 4|3 7|4 1|4 1|4 4|5 4|4 3|1 1|5 5|5 8|4 4|5 4|4 5|1 1|4 1|3 1|6 4|4 5|6 3|1 4|6 3|2 1|4 4|6 1|2 8|fitness = 20.41163116286354|time = 142.4718463717682|true
22 solution:
1 5|2 1|2 2|4 3|6 1|4 7|2 6|1 6|4 3|3 3|3 5|5 3|2 3|1 7|1 5|4 1|3 4|4 7|6 7|1 1|4 4|5 5|4 3|5 1|6 4|1 7|4 4|3 4|3 3|4 1|5 5|6 3|4 3|1 4|5 6|4 1|6 3|1 3|1 3|1 3|4 1|1 8|1 5|1 6|5 4|2 5|4 5|4 3|5 4|5 3|fitness = 20.53152678063989|time = 147.3788549080172|true
23 solution:
1 1|2 1|4 4|2 5|6 5|5 3|4 3|6 2|2 3|4 3|2 7|1 2|2 5|4 5|4 8|3 3|5 5|3 8|6 3|3 4|5 4|4 3|6 5|5 4|4 1|3 3|4 7|2 4|3 3|2 4|5 3|4 7|1 5|2 1|1 3|2 7|4 3|3 4|6 4|4 1|1 1|3 4|2 2|1 7|5 7|4 5|1 5|5 1|5 3|1 3|fitness = 20.324972689398336|time = 144.40451905922313|true
24 solution:
1 1|5 7|1 8|2 4|4 3|2 3|4 1|6 6|6 4|4 6|2 3|6 3|4 3|6 4|1 4|2 5|4 4|3 4|2 4|4 7|2 5|5 5|6 3|6 3|4 2|4 3|6 1|6 3|5 3|6 4|4 7|5 2|2 5|6 4|4 1|5 3|6 4|2 6|4 5|5 1|4 4|1 6|4 8|4 1|2 7|4 6|4 4|2 3|2 3|4 3|fitness = 20.582198690977236|time = 144.55181493514698|true
25 solution:
6 4|1 1|2 3|6 3|2 5|6 3|6 1|1 3|1 5|5 1|4 7|6 7|4 1|2 5|4 2|3 1|4 3|5 2|3 7|1 7|1 3|5 5|2 5|4 4|6 4|6 3|3 4|5 7|4 1|2 3|1 3|1 3|6 1|1 7|5 1|5 1|4 4|4 3|4 1|4 1|2 2|4 6|4 2|5 7|4 3|1 3|3 5|1 8|3 7|6 3|fitness = 20.35982202801191|time = 146.52746515276837|true
26 solution:
1 5|4 3|3 4|2 1|4 3|5 7|5 1|2 7|1 3|1 1|1 7|6 4|3 3|1 8|6 6|4 3|1 1|2 3|1 1|4 8|1 4|5 4|4 3|3 3|4 4|6 1|2 7|4 3|2 7|5 6|1 4|4 3|4 1|4 1|4 6|6 4|4 7|3 3|3 7|5 3|2 8|2 4|4 4|1 5|3 1|3 4|4 0|5 8|3 3|6 3|fitness = 20.553228948327693|time = 148.7089240381335|true
27 solution:
4 7|5 3|5 4|4 4|2 3|3 4|4 7|4 5|2 7|5 4|3 4|4 2|4 3|2 6|5 6|5 8|3 5|6 4|1 4|4 3|3 1|4 1|5 3|2 5|5 6|4 7|4 1|6 1|5 1|2 4|5 3|2 6|4 4|6 1|5 1|3 3|1 5|1 1|6 3|3 3|5 3|4 8|1 8|3 3|2 5|6 6|6 4|3 3|3 4|3 1|fitness = 20.005325415594847|time = 135.25695712424343|true
28 solution:
1 3|2 3|1 4|5 5|4 1|5 5|2 4|2 4|4 3|5 5|6 4|1 5|1 6|2 2|6 1|3 5|4 5|2 3|3 3|2 5|2 3|6 1|3 3|5 4|4 4|6 4|4 8|3 3|1 3|3 3|3 3|2 7|4 8|3 3|5 2|3 4|1 8|1 4|1 5|4 5|3 7|1 4|5 8|2 7|2 7|4 7|6 6|4 1|3 1|2 4|fitness = 19.946279233800983|time = 134.25930156356122|true
29 solution:
4 3|4 1|5 6|3 4|2 3|3 1|2 4|2 4|2 1|5 8|5 1|6 4|2 7|4 6|4 4|3 4|4 5|1 4|4 1|2 4|3 3|6 3|2 7|2 7|5 4|4 7|6 2|4 1|1 3|5 7|4 3|6 4|5 3|1 4|3 5|5 5|4 5|3 3|4 3|4 7|5 2|4 3|1 7|4 1|1 5|5 3|6 7|3 1|2 4|6 3|fitness = 20.081995857308677|time = 143.29455435641125|true
30 solution:
5 6|4 3|4 6|6 3|4 3|3 3|4 4|3 5|1 3|2 4|2 4|1 5|1 3|5 6|4 4|5 5|4 5|4 4|6 3|5 7|6 3|4 1|4 3|3 1|4 7|5 4|1 4|6 4|4 7|6 1|1 4|1 3|6 3|1 7|5 1|5 1|4 4|2 3|6 2|6 8|4 7|2 3|5 1|5 7|2 5|4 1|1 1|2 4|3 7|4 3|fitness = 20.406891681187112|time = 148.34925525499577|true
The final result:
fmax = 20.682239947755516
fmin = 19.946279233800983
fmean = 20.363806214261437
standard std = 0.18535661104788761
-1 solution:
4 3|5 1|4 1|4 7|3 3|1 1|4 1|2 6|4 3|5 2|4 4|4 3|6 5|4 0|3 5|6 5|3 5|1 1|5 8|3 3|5 8|5 5|1 8|4 3|5 8|4 4|2 3|4 8|5 3|4 3|1 3|6 6|4 4|1 4|3 1|5 8|1 2|4 1|2 3|5 1|2 1|4 1|1 3|4 3|3 3|4 1|2 8|4 4|4 1|5 3|fitness = 20.682239947755516|time = 143.67810982981644|true
