1 solution:
1 5|2 4|5 1|4 3|4 4|1 1|1 1|4 6|4 1|5 1|4 7|4 6|1 0|4 1|2 5|4 5|1 7|1 1|4 4|1 4|1 1|1 3|3 3|5 1|3 0|4 3|5 2|4 4|1 3|2 4|1 3|2 0|4 3|5 2|2 3|1 1|4 1|1 4|1 3|4 3|2 3|1 2|5 2|1 0|5 3|2 4|1 0|4 3|1 3|4 1|fitness = 20.390610782723464|time = 152.17110835432769|true
2 solution:
3 4|4 3|3 4|2 1|4 1|2 3|2 4|1 2|1 3|4 4|5 2|1 1|4 3|4 0|1 6|1 1|4 3|3 3|1 1|1 3|5 0|1 4|1 3|2 4|1 5|2 3|4 4|1 4|1 1|3 4|2 0|1 4|1 1|4 5|5 5|3 4|1 1|3 3|1 1|1 3|1 3|1 4|6 2|1 1|5 1|1 3|3 4|4 3|3 3|1 3|fitness = 20.809577691693484|time = 156.68598277342087|true
3 solution:
5 1|4 1|1 4|1 4|1 1|2 1|1 3|1 0|2 3|4 1|1 4|2 3|4 1|4 1|5 3|1 1|1 4|1 2|5 1|4 1|1 3|5 5|1 4|3 3|3 3|1 4|1 5|1 4|4 4|3 3|4 5|4 3|4 1|1 4|2 5|2 5|4 3|2 3|1 3|4 3|1 3|4 1|1 5|2 3|4 4|4 2|5 4|1 4|4 4|2 4|fitness = 20.929514946053562|time = 155.8458951588058|true
4 solution:
4 3|4 3|1 2|3 1|4 1|1 4|2 1|1 5|5 1|4 4|1 3|2 1|2 3|4 3|4 0|1 3|5 1|4 6|1 4|1 4|2 1|1 4|5 3|1 4|4 4|1 6|1 1|1 3|3 4|2 4|1 3|2 1|2 5|4 1|1 2|3 1|5 4|4 3|4 3|1 3|1 3|1 1|1 5|3 1|4 4|1 1|4 5|1 3|4 4|5 1|fitness = 20.895188210422965|time = 159.40678609943964|true
5 solution:
1 1|6 3|3 1|1 4|1 4|1 3|2 4|6 5|6 1|2 3|1 1|1 4|5 5|1 5|2 3|1 4|5 7|6 5|4 3|5 4|4 3|4 4|1 1|5 1|4 4|1 3|5 5|1 1|4 1|1 3|5 3|4 5|1 3|1 1|2 3|2 4|1 6|1 1|1 4|1 3|1 5|1 1|1 2|1 0|2 4|3 2|1 1|3 1|1 1|4 3|fitness = 20.687174188598142|time = 158.85796623210356|true
6 solution:
4 1|4 3|1 4|3 1|6 4|1 4|1 4|6 1|6 3|1 3|5 3|4 1|1 0|1 0|1 5|1 3|5 4|1 2|1 1|1 1|1 7|2 2|1 3|1 1|1 5|6 3|5 3|1 1|1 5|1 1|1 3|2 3|4 6|1 1|2 3|1 3|4 1|6 1|4 1|2 3|1 0|2 3|1 2|1 4|6 1|2 4|2 2|2 5|2 4|4 3|fitness = 20.765038025794425|time = 159.182700335546|true
7 solution:
1 4|1 1|2 1|2 4|4 4|4 3|1 1|4 1|1 4|3 3|4 1|4 3|4 3|4 2|2 0|1 1|1 1|1 5|2 2|1 1|2 4|2 3|1 3|1 4|5 0|1 3|3 3|1 2|1 4|2 4|4 4|1 0|1 1|1 3|3 3|5 1|1 4|4 3|1 1|1 4|1 0|1 2|1 4|2 3|3 3|2 3|1 5|1 1|2 1|3 3|fitness = 20.638156769840606|time = 159.65349708284555|true
8 solution:
4 3|1 4|4 5|2 4|4 3|1 4|2 3|2 7|4 3|1 4|1 4|1 4|5 5|1 5|4 1|5 6|1 2|1 4|1 2|4 4|5 3|6 7|4 4|4 3|1 5|3 3|2 5|4 3|1 4|6 1|1 5|6 3|6 3|6 1|4 1|6 4|1 3|1 4|1 4|1 3|4 1|1 4|6 5|2 3|4 7|5 5|4 6|3 3|4 3|6 7|fitness = 21.00283854801929|time = 158.6911651304464|true
9 solution:
2 3|1 3|4 1|5 2|5 0|4 3|1 4|4 3|2 3|1 4|5 1|4 3|4 0|3 2|4 5|1 4|1 4|1 4|5 2|5 5|5 0|6 1|5 3|1 1|6 3|6 3|5 0|5 0|4 4|5 1|6 3|4 4|1 2|1 1|1 3|5 4|1 4|4 1|2 3|1 3|2 1|1 4|1 5|3 3|4 1|1 1|3 1|6 3|6 4|4 3|fitness = 20.805915026847067|time = 152.02724040278846|true
10 solution:
6 1|5 1|1 4|1 3|2 3|2 4|1 1|4 0|4 3|5 0|6 3|4 5|4 0|5 1|4 7|2 4|2 2|4 2|4 3|1 4|4 4|1 4|1 5|5 7|6 6|4 3|5 7|4 1|4 3|1 1|6 7|2 4|4 1|4 1|5 6|1 1|1 3|5 7|4 3|2 3|1 3|1 4|4 7|1 3|1 3|5 3|1 3|5 1|5 8|2 3|fitness = 20.792144997854162|time = 157.75966559050102|true
11 solution:
6 4|1 1|5 5|1 5|1 1|4 3|1 3|1 5|2 3|2 3|1 1|1 1|1 1|1 5|4 1|4 4|1 7|4 4|4 3|1 2|1 3|5 3|4 1|1 1|1 1|1 3|5 4|5 0|1 1|2 4|1 6|4 5|1 5|4 4|1 1|5 4|2 3|3 3|1 3|2 4|1 3|1 4|4 3|1 3|6 1|6 4|2 5|1 3|5 2|2 3|fitness = 20.974963155320292|time = 156.69237019991377|true
12 solution:
1 1|2 3|6 7|6 1|1 3|2 1|4 1|1 4|5 3|1 4|1 7|1 3|1 3|4 1|1 1|1 0|1 1|1 2|1 3|1 3|1 7|1 4|1 7|4 3|1 5|6 1|1 3|6 3|1 1|1 3|6 4|1 6|1 5|1 7|6 1|1 1|5 4|2 3|4 3|1 4|1 7|4 1|1 5|1 1|6 3|1 2|1 5|6 1|1 3|1 7|fitness = 20.82158312257877|time = 158.93684756544747|true
13 solution:
2 3|4 3|6 8|2 4|5 8|6 3|1 1|6 1|6 3|4 4|6 3|6 4|6 4|6 0|6 0|6 4|4 3|6 7|4 1|6 3|4 4|2 7|6 5|1 3|2 1|4 0|4 3|1 2|6 4|1 3|4 7|6 8|6 1|4 8|1 2|5 4|1 3|6 4|6 7|6 3|4 3|1 4|5 1|1 7|1 5|1 3|4 4|4 1|3 1|3 3|fitness = 20.532905542258792|time = 150.36557174021974|true
14 solution:
1 3|1 1|1 4|5 4|1 2|4 1|2 3|4 4|2 3|1 3|1 7|1 3|4 4|2 4|1 0|1 3|2 3|1 2|1 1|1 4|1 3|1 4|1 3|1 4|4 4|1 3|2 3|2 1|1 1|1 1|1 1|1 2|2 0|1 1|1 1|1 3|4 4|1 1|3 3|1 4|1 3|4 0|1 2|1 3|1 3|1 2|1 0|2 1|1 1|2 1|fitness = 20.738526639765535|time = 159.95555661170587|true
15 solution:
6 4|2 4|1 5|2 3|5 3|6 5|1 1|1 5|6 3|1 1|1 4|6 4|3 3|2 0|1 0|1 3|1 1|1 4|6 4|3 3|5 4|4 3|4 1|1 3|1 3|2 3|1 1|1 7|1 4|1 3|1 2|6 3|1 7|1 1|6 1|1 7|1 4|6 5|1 3|4 4|1 4|1 1|4 7|4 3|4 4|1 0|1 2|1 3|1 4|3 3|fitness = 20.768580399139353|time = 153.26581613203024|true
16 solution:
4 3|1 1|1 5|2 3|4 4|2 3|2 1|4 4|1 3|5 2|4 3|1 3|3 3|1 4|2 1|4 4|1 3|2 4|1 0|4 7|1 3|4 1|4 4|2 4|4 0|1 3|3 5|1 3|4 4|1 4|4 4|1 3|4 1|4 2|4 1|2 1|3 4|1 1|5 2|2 3|1 3|1 4|1 0|5 0|1 1|6 3|1 0|4 4|3 1|2 1|fitness = 20.616962342622827|time = 154.36115335191502|true
17 solution:
4 3|1 3|3 5|1 3|1 3|6 3|4 4|4 5|4 1|5 1|3 3|3 3|4 1|4 6|5 4|2 4|5 5|1 2|3 4|1 4|5 3|6 1|4 1|3 4|4 8|1 3|3 3|1 3|5 1|2 1|3 3|1 5|1 7|2 1|4 1|5 7|1 1|5 2|1 3|4 1|1 3|4 4|1 8|1 3|6 4|3 4|1 1|1 7|2 1|4 3|fitness = 20.879883547313398|time = 155.3032322296249|true
18 solution:
2 1|4 7|3 2|6 7|1 1|1 3|5 2|6 0|1 3|1 3|4 1|4 7|4 3|3 0|4 4|1 5|1 3|1 1|1 4|1 4|1 7|4 1|2 3|1 3|6 5|1 1|1 0|6 4|1 4|1 3|1 3|1 1|1 7|4 4|4 1|2 4|1 4|1 1|2 3|6 3|5 1|1 1|1 7|1 0|6 3|1 3|2 1|1 1|1 4|5 0|fitness = 20.570504538394456|time = 150.4751350593306|true
19 solution:
1 6|1 1|1 5|2 6|4 3|4 1|1 7|1 6|4 1|1 4|4 5|1 1|1 2|2 2|5 0|1 1|1 2|1 3|1 3|1 5|1 4|1 1|2 3|4 3|4 1|4 1|1 3|1 3|1 4|4 1|1 1|1 2|4 1|5 4|2 1|1 1|4 2|1 3|1 7|3 3|1 2|4 5|2 3|1 3|1 3|1 2|1 0|1 3|2 1|1 3|fitness = 20.460950055293118|time = 158.92377427593453|true
20 solution:
1 1|1 4|2 2|6 3|6 3|1 4|3 3|3 1|1 3|1 3|3 2|2 1|5 5|1 0|1 0|1 1|2 5|1 2|1 4|1 3|1 1|1 0|4 5|2 4|1 1|1 3|4 4|2 1|3 3|2 3|1 4|1 3|4 3|1 4|1 1|5 7|1 1|4 4|1 3|1 3|2 1|4 1|1 2|1 3|3 3|3 1|1 5|1 4|4 1|4 3|fitness = 20.606346939208454|time = 153.17115370947513|true
21 solution:
2 3|1 3|2 4|1 3|2 3|2 3|2 3|1 0|5 3|2 1|1 4|5 2|4 1|3 2|3 4|1 4|2 4|4 1|4 3|4 1|1 3|2 1|1 3|2 3|3 5|4 4|1 1|1 1|3 3|1 6|1 2|1 2|2 2|4 4|4 1|2 1|3 3|1 4|1 1|4 4|2 4|2 5|2 3|5 4|1 1|4 4|3 2|4 1|2 1|2 3|fitness = 20.767185575382257|time = 159.1102332439181|true
22 solution:
2 3|4 4|3 5|2 3|1 1|3 3|4 4|2 4|1 3|1 3|3 4|6 1|1 4|1 0|4 1|1 1|1 5|1 4|4 1|4 4|2 2|5 5|4 4|4 1|2 4|2 3|5 2|2 4|2 3|1 4|5 0|4 3|3 3|1 3|2 3|5 1|1 1|4 1|3 3|1 0|1 3|1 2|4 1|3 3|4 1|1 4|1 5|1 0|5 3|2 3|fitness = 20.41150951820984|time = 145.5434930387427|true
23 solution:
3 3|5 5|5 2|2 3|1 0|4 3|1 4|4 5|4 1|2 3|1 3|3 3|2 1|1 5|4 1|1 3|1 2|1 2|4 1|2 1|1 4|1 3|1 1|4 4|2 5|4 1|1 1|3 3|5 3|3 4|4 1|2 2|3 4|4 5|2 2|4 1|5 3|2 4|2 3|1 4|2 3|5 1|4 4|1 7|4 3|2 4|4 4|4 4|2 5|1 3|fitness = 20.596938080870437|time = 159.5965536441257|true
24 solution:
1 4|1 1|4 5|1 0|2 3|1 3|5 1|1 1|1 1|1 4|5 5|1 5|1 0|4 0|1 5|4 3|6 3|4 0|1 1|1 3|6 4|2 4|4 4|1 4|1 4|1 3|4 3|4 3|1 4|2 3|6 1|5 3|4 4|1 1|6 0|1 1|1 1|5 2|2 3|6 3|2 4|1 1|1 0|1 3|1 3|1 4|6 1|4 1|1 3|1 3|fitness = 20.804023187194346|time = 158.91097982320343|true
25 solution:
1 3|2 3|1 2|1 1|1 1|2 3|5 1|1 4|4 3|5 4|1 4|1 6|4 0|1 2|1 6|1 1|2 1|1 4|1 4|5 3|2 3|2 1|3 3|1 3|4 3|1 3|2 1|1 0|4 0|5 6|1 3|1 4|5 0|5 2|1 2|5 5|1 3|1 1|5 1|1 4|1 2|4 1|1 1|1 3|1 3|1 4|4 4|5 3|4 1|1 1|fitness = 20.681355778922534|time = 158.801083560527|true
26 solution:
1 3|1 4|4 4|1 3|4 3|5 3|1 3|1 5|1 3|3 1|1 0|1 0|1 5|2 3|1 0|1 1|1 2|1 0|1 1|4 3|2 4|4 1|1 1|1 3|1 1|1 3|3 2|1 1|2 0|1 1|4 4|5 3|4 5|1 2|2 4|2 4|1 1|2 4|1 3|1 3|1 2|1 1|1 2|2 3|1 3|4 1|2 5|1 3|1 1|2 1|fitness = 20.675996033410872|time = 157.3444490381223|true
27 solution:
6 3|6 1|1 8|5 3|4 2|4 3|6 3|1 4|1 4|1 1|5 4|2 0|1 3|4 2|1 6|1 5|2 1|1 6|6 3|6 3|1 5|5 4|1 1|1 4|1 5|6 3|1 1|1 4|2 4|1 4|3 3|2 0|6 3|6 1|6 5|6 4|1 8|2 6|6 3|1 1|6 4|4 3|1 5|6 3|1 7|6 1|1 8|1 1|5 3|6 3|fitness = 20.712888665059825|time = 156.26112685852667|true
28 solution:
2 0|5 1|1 1|4 1|2 3|1 3|2 3|1 0|1 1|6 1|3 1|2 3|1 2|4 5|4 0|6 1|1 1|1 5|5 4|2 4|1 1|5 4|4 3|1 3|3 5|1 3|1 0|2 3|6 3|1 4|4 1|2 4|1 7|4 7|1 1|2 2|1 5|4 5|1 1|2 3|4 5|1 5|2 2|1 1|1 3|2 3|4 0|1 4|6 1|4 3|fitness = 20.41007630557576|time = 157.68712523292993|true
29 solution:
1 3|4 3|3 5|3 1|2 3|4 4|5 3|2 5|4 3|4 1|2 3|3 5|2 1|4 3|4 0|2 4|5 1|4 4|1 4|3 5|1 5|1 3|1 1|1 4|1 1|1 1|5 1|1 4|1 4|2 1|4 4|4 7|4 4|4 1|4 3|1 1|5 0|2 3|4 3|2 4|2 2|4 3|4 1|5 3|4 8|4 3|1 2|4 1|4 4|1 1|fitness = 20.86461963190634|time = 158.4812129565504|true
30 solution:
1 3|2 1|1 1|6 1|6 4|1 3|2 3|1 0|2 3|1 4|1 2|2 3|1 2|1 4|2 0|1 0|1 4|1 4|1 1|2 4|1 1|1 3|5 4|1 4|1 3|1 1|4 1|2 3|1 3|3 1|1 1|4 4|1 4|4 4|2 1|1 3|4 1|4 4|1 3|2 3|5 2|1 1|2 2|1 1|1 1|2 4|1 5|2 3|2 3|1 3|fitness = 20.857980757608466|time = 158.7370922558273|true
The final result:
fmax = 21.00283854801929
fmin = 20.390610782723464
fmean = 20.715664633462765
standard std = 0.16646444758162682
runtime = 0–° ±,1∑÷,13√Î,608∫¡√Î
-1 solution:
4 3|1 4|4 5|2 4|4 3|1 4|2 3|2 7|4 3|1 4|1 4|1 4|5 5|1 5|4 1|5 6|1 2|1 4|1 2|4 4|5 3|6 7|4 4|4 3|1 5|3 3|2 5|4 3|1 4|6 1|1 5|6 3|6 3|6 1|4 1|6 4|1 3|1 4|1 4|1 3|4 1|1 4|6 5|2 3|4 7|5 5|4 6|3 3|4 3|6 7|fitness = 21.00283854801929|time = 158.6911651304464|true
