1 solution:
1 2|1 2|1 3|1 2|1 1|1 2|1 2|1 1|1 2|1 2|1 2|1 2|1 2|2 1|1 1|1 2|1 1|1 3|1 3|2 1|1 3|1 2|1 1|2 0|fitness = 10.463656109392803|time = 116.1296653180639|true
2 solution:
1 2|1 2|1 1|1 2|3 3|1 2|1 2|1 1|1 2|1 2|1 2|1 2|1 2|2 1|1 1|1 2|3 3|1 1|1 3|1 1|1 3|1 2|1 1|1 1|fitness = 10.510686359058228|time = 116.1296653180639|true
3 solution:
1 2|1 2|1 2|1 2|1 2|1 2|1 2|2 1|1 2|1 2|1 2|1 2|2 3|2 1|2 3|1 2|1 1|1 1|1 1|1 1|1 3|1 3|1 1|2 3|fitness = 10.491566911850642|time = 113.21231985942667|true
4 solution:
1 2|1 2|1 2|1 2|2 1|1 2|1 1|2 1|1 2|2 1|1 2|1 2|1 3|1 2|1 1|1 2|1 1|1 1|1 0|2 1|1 1|1 2|1 1|1 1|fitness = 10.483620742389357|time = 117.02165314102953|true
5 solution:
1 2|1 2|2 3|1 2|1 2|2 3|1 3|2 1|1 2|2 1|1 1|1 2|1 2|1 2|1 1|2 3|1 1|1 1|1 3|2 1|1 2|1 2|1 1|1 1|fitness = 10.503568173460469|time = 111.02650374798277|true
6 solution:
1 2|1 3|2 0|1 2|1 2|1 2|1 2|2 1|1 2|2 1|1 2|1 2|1 2|2 1|2 1|1 2|1 1|1 1|1 1|2 1|1 1|1 2|1 3|1 1|fitness = 10.4651331299935|time = 116.9758257428677|true
7 solution:
1 2|1 2|1 2|1 2|1 2|2 3|1 2|1 1|1 2|1 1|1 2|1 2|2 3|2 1|1 1|1 2|1 1|1 1|1 3|1 1|1 3|1 2|1 1|1 1|fitness = 10.493263337343476|time = 109.07518361958854|true
8 solution:
1 2|1 2|1 2|1 2|3 3|1 2|1 2|2 1|1 2|2 1|1 2|1 2|2 3|1 2|1 1|1 2|1 1|1 1|1 3|1 1|1 1|1 1|1 1|1 1|fitness = 10.548209881234758|time = 114.36283267932765|true
9 solution:
1 2|1 2|1 2|2 3|3 2|1 2|1 2|2 1|1 2|2 1|1 2|1 2|1 3|3 2|1 1|1 2|1 1|1 1|1 1|2 1|3 3|1 1|1 0|2 3|fitness = 10.508610624493288|time = 116.47501593790459|true
10 solution:
1 2|1 2|1 2|1 2|1 2|1 2|1 2|2 1|1 3|1 2|1 2|2 3|1 2|2 1|1 1|1 2|1 3|1 1|1 3|2 1|1 2|2 3|1 1|1 1|fitness = 10.543892084766263|time = 118.13869903211894|true
11 solution:
1 2|1 2|1 2|2 3|2 1|1 2|2 3|2 1|1 2|1 2|1 2|1 2|2 3|1 2|1 1|2 1|1 3|1 1|1 3|1 1|1 2|1 3|1 1|1 1|fitness = 10.493322818411515|time = 116.74623630931734|true
12 solution:
1 2|1 2|1 2|1 2|1 1|1 2|1 2|2 1|1 3|1 2|1 2|1 2|2 3|1 2|1 1|1 2|1 1|1 1|1 3|1 1|1 1|1 3|1 1|1 2|fitness = 10.509226765375162|time = 115.92989151515724|true
13 solution:
1 2|1 2|1 2|1 2|1 2|2 3|2 3|2 1|1 2|2 1|1 2|1 2|1 2|1 2|1 1|1 2|3 3|1 1|1 3|2 1|1 1|1 3|1 1|1 1|fitness = 10.545667455615792|time = 112.83624722070077|true
14 solution:
1 2|1 2|1 3|1 2|1 2|1 2|1 2|1 1|1 2|1 1|1 2|1 2|1 2|2 1|1 1|1 1|1 1|1 1|1 0|2 1|1 1|1 2|1 1|1 1|fitness = 10.435901741026367|time = 116.67046937760823|true
15 solution:
1 2|1 3|1 2|1 2|3 2|1 2|1 2|1 1|1 3|1 2|1 2|2 3|1 2|1 2|1 1|1 2|3 3|1 1|1 3|2 1|1 1|1 3|1 1|1 3|fitness = 10.492453551422972|time = 105.41396992512574|true
16 solution:
1 2|1 2|1 2|2 1|1 2|1 2|1 2|1 2|1 3|2 1|1 2|1 2|2 3|1 2|1 1|1 2|1 1|1 1|1 3|1 1|1 1|1 3|1 1|1 1|fitness = 10.492544929079026|time = 115.87467647157895|true
17 solution:
1 2|1 2|1 2|1 2|2 1|1 2|1 2|2 1|1 3|1 1|1 2|1 2|1 2|2 1|1 1|1 2|1 1|1 1|1 3|1 1|1 3|1 2|1 1|1 1|fitness = 10.53953710312333|time = 109.4962042911678|true
18 solution:
1 2|1 2|1 2|1 2|2 1|2 3|2 3|2 1|1 2|1 2|1 2|1 2|2 3|2 1|1 1|1 2|1 1|1 1|1 3|2 1|1 2|1 2|1 0|1 1|fitness = 10.531022559413158|time = 107.28687748905105|true
19 solution:
1 2|1 2|2 0|2 1|1 3|1 2|1 2|2 1|1 3|2 1|1 2|1 2|1 2|1 2|1 1|1 2|1 1|1 2|1 3|1 1|1 3|1 2|1 1|1 1|fitness = 10.468645928146998|time = 116.98391208851427|true
20 solution:
1 2|1 2|1 2|1 1|1 2|1 2|1 2|2 1|1 3|1 1|1 2|1 2|1 2|2 1|1 1|1 2|1 1|1 1|1 3|1 1|1 1|1 2|1 1|2 3|fitness = 10.515174261891941|time = 117.09663181963731|true
21 solution:
1 2|1 2|1 2|2 1|1 1|2 3|1 2|2 1|1 2|2 1|1 2|1 2|1 2|2 1|2 1|1 2|1 1|1 1|1 3|1 1|1 1|1 2|1 1|2 3|fitness = 10.511733050892703|time = 112.68899348740213|true
22 solution:
1 2|1 2|1 2|2 3|1 2|1 2|1 2|2 1|1 3|1 2|1 2|1 2|1 2|3 2|1 1|1 2|1 1|1 1|1 3|2 1|1 3|1 3|1 1|1 1|fitness = 10.572182580415484|time = 117.6303301857762|true
23 solution:
1 2|1 2|1 3|1 2|1 2|1 2|1 2|1 1|1 2|1 2|1 2|1 2|1 2|2 1|1 1|1 2|1 3|1 1|1 3|2 1|1 1|1 3|1 1|1 1|fitness = 10.517101640411589|time = 117.88715860898144|true
24 solution:
1 2|1 2|1 2|1 2|2 1|1 2|1 2|1 1|1 3|1 2|1 2|1 2|1 2|2 1|1 1|1 2|1 1|1 1|1 3|2 1|1 2|1 1|1 3|1 1|fitness = 10.517878614022957|time = 117.33144565407528|true
25 solution:
1 2|1 2|1 2|1 2|1 3|1 2|1 2|1 1|1 2|1 2|1 2|1 2|1 2|2 1|1 1|1 2|1 3|1 3|1 3|2 1|1 1|1 3|1 1|1 1|fitness = 10.510077502640565|time = 118.1305303409165|true
26 solution:
1 2|1 2|1 2|1 1|1 3|1 2|1 1|1 1|1 3|1 2|1 2|1 2|1 2|2 1|2 3|1 2|1 1|1 1|1 2|1 1|1 1|1 2|1 1|1 1|fitness = 10.454458779516353|time = 114.89800870265854|true
27 solution:
1 2|1 2|1 2|1 1|1 2|2 3|1 2|2 1|1 3|2 1|1 2|2 2|1 2|3 2|1 1|2 2|1 3|3 2|1 3|2 1|1 1|1 1|1 1|1 1|fitness = 10.504522009243257|time = 109.02736135002918|true
28 solution:
1 2|1 2|1 2|1 2|2 1|1 2|1 2|1 1|1 2|1 2|1 2|1 2|1 2|2 1|1 1|1 2|1 1|1 1|1 3|1 1|2 1|1 3|1 1|1 1|fitness = 10.505118846724862|time = 118.1305303409165|true
29 solution:
1 2|1 2|1 2|1 2|2 1|1 2|1 2|2 1|1 2|2 1|2 3|1 2|1 2|1 2|1 1|1 2|1 1|1 1|1 3|2 1|2 3|2 3|1 1|1 1|fitness = 10.535663871956816|time = 114.42202497630984|true
30 solution:
1 2|1 2|1 2|1 2|2 1|1 2|1 2|1 1|1 2|1 2|1 2|1 2|1 3|3 2|1 1|1 2|1 3|1 1|1 3|1 1|1 1|1 3|1 1|1 1|fitness = 10.518125496832907|time = 116.81683975685591|true
The final result:
fmax = 10.572182580415484
fmin = 10.435901741026367
fmean = 10.506085562004886
standard std = 0.030068965093895145
-1 solution:
1 2|1 2|1 2|2 3|1 2|1 2|1 2|2 1|1 3|1 2|1 2|1 2|1 2|3 2|1 1|1 2|1 1|1 1|1 3|2 1|1 3|1 3|1 1|1 1|fitness = 10.572182580415484|time = 117.6303301857762|true
