1 solution:
2 3|1 2|2 4|2 3|3 1|2 3|2 3|2 1|2 3|2 4|2 4|2 1|2 2|3 2|1 2|2 3|2 1|2 1|2 1|3 2|1 3|2 3|3 3|2 4|fitness = 10.120917149214455|time = 93.32512535351454|true
2 solution:
2 2|2 3|1 2|1 2|1 3|2 4|1 4|2 2|2 2|2 3|1 3|1 2|2 4|2 3|1 3|2 1|3 3|2 4|1 4|2 1|1 1|2 3|2 3|2 1|fitness = 10.177274761298085|time = 95.04437647008355|true
3 solution:
2 3|2 4|2 2|2 3|3 3|2 2|2 2|2 1|2 4|1 3|2 4|2 3|2 3|3 2|2 1|3 2|3 3|1 1|2 3|3 4|3 3|2 3|3 4|2 2|fitness = 10.1513873075473|time = 96.2463734624164|true
4 solution:
2 3|2 3|2 4|2 3|2 3|2 2|2 2|2 2|2 3|2 3|1 2|2 3|1 3|3 4|1 1|3 2|2 3|3 2|2 1|2 1|2 4|2 2|1 3|2 4|fitness = 10.099239831020666|time = 87.73107335458944|true
5 solution:
2 1|2 3|2 3|3 2|1 3|2 2|2 4|2 1|1 3|2 1|1 2|1 2|2 3|3 2|1 4|3 3|2 1|3 2|1 2|2 3|1 3|2 1|2 1|2 4|fitness = 10.233980840019086|time = 95.59314007158343|true
6 solution:
1 3|1 3|3 2|2 3|1 3|1 2|1 4|3 2|2 4|2 1|1 2|2 4|2 3|2 1|2 2|1 4|1 4|2 2|1 2|3 2|1 3|3 3|2 4|2 4|fitness = 10.084889101182082|time = 99.25486764212275|true
7 solution:
1 2|2 2|2 2|1 4|3 3|2 3|2 3|2 1|1 3|2 3|2 2|2 3|2 4|3 2|2 1|3 2|3 3|2 4|2 4|3 2|2 3|2 3|1 4|2 1|fitness = 10.232875696149923|time = 98.72013815344224|true
8 solution:
2 3|2 3|2 3|2 3|2 1|1 2|2 3|3 2|1 3|1 2|2 2|1 1|1 2|3 2|1 1|2 4|1 1|1 1|3 2|2 1|1 3|1 4|1 1|1 2|fitness = 10.324056782901353|time = 99.93317731098655|true
9 solution:
2 2|1 2|2 3|1 3|2 1|2 4|1 2|2 3|2 3|2 1|2 2|2 3|2 2|2 4|2 2|2 4|1 3|2 4|2 4|3 2|3 3|3 3|2 2|1 2|fitness = 10.110451415005096|time = 93.3613022845506|true
10 solution:
2 1|2 1|2 2|2 2|3 3|2 3|2 3|2 3|1 2|1 2|2 3|2 3|3 2|2 1|2 2|3 2|3 2|2 2|3 3|2 1|2 3|2 1|2 4|2 1|fitness = 10.169155392478181|time = 96.32462249696943|true
11 solution:
1 3|1 3|1 2|2 3|2 3|2 3|1 2|2 2|2 4|3 2|1 2|2 3|2 3|3 2|2 1|3 2|3 3|1 1|2 1|2 1|1 3|1 2|3 3|2 4|fitness = 10.275017951557905|time = 96.9075036798481|true
12 solution:
2 4|2 3|2 2|2 3|3 2|2 1|1 2|2 3|2 2|2 1|2 3|2 3|2 3|2 1|2 4|1 2|1 3|2 4|2 4|3 4|3 3|2 3|2 2|1 2|fitness = 10.143560347192846|time = 99.34977142229387|true
13 solution:
1 2|2 4|2 3|1 1|2 1|2 4|2 3|3 2|1 1|1 3|2 2|2 2|3 2|2 1|1 1|1 2|2 3|2 3|1 3|2 1|1 1|3 3|1 2|2 3|fitness = 10.219453736410662|time = 89.6782874685607|true
14 solution:
2 3|2 2|1 4|2 2|3 3|2 2|1 3|2 2|2 2|2 3|3 2|2 4|2 3|2 1|1 3|3 4|3 3|3 2|1 4|2 3|3 2|1 3|1 4|1 4|fitness = 10.1451579463553|time = 98.45099834905528|true
15 solution:
1 2|3 2|2 0|3 3|3 1|2 3|2 1|2 4|3 2|3 2|1 3|2 4|2 2|2 3|2 3|2 1|2 3|3 2|2 2|2 3|2 3|2 0|2 1|3 2|fitness = 9.882076845044791|time = 89.03156222097871|true
16 solution:
2 3|2 3|3 2|2 1|3 3|2 1|2 2|2 1|2 3|3 2|2 3|2 2|2 4|3 2|1 2|2 3|3 3|3 4|2 3|2 4|1 1|1 3|2 2|2 2|fitness = 10.209726153872547|time = 97.97731755550683|true
17 solution:
2 3|1 2|2 2|2 1|1 2|2 4|1 4|2 2|2 4|2 3|2 3|2 2|2 4|3 2|3 2|2 4|3 3|3 3|2 3|2 3|1 2|3 3|1 3|1 1|fitness = 10.11771650891413|time = 98.94509314707429|true
18 solution:
2 2|2 2|2 3|2 1|3 3|2 4|2 3|2 4|2 1|2 4|2 3|2 3|1 2|3 2|2 3|1 1|2 1|1 2|2 3|2 1|3 2|1 1|2 3|2 1|fitness = 10.169659093337046|time = 88.27630207466518|true
19 solution:
2 3|2 3|1 2|2 4|2 2|2 4|2 2|2 1|2 3|3 3|1 2|2 3|3 2|2 1|2 3|2 3|1 2|3 2|1 3|2 1|1 1|2 3|1 2|1 1|fitness = 10.268720233031111|time = 93.35169394417285|true
20 solution:
2 4|2 4|2 3|2 4|3 3|2 1|2 4|2 2|2 2|2 1|2 1|1 3|2 3|3 2|1 4|1 2|3 3|1 4|1 3|3 2|2 3|2 2|3 2|2 3|fitness = 10.161072503502636|time = 97.10948994432597|true
21 solution:
1 2|2 4|2 3|2 1|3 3|2 2|2 3|2 2|2 3|3 2|1 2|2 3|2 2|2 4|2 4|2 2|3 3|3 3|2 3|3 4|2 2|2 2|2 1|2 1|fitness = 10.145398541869518|time = 94.51013004341769|true
22 solution:
1 2|3 2|2 3|2 2|3 2|2 3|2 3|2 1|1 2|3 3|2 3|2 3|2 3|3 2|1 1|3 2|3 2|1 3|1 4|3 2|1 1|1 4|3 2|1 3|fitness = 10.302062770854636|time = 98.41297772210822|true
23 solution:
2 2|2 1|2 3|2 2|3 3|2 2|2 4|2 1|2 2|2 3|2 2|2 2|3 3|3 2|2 3|3 2|1 3|2 1|2 3|2 1|3 2|1 1|1 2|2 3|fitness = 10.218789292387077|time = 99.58223330633653|true
24 solution:
2 3|2 3|2 4|2 2|3 2|2 2|2 4|2 1|1 2|2 2|2 3|2 2|2 3|3 2|2 1|3 2|2 1|3 3|2 4|3 2|3 3|2 3|2 4|2 3|fitness = 10.256057980095504|time = 95.06322560913691|true
25 solution:
2 4|2 4|2 3|2 3|3 2|1 2|1 4|2 2|2 4|2 1|2 3|2 1|2 2|2 3|1 1|2 1|1 2|2 3|1 2|2 1|1 1|2 3|2 2|1 2|fitness = 10.21629961159066|time = 97.59457418131282|true
26 solution:
3 2|3 3|1 4|2 1|3 2|2 4|2 3|2 1|2 4|2 1|2 2|2 3|2 3|2 1|2 3|2 2|3 2|3 2|2 1|3 2|2 3|2 3|3 2|2 2|fitness = 10.079578027689779|time = 84.26318171847187|true
27 solution:
3 2|2 4|2 3|2 1|3 3|2 3|1 2|3 2|1 3|2 2|1 1|2 4|1 2|3 2|1 4|3 2|3 3|3 2|1 2|2 1|1 4|2 3|2 3|3 4|fitness = 10.200323932262716|time = 90.70267544332455|true
28 solution:
3 2|2 1|1 4|1 2|1 2|2 3|2 4|2 3|1 3|2 3|2 3|2 2|2 3|3 2|3 3|2 2|3 4|2 1|1 2|1 1|2 3|1 2|1 2|2 1|fitness = 10.140419628339234|time = 98.29676097655775|true
29 solution:
1 3|3 2|2 1|3 3|2 1|1 2|1 2|2 4|3 3|1 3|2 3|2 3|2 3|3 2|3 2|2 2|3 3|2 1|2 1|2 1|2 2|1 3|2 3|2 2|fitness = 10.076470312298001|time = 98.88196435316894|true
30 solution:
3 2|2 3|1 4|2 3|2 1|2 3|2 3|2 2|1 1|3 2|2 1|1 4|2 3|1 2|3 2|2 4|3 2|1 2|1 2|2 1|3 3|2 4|1 1|1 4|fitness = 10.106733476227973|time = 82.9988752893949|true
The final result:
fmax = 10.324056782901353
fmin = 9.882076845044791
fmean = 10.167950772321678
standard std = 0.08606033727290412
-1 solution:
2 3|2 3|2 3|2 3|2 1|1 2|2 3|3 2|1 3|1 2|2 2|1 1|1 2|3 2|1 1|2 4|1 1|1 1|3 2|2 1|1 3|1 4|1 1|1 2|fitness = 10.324056782901353|time = 99.93317731098655|true
