1 solution:
10 11|1 6|14 1|8 3|2 11|9 11|14 3|9 2|3 11|18 7|14 10|3 2|16 7|9 4|14 0|3 9|2 2|3 7|14 7|11 3|17 6|17 8|9 7|5 0|4 6|14 6|12 8|14 1|14 7|16 4|14 1|3 3|2 4|12 1|16 12|3 12|1 9|10 7|14 1|8 11|13 9|10 11|16 10|18 5|3 11|5 2|4 7|1 8|17 8|9 3|16 7|10 6|6 12|12 8|3 10|15 9|14 4|10 11|3 1|6 7|5 8|11 4|3 10|14 8|6 2|11 11|15 3|9 1|10 6|16 5|18 6|5 2|14 5|9 2|10 2|13 4|14 9|3 11|3 4|18 4|9 3|4 6|15 3|9 4|7 10|11 8|10 7|18 8|2 7|12 11|2 2|10 2|15 11|3 7|6 11|2 0|8 6|6 10|16 11|2 7|14 12|18 7|6 11|3 5|13 7|2 4|11 5|2 2|15 9|8 11|7 2|12 5|12 7|7 5|10 6|5 11|13 8|4 6|2 1|1 6|6 5|14 7|9 11|14 9|3 11|10 12|16 10|14 12|8 6|16 10|6 5|18 4|14 6|10 7|6 8|10 1|2 4|9 11|3 0|7 12|11 11|2 12|17 11|6 2|5 0|1 11|16 5|17 12|6 11|17 6|4 11|16 5|2 1|18 10|9 1|14 0|7 8|12 5|4 1|5 5|10 7|14 9|18 11|7 11|10 8|18 2|1 10|17 10|3 4|3 6|3 7|3 11|14 8|17 3|18 8|10 8|9 8|14 4|8 8|14 7|5 1|14 2|12 8|17 7|9 4|14 2|4 8|13 4|1 12|14 12|15 9|10 1|5 2|18 8|12 5|14 7|12 11|14 7|7 3|5 8|16 7|12 10|13 12|15 6|9 8|14 6|3 12|10 10|9 11|18 2|fitness = 82.94013973798012|time = 376.2541926576712|true
2 solution:
14 12|15 8|13 12|7 11|8 8|15 9|15 8|14 8|11 12|15 8|17 11|10 10|13 11|5 11|10 8|14 5|14 5|12 5|7 8|14 11|15 11|17 12|10 7|7 5|9 2|14 12|13 12|6 11|12 7|14 4|14 12|10 11|12 9|8 10|11 12|6 7|10 11|14 10|14 11|9 12|18 8|12 8|13 8|12 11|17 11|9 9|8 7|10 6|14 10|15 11|12 9|8 11|13 7|12 6|9 8|7 5|16 7|11 10|16 11|12 8|11 9|17 12|9 12|18 6|13 11|5 7|15 5|12 6|12 8|4 10|14 8|14 12|14 7|9 3|8 6|12 7|13 12|12 8|16 11|11 6|13 12|13 6|12 11|12 6|9 7|9 7|14 10|16 6|15 12|12 8|12 9|12 6|11 8|18 10|16 12|10 4|14 6|11 10|10 6|12 5|13 12|6 9|5 9|12 8|10 8|10 4|14 7|14 12|12 7|14 8|10 11|16 7|11 11|15 8|15 5|12 7|7 10|3 8|10 11|15 11|10 11|12 4|18 8|16 8|13 7|12 8|10 8|16 11|17 9|11 9|12 9|9 12|11 9|15 7|12 11|9 11|8 7|18 12|13 11|12 6|12 11|12 12|10 10|9 8|5 9|10 12|11 8|3 12|15 6|14 11|14 9|18 7|13 12|12 12|12 10|12 4|12 11|9 7|18 12|16 11|12 8|4 9|11 11|7 8|12 5|5 11|9 8|18 8|8 12|9 8|15 8|8 6|17 6|18 11|9 8|6 11|13 7|16 5|14 12|11 10|12 12|9 6|6 7|12 7|14 10|9 6|9 5|15 8|18 7|16 12|10 7|15 9|12 10|14 8|11 9|12 10|9 4|15 5|17 12|10 9|14 4|8 10|10 8|14 12|13 11|14 8|18 12|12 4|12 12|12 7|fitness = 85.86984446466802|time = 448.7560038281353|true
3 solution:
18 11|12 11|18 8|12 12|10 12|13 7|16 5|14 8|10 12|4 7|14 12|7 9|2 4|10 11|14 12|9 9|16 10|9 8|18 6|10 6|2 5|13 7|9 7|14 9|18 2|16 12|15 12|8 2|12 8|1 8|1 10|1 8|15 6|8 12|14 8|14 5|16 12|16 3|14 7|15 8|1 8|12 7|12 9|15 3|4 11|3 11|10 9|7 7|17 6|14 4|7 12|18 10|14 10|8 11|10 8|18 11|10 8|16 10|15 6|9 11|8 7|7 10|14 6|17 5|14 11|18 6|7 1|6 8|12 6|11 12|12 11|16 10|3 11|4 4|9 2|17 10|15 11|15 7|9 10|10 11|10 7|13 6|18 6|14 11|12 6|12 5|10 6|17 6|14 5|18 11|3 8|9 8|15 11|10 11|8 11|10 8|15 11|9 7|9 10|16 12|15 7|14 7|9 11|10 6|9 9|17 4|12 12|8 12|18 2|12 10|3 5|14 5|5 11|9 5|13 6|8 11|15 5|15 10|9 6|8 12|3 12|15 6|5 8|12 10|7 8|10 10|15 4|7 12|18 8|14 7|3 12|15 6|6 6|17 6|12 7|17 7|18 11|12 10|9 8|18 12|8 4|15 11|14 9|8 11|12 11|12 9|18 11|9 9|12 7|11 9|10 12|18 7|17 6|15 6|10 9|15 12|6 11|14 12|9 11|8 11|12 11|16 5|16 11|14 12|14 12|13 7|9 5|11 12|17 11|7 12|3 3|14 12|17 11|11 6|10 6|15 8|18 4|14 5|16 4|4 6|12 8|12 12|14 6|9 11|12 11|14 11|3 12|14 12|13 10|10 9|12 8|12 10|14 12|17 6|11 11|10 12|5 8|18 12|9 7|16 10|18 12|12 8|12 11|3 5|12 8|14 10|11 9|16 8|18 11|7 8|fitness = 86.26070619955043|time = 441.195703937275|true
4 solution:
11 9|12 8|9 8|12 11|10 11|9 7|12 9|14 10|10 12|16 8|11 8|16 2|11 9|4 11|11 7|14 8|3 6|12 10|10 8|12 11|16 4|5 11|9 11|1 7|14 7|14 8|6 7|11 11|16 12|16 12|12 12|11 7|16 8|3 8|9 9|3 12|2 8|7 10|6 8|18 3|14 10|8 12|14 10|15 2|10 8|12 7|10 10|9 8|12 6|9 6|12 10|9 11|12 5|12 9|9 8|12 12|9 6|8 7|15 7|7 3|12 11|9 11|7 7|15 11|8 6|15 6|14 8|9 12|9 7|8 7|10 6|5 10|14 12|14 11|13 10|12 11|10 7|11 10|16 8|16 7|7 7|18 11|7 6|17 6|16 11|11 8|9 10|18 11|14 7|6 10|14 12|6 8|10 6|14 6|9 5|15 8|7 12|15 9|16 3|12 12|14 7|11 11|8 12|17 11|9 8|3 10|14 5|15 4|10 7|18 11|10 9|14 7|10 9|14 12|12 7|14 10|15 7|13 12|3 8|9 11|13 11|14 10|18 11|10 8|12 9|14 8|13 8|16 11|15 5|8 11|11 12|10 8|12 10|6 12|12 8|6 9|12 11|13 9|7 11|12 10|9 7|17 8|14 12|11 9|9 12|14 7|10 11|12 7|18 8|12 7|9 5|4 3|16 12|7 4|12 8|9 6|10 6|12 9|12 8|10 8|12 10|6 11|10 6|12 11|14 7|8 11|17 11|10 8|17 6|16 11|14 7|10 6|10 6|11 10|16 7|13 4|14 11|16 7|14 9|11 7|8 12|16 11|7 8|7 7|3 7|12 10|9 10|9 6|15 6|8 12|12 11|8 10|12 11|15 6|14 7|9 7|9 10|15 6|16 11|10 10|12 9|17 8|10 7|12 9|9 6|16 5|7 12|9 6|11 10|16 5|fitness = 86.00107832071491|time = 444.7612743030294|true
5 solution:
18 2|4 6|14 12|15 9|12 12|12 9|14 7|14 11|14 12|10 11|12 11|11 9|14 12|13 11|18 10|14 12|15 7|12 7|14 12|7 6|12 12|7 12|9 9|9 10|16 6|10 6|15 6|14 12|12 12|12 10|13 8|9 8|18 9|15 9|12 9|10 9|16 11|10 8|15 7|3 8|12 12|11 11|8 6|14 7|11 5|2 11|12 11|12 7|3 10|15 11|10 11|12 8|15 11|6 9|8 6|7 10|14 8|9 9|18 8|15 8|4 11|13 7|18 10|18 7|11 9|11 7|12 7|15 1|11 10|14 8|14 10|12 11|13 11|13 10|9 9|9 11|10 11|9 7|12 11|17 11|10 7|16 12|14 4|9 10|12 11|15 8|12 7|13 8|12 12|13 6|16 6|12 2|13 8|9 8|9 7|6 12|12 10|15 12|10 10|14 8|18 9|15 6|18 7|14 7|12 8|10 12|9 2|15 10|12 7|8 12|4 8|13 11|17 6|15 8|10 11|14 10|9 11|12 8|15 6|13 11|9 9|9 4|13 6|17 7|9 10|12 11|13 12|17 9|18 11|9 8|18 12|12 7|13 11|10 7|13 8|10 5|14 12|7 6|12 7|16 11|9 11|17 11|10 11|13 9|7 11|10 12|14 4|13 7|17 6|9 9|8 10|14 12|15 9|11 4|15 4|14 12|14 9|15 11|6 9|13 7|7 8|16 12|17 8|15 2|16 10|12 7|18 8|15 9|14 8|8 12|12 6|9 7|11 7|10 9|12 8|10 12|11 12|12 11|16 7|11 8|14 6|12 8|16 8|9 11|10 11|12 8|9 5|11 11|15 11|12 7|18 6|9 2|14 8|16 12|15 8|12 4|18 8|16 6|15 6|15 8|10 7|15 8|15 7|16 12|16 7|8 10|17 11|9 8|11 12|9 12|fitness = 85.79791979044076|time = 434.96181765767966|true
6 solution:
12 10|12 9|16 8|10 8|15 6|9 7|15 8|12 11|11 10|10 4|14 12|12 12|16 8|13 12|13 8|9 7|17 12|14 11|17 8|9 4|10 11|12 11|12 10|16 7|16 6|11 9|17 6|14 8|14 12|10 8|6 11|17 7|14 10|9 12|12 10|14 7|12 8|12 11|16 12|10 7|3 12|14 12|16 7|9 8|15 8|16 11|10 9|15 4|13 10|6 10|9 8|8 7|13 11|16 12|14 9|16 7|15 6|13 6|14 12|14 12|18 11|7 11|10 7|14 8|16 7|7 7|15 7|14 5|12 8|10 6|18 6|15 8|15 12|18 3|14 8|8 10|15 12|12 10|14 6|12 9|18 11|13 7|15 9|7 5|12 6|13 8|11 12|9 8|9 10|12 12|11 8|4 8|12 7|9 8|14 10|11 12|12 11|18 8|14 10|12 9|14 12|12 8|10 5|12 7|17 9|11 12|7 7|9 9|16 7|7 7|16 11|11 10|8 7|3 7|15 5|10 3|15 11|6 7|15 7|15 6|16 6|12 8|12 11|14 3|5 11|10 8|14 10|11 10|8 8|14 10|9 11|12 6|13 10|12 2|12 11|8 8|13 11|3 12|14 11|7 7|5 12|10 10|10 10|13 6|13 6|13 9|14 11|15 11|15 10|9 10|9 11|14 12|9 9|14 5|10 8|12 6|18 8|14 6|17 12|14 9|15 4|13 11|14 11|7 9|16 11|10 8|10 9|18 12|10 6|11 7|10 12|7 7|13 10|12 10|12 7|13 12|12 11|18 6|15 4|15 12|12 9|14 6|3 8|14 7|12 10|17 11|13 7|14 11|14 8|8 11|10 6|16 12|13 6|10 2|9 8|12 11|12 9|11 4|12 6|9 3|18 11|5 11|12 2|15 11|16 12|12 7|13 9|15 8|8 11|9 12|fitness = 85.874068702186|time = 448.1046579795366|true
7 solution:
11 6|15 7|15 11|9 7|13 7|7 5|10 8|15 5|9 11|6 10|18 2|4 11|16 11|8 8|5 11|11 7|10 2|12 12|10 9|5 10|11 6|11 7|18 2|14 11|17 7|12 8|4 11|10 4|9 11|15 9|7 9|4 6|16 6|9 5|2 7|7 8|4 12|4 4|13 9|7 7|11 6|16 8|13 11|8 5|10 2|13 12|12 3|18 8|11 10|6 2|6 8|8 8|12 3|18 8|14 5|14 11|9 10|9 8|9 7|4 7|15 8|14 7|15 8|12 11|12 9|7 2|10 6|12 2|7 8|5 10|8 8|13 9|7 3|7 11|11 9|11 10|9 3|7 10|7 9|12 7|12 11|8 7|15 7|9 9|10 12|6 9|15 5|11 4|14 2|4 6|12 12|14 5|15 4|7 10|9 10|4 3|14 11|18 6|10 6|18 7|7 9|12 4|9 10|2 11|2 6|8 5|10 7|9 6|10 9|14 9|12 8|12 3|14 12|10 10|11 6|10 7|15 5|2 7|7 8|12 10|12 8|12 7|9 11|7 8|11 10|10 4|10 8|13 3|9 7|9 8|9 1|6 7|11 5|8 7|13 11|15 10|14 10|6 9|16 8|18 6|12 4|10 6|10 8|10 12|12 10|14 5|11 6|17 7|12 7|12 4|9 9|10 8|16 9|16 6|8 4|7 8|7 11|9 5|9 7|8 10|6 9|6 6|15 11|13 7|13 9|12 5|11 9|16 8|13 7|10 8|6 8|17 6|16 8|14 10|12 2|9 4|18 12|7 11|13 6|12 11|6 7|12 6|6 11|9 6|9 4|2 9|2 5|7 6|9 10|6 8|12 12|14 10|18 7|14 8|12 11|10 4|14 4|14 6|18 7|18 2|15 10|7 6|14 12|12 5|13 12|13 8|12 9|12 9|9 10|12 10|fitness = 83.70305963836915|time = 352.99884620518276|true
8 solution:
10 5|17 4|15 11|9 9|14 7|11 8|9 8|11 9|12 7|6 8|14 7|18 5|11 11|4 11|13 9|14 8|18 12|12 12|14 6|15 11|8 8|11 11|4 6|8 7|16 11|14 12|15 11|14 7|12 9|9 4|17 11|14 8|8 8|12 9|9 7|8 11|15 5|7 11|11 7|11 7|10 6|10 5|13 9|9 8|9 11|14 11|10 9|13 7|12 12|17 8|10 6|17 11|13 11|14 10|15 8|12 8|12 8|15 4|10 8|5 10|13 8|7 11|13 12|9 5|6 6|6 12|10 11|15 11|14 10|7 11|12 4|14 8|15 7|9 10|7 7|11 6|7 9|2 11|10 11|9 5|10 8|12 8|7 6|12 12|13 10|18 6|7 5|13 8|13 8|14 8|13 3|11 12|6 6|17 4|7 7|5 6|13 5|9 7|17 10|9 7|13 5|14 10|7 8|13 7|12 11|15 7|15 10|16 7|8 11|4 6|13 4|12 6|10 8|9 3|11 11|14 11|12 4|18 6|3 10|18 11|10 8|16 6|10 4|9 8|13 11|14 7|16 7|17 9|18 10|9 7|10 12|15 10|9 7|8 11|17 8|13 7|15 6|12 8|4 11|12 9|14 6|13 8|9 11|9 5|12 11|7 3|15 6|8 6|15 11|14 10|18 12|8 6|16 12|13 11|11 8|14 5|13 8|12 2|9 11|10 2|7 11|11 7|14 12|8 11|16 7|14 7|13 5|18 10|8 3|17 9|11 8|12 11|12 8|10 11|12 11|10 11|14 7|8 12|12 10|11 10|13 8|15 6|15 8|4 8|14 12|14 12|10 2|14 4|17 11|10 9|5 9|6 7|10 9|14 6|9 4|5 5|7 4|14 9|4 9|14 10|12 4|14 8|9 9|15 7|15 6|11 5|15 6|9 5|12 10|14 12|fitness = 84.96759774273217|time = 446.95127489341866|true
9 solution:
16 6|10 12|6 12|14 11|15 6|1 6|9 5|12 6|10 6|13 10|16 7|12 9|16 8|7 11|11 11|9 7|14 11|13 8|15 8|9 8|14 9|12 12|8 11|10 7|12 11|6 11|16 11|16 6|18 4|6 10|17 8|10 6|16 6|9 7|6 6|18 10|16 10|9 7|9 8|6 2|15 9|9 5|6 8|11 8|6 10|10 7|12 10|10 6|8 8|8 11|14 6|10 8|17 7|8 6|12 6|8 7|14 7|8 8|8 8|16 4|16 7|13 9|9 2|2 12|11 6|13 9|3 6|14 8|13 11|10 11|14 8|10 8|9 12|13 11|15 9|17 10|15 7|15 12|13 7|14 8|9 11|11 4|14 7|10 2|9 5|14 6|13 11|9 11|15 12|12 11|18 4|11 7|13 7|15 5|12 2|10 11|12 11|5 4|8 12|12 7|15 5|12 4|12 7|9 11|15 8|18 8|9 3|16 4|5 8|13 12|9 7|9 11|11 9|13 6|14 8|12 5|17 11|9 6|13 6|15 8|10 6|10 11|12 8|8 8|17 6|9 11|16 8|10 10|9 7|9 6|6 6|13 7|17 12|12 11|14 12|10 7|14 11|18 8|10 10|14 11|12 7|15 5|15 8|9 7|10 8|16 8|18 11|18 4|12 9|10 6|6 9|9 9|12 9|8 8|12 10|15 6|12 1|6 8|9 10|13 11|2 11|18 10|7 7|10 6|12 11|6 4|17 8|14 12|15 10|18 3|14 7|15 8|16 7|12 10|9 5|14 11|17 11|17 7|16 8|6 11|10 6|12 12|12 10|15 8|12 10|16 7|15 11|12 7|9 10|15 8|9 7|14 9|16 9|1 8|9 8|10 4|12 8|8 6|13 12|16 6|9 7|9 11|5 9|12 11|9 11|12 6|15 2|5 4|14 4|11 7|fitness = 85.46884270980833|time = 449.6339067952121|true
10 solution:
13 10|13 7|13 11|10 12|11 12|12 11|15 7|10 7|14 7|8 11|9 8|9 11|14 9|10 11|4 12|9 6|12 11|15 9|12 9|14 9|7 12|17 7|14 7|11 6|9 9|18 12|13 11|9 8|10 11|17 7|17 10|14 10|11 12|15 8|16 8|18 10|9 11|13 8|16 10|15 11|11 11|15 11|12 11|18 10|16 8|10 12|16 11|15 6|17 10|7 10|12 8|14 12|6 11|9 7|18 6|15 10|11 11|11 8|13 10|9 2|17 6|3 6|13 10|7 6|6 12|6 12|4 9|15 8|13 11|14 10|12 12|15 11|15 8|12 11|14 12|17 6|15 11|14 12|9 8|13 6|16 8|9 11|18 11|12 2|16 7|12 12|6 12|11 10|11 8|6 8|12 8|15 12|9 4|14 12|9 6|12 12|14 9|10 8|12 12|15 5|14 10|12 12|12 5|16 7|12 12|15 9|14 7|12 10|11 9|15 12|12 7|18 4|18 12|6 5|11 7|8 11|15 11|15 11|14 11|11 9|14 6|12 6|14 12|7 7|9 11|12 7|16 10|10 8|9 10|6 7|10 9|17 12|17 11|9 8|12 11|6 9|14 9|17 11|7 7|14 10|7 7|16 8|11 11|15 8|14 8|2 5|9 7|12 8|15 6|10 6|13 9|7 3|8 10|12 11|13 9|17 7|11 11|8 4|11 10|10 11|7 8|12 8|17 12|12 9|12 8|12 12|15 6|8 12|18 2|10 8|8 10|11 5|14 7|16 7|15 11|6 11|15 12|9 8|12 11|14 6|14 12|14 10|4 11|14 12|16 6|16 10|16 7|15 11|11 11|10 10|17 8|14 7|10 8|10 8|12 7|9 8|17 7|16 11|14 10|16 5|12 6|9 8|18 11|10 9|15 12|9 11|3 8|13 10|18 4|10 3|fitness = 85.6964659667146|time = 449.3477856935132|true
11 solution:
14 10|17 11|8 10|12 12|14 7|14 10|12 11|9 10|7 12|12 6|17 11|12 9|14 10|14 10|3 8|17 11|11 9|13 12|7 7|14 11|10 6|13 6|12 11|17 10|14 10|13 11|15 11|14 7|14 6|9 10|18 11|14 7|13 9|14 8|14 8|7 11|9 11|11 11|9 9|13 12|11 12|14 8|12 6|14 7|18 5|9 12|15 9|12 2|14 10|8 6|16 8|8 7|8 8|14 10|16 8|15 11|13 11|9 8|15 7|12 8|14 9|12 5|15 11|13 10|17 12|10 6|9 10|13 9|12 7|16 6|12 11|15 7|9 11|13 10|7 8|9 6|7 4|3 8|8 10|9 10|16 4|16 11|14 7|7 5|12 12|8 6|10 5|10 8|9 6|14 10|13 11|14 12|11 10|15 8|12 8|15 8|18 6|11 9|6 3|8 7|11 11|11 11|12 10|12 9|9 10|16 8|17 11|16 8|8 7|17 6|7 9|8 7|9 8|10 11|10 5|12 11|16 11|11 11|13 8|16 7|9 8|13 8|8 10|10 7|12 7|12 8|14 12|12 8|15 7|10 12|13 12|16 10|14 7|12 10|10 8|12 7|11 8|16 11|11 7|10 5|5 7|10 6|6 7|16 9|9 7|15 9|18 11|13 9|15 7|13 10|11 12|9 10|17 9|12 9|18 11|9 11|14 12|12 11|10 10|10 6|15 7|9 11|17 11|14 4|12 8|10 12|16 6|15 8|18 12|14 10|12 11|9 4|15 7|9 6|10 9|11 11|7 7|12 6|15 7|12 6|6 11|13 10|9 8|10 7|14 12|18 6|12 11|15 10|14 12|15 4|9 6|7 4|13 7|7 10|12 12|8 11|14 8|18 11|12 10|8 7|13 9|14 12|14 11|10 11|12 9|13 11|9 8|6 6|11 12|18 11|fitness = 85.70090139846559|time = 449.07030023254225|true
12 solution:
6 10|18 7|9 6|16 7|9 7|14 12|11 8|10 8|9 11|7 12|18 7|10 8|14 7|12 8|14 6|15 8|16 4|10 6|8 11|12 8|7 12|13 12|12 8|9 8|16 6|14 8|10 11|12 10|6 7|13 12|10 8|12 6|12 7|17 6|15 6|13 11|10 11|15 10|17 11|6 11|13 6|6 6|13 4|12 9|18 6|15 5|14 11|12 12|13 8|11 11|18 8|12 8|11 6|3 10|12 4|18 2|12 11|13 4|13 7|12 8|13 6|12 4|6 11|18 7|15 8|9 8|6 11|15 6|18 11|11 12|10 4|12 11|1 11|13 5|8 8|10 7|11 12|15 9|8 11|12 8|16 12|7 8|9 12|12 8|8 12|8 7|14 6|17 11|11 5|13 4|14 9|8 7|9 6|11 7|10 6|7 7|14 12|10 11|12 3|11 8|9 8|10 8|13 7|12 12|7 2|10 11|14 10|9 12|13 12|5 10|14 10|12 11|13 6|12 8|14 12|18 11|10 9|11 12|16 5|14 12|9 11|13 7|13 7|15 6|13 12|18 12|14 7|9 5|3 10|12 12|12 9|15 10|17 8|17 11|7 4|12 11|16 4|6 10|11 9|16 11|18 8|12 6|11 6|18 11|14 12|14 12|14 7|11 4|12 12|18 11|16 8|12 9|10 9|13 11|14 11|9 7|13 12|12 8|12 5|15 10|12 7|9 7|17 6|3 8|12 11|9 8|12 7|7 12|14 4|12 11|14 8|16 6|14 12|17 9|16 10|9 10|15 9|5 7|9 10|14 8|13 9|7 12|6 7|14 8|18 4|7 6|15 5|15 9|13 12|9 9|12 10|16 11|10 6|16 12|15 11|15 12|9 11|16 6|14 6|15 10|10 11|9 11|9 7|9 12|12 9|14 7|17 11|9 12|8 6|16 11|fitness = 85.99841343768564|time = 449.04260259272473|true
13 solution:
9 6|14 5|15 6|6 9|9 7|6 8|12 9|13 6|5 8|9 8|15 8|12 5|10 11|13 6|6 11|17 11|9 11|14 5|10 3|15 8|9 11|15 4|6 9|18 8|12 3|9 7|7 7|3 4|3 4|12 8|11 11|11 11|7 8|5 6|3 6|14 11|14 7|9 11|14 6|10 7|13 12|5 8|7 6|10 8|12 7|2 2|4 10|16 11|15 4|18 8|17 8|15 9|6 8|16 12|5 11|16 7|14 8|3 7|12 11|15 4|12 8|9 6|10 11|6 8|12 8|11 5|9 2|13 5|10 6|10 9|6 3|16 10|4 8|6 3|6 5|16 7|8 8|9 6|14 0|6 3|5 4|9 6|7 6|6 9|9 12|9 11|9 5|18 11|6 8|15 11|13 11|2 12|12 5|3 11|13 9|9 4|14 9|17 12|8 8|15 8|13 10|8 10|9 9|3 7|15 6|15 4|12 12|11 4|14 12|11 6|16 11|14 7|7 6|17 9|13 7|15 5|10 4|3 10|10 12|16 8|3 10|12 5|2 8|6 11|11 11|9 5|15 8|2 8|8 11|13 11|10 8|6 8|12 10|14 8|16 6|12 6|7 8|6 7|9 8|10 6|7 9|11 5|15 5|3 4|18 7|7 12|11 11|11 7|2 2|17 11|8 12|18 10|12 2|10 8|3 12|7 8|15 11|9 11|6 5|17 6|12 10|14 12|17 4|9 10|12 8|12 7|10 9|10 8|9 6|9 6|9 12|16 5|13 8|2 11|12 8|11 8|13 11|14 12|14 12|9 12|5 8|10 3|12 8|13 6|18 11|14 5|12 11|5 12|8 11|10 10|12 10|6 11|14 4|12 11|16 11|7 10|7 10|14 7|10 4|6 6|4 9|14 7|14 10|10 12|17 9|6 5|13 9|13 4|15 12|15 4|fitness = 84.9577651482361|time = 419.45825693879834|true
14 solution:
12 12|9 11|18 10|18 10|14 8|12 7|15 11|12 11|18 9|14 8|14 9|16 7|15 6|9 11|15 11|13 7|7 4|14 8|14 12|15 7|7 10|9 9|6 6|11 11|12 11|16 11|15 11|5 8|16 8|14 7|6 6|10 6|7 5|14 12|9 10|3 11|7 12|9 6|15 8|3 8|18 10|15 6|9 10|10 6|7 7|12 11|6 9|15 10|11 11|15 12|17 2|14 7|7 3|14 12|9 12|18 10|12 8|12 11|6 10|13 9|7 7|16 10|10 11|6 8|6 8|14 4|12 10|9 7|18 8|9 6|13 5|16 8|7 11|7 2|9 10|15 10|13 12|9 8|9 7|11 11|14 4|8 7|14 10|12 5|6 8|12 7|14 6|11 7|13 4|16 10|6 10|7 11|15 9|10 10|16 8|15 11|13 9|10 12|17 10|15 9|14 12|12 7|12 11|14 12|15 8|12 6|12 12|14 12|4 8|9 8|14 11|12 12|7 8|15 5|15 8|6 8|17 4|10 4|15 7|14 9|12 8|16 6|12 10|15 8|9 11|10 5|18 11|15 7|15 11|6 11|12 7|12 11|14 11|12 6|10 11|14 7|9 11|10 6|9 10|18 5|14 7|5 9|14 10|7 7|12 3|12 6|9 11|17 11|14 4|6 11|10 8|15 11|13 12|9 10|10 7|16 5|12 11|14 7|12 3|8 11|14 8|13 10|12 12|13 7|17 8|15 11|10 11|12 10|15 9|15 11|18 4|10 7|12 8|4 11|12 11|16 11|10 7|9 8|15 8|15 5|18 6|8 12|10 11|11 6|6 9|12 6|3 7|14 7|11 11|15 12|6 12|10 6|12 8|14 7|18 7|12 6|11 6|17 8|13 7|4 10|9 12|18 8|17 9|16 10|14 10|9 7|5 11|15 10|10 11|14 3|fitness = 86.16486900113583|time = 445.67115168515153|true
15 solution:
13 7|16 10|12 11|10 12|12 7|9 6|6 0|17 8|11 10|15 4|12 7|15 7|18 12|17 12|13 9|15 8|10 6|14 9|12 11|16 5|15 9|14 2|10 12|11 5|6 12|8 11|5 8|4 5|7 8|13 12|12 6|10 8|7 7|14 11|9 9|9 9|15 8|12 4|14 7|3 5|7 12|14 11|14 12|12 5|7 1|12 4|5 3|12 10|3 8|14 7|10 6|7 6|14 9|15 9|7 11|15 7|16 11|6 12|16 6|14 8|16 6|14 7|12 11|9 8|15 5|12 10|14 8|16 11|14 8|6 2|18 7|11 11|15 11|14 4|13 11|10 5|11 12|3 10|1 11|12 12|17 8|11 9|14 11|14 12|12 4|12 10|15 12|11 11|9 11|7 11|12 8|4 11|13 12|13 8|12 11|8 6|18 7|9 7|5 4|8 12|12 8|16 7|17 7|9 10|12 8|16 8|17 6|8 6|5 9|14 7|12 7|10 6|14 7|14 9|11 11|10 6|3 9|15 5|12 6|15 4|12 12|16 8|12 8|5 8|14 10|12 7|4 6|18 11|10 8|14 9|5 4|14 4|7 6|9 10|9 3|6 9|9 11|6 10|16 11|9 7|14 10|18 2|14 9|18 4|14 2|6 5|14 11|10 5|16 7|13 8|6 7|15 11|9 11|14 8|15 6|6 10|7 8|8 11|9 11|12 8|10 6|7 8|14 9|4 8|14 7|9 9|15 11|15 9|11 7|14 10|14 11|14 11|8 11|15 4|18 8|10 8|12 5|6 10|14 10|10 6|12 7|16 6|16 10|11 11|6 9|9 12|9 11|10 6|15 10|17 12|8 4|18 5|16 7|10 12|9 12|9 7|12 9|14 4|11 10|7 6|10 8|5 10|9 7|15 8|3 7|13 12|12 11|14 10|5 6|12 8|fitness = 85.72323039595527|time = 448.1451933400313|true
16 solution:
14 4|10 6|18 8|7 3|13 9|15 6|15 11|5 8|3 9|9 6|11 10|4 8|8 11|6 10|7 8|9 12|13 10|10 2|14 4|8 9|12 9|8 10|9 7|5 7|10 8|9 11|17 11|14 5|12 11|10 9|3 9|4 6|7 9|11 4|10 6|11 3|14 5|2 10|9 7|10 7|8 4|10 8|7 9|10 11|11 10|15 9|15 5|3 8|9 6|7 2|9 9|15 9|9 2|17 2|4 6|5 10|14 4|12 9|13 5|10 6|8 2|8 5|15 10|5 6|7 11|12 8|10 6|11 9|2 4|7 6|12 10|6 5|10 12|8 6|9 5|11 7|3 9|7 4|10 7|9 3|6 8|3 4|2 2|15 9|7 8|14 2|15 8|6 4|3 10|16 10|12 9|15 9|8 2|11 10|17 9|9 8|17 9|8 7|12 11|8 9|15 6|12 1|12 4|9 5|12 7|3 6|13 6|16 8|6 11|10 6|8 8|14 4|14 4|10 8|12 4|10 5|12 9|10 7|10 11|12 11|12 6|16 5|8 4|12 8|7 6|12 9|6 5|10 3|14 4|10 4|8 12|4 3|10 7|12 9|7 0|13 6|12 8|8 6|5 4|13 7|15 9|14 11|6 2|12 6|2 5|11 11|12 6|10 7|11 5|9 5|8 4|3 5|12 5|18 2|6 7|10 6|8 8|13 6|5 1|12 1|12 3|2 11|9 9|12 10|9 8|10 6|10 7|14 7|16 2|8 4|13 7|11 6|16 6|14 4|18 11|14 8|6 12|13 6|7 5|6 8|11 6|10 11|9 5|13 11|8 8|8 12|11 6|5 6|2 7|16 11|9 11|9 6|6 7|10 11|16 10|12 5|15 5|14 8|9 6|7 1|16 2|10 8|10 7|6 6|10 8|11 8|3 3|8 7|5 4|10 11|fitness = 82.71877772143608|time = 388.9541233218424|true
17 solution:
11 9|11 12|10 5|12 7|9 12|12 5|2 8|13 11|16 4|13 3|14 8|12 12|15 10|18 4|18 12|18 7|6 11|17 11|9 12|9 6|9 11|6 8|8 10|4 7|6 7|5 12|15 11|11 11|15 12|7 9|10 6|14 7|13 8|14 10|15 11|14 12|9 2|12 11|16 5|15 7|10 11|14 7|18 6|6 11|12 11|10 9|12 10|18 11|14 10|18 11|14 12|11 12|9 11|4 10|13 6|14 12|9 3|14 8|12 11|6 8|16 8|14 7|15 12|14 12|13 9|9 11|18 8|16 6|7 10|10 12|17 6|11 7|17 7|16 7|17 8|14 12|10 12|7 7|3 11|13 8|15 10|14 6|16 6|10 5|14 7|8 12|12 7|9 11|10 5|14 12|14 8|11 6|8 8|16 8|9 8|15 6|18 9|9 11|9 11|14 10|18 6|12 11|10 9|18 11|11 11|14 8|14 3|12 12|16 12|18 8|3 7|12 7|12 9|9 9|14 7|14 12|10 10|11 11|12 6|9 5|9 8|16 6|14 10|10 8|15 10|18 7|6 11|12 7|15 11|7 7|16 9|11 7|15 12|13 6|11 7|10 5|14 10|15 6|12 11|8 7|15 11|16 11|9 5|9 8|18 10|14 10|10 11|14 3|13 6|12 12|13 6|16 8|16 9|13 8|18 6|8 12|12 10|7 10|17 11|10 8|13 8|8 10|6 10|16 8|7 10|15 8|15 8|15 7|12 12|11 5|17 11|9 10|9 10|1 11|14 12|10 10|13 7|17 7|15 5|14 4|11 7|9 7|9 8|7 11|9 10|12 7|10 7|12 10|12 7|12 10|9 9|14 0|15 11|14 7|14 4|16 7|13 10|17 6|10 8|15 11|14 12|12 11|8 11|18 12|12 4|18 12|18 8|18 9|12 11|14 12|fitness = 85.52384581501157|time = 448.06759766305794|true
18 solution:
12 8|13 7|10 6|15 4|9 8|14 10|4 10|9 11|5 2|5 8|14 11|8 6|9 3|10 7|6 9|18 7|10 10|15 12|9 11|13 9|7 6|7 7|7 11|9 5|6 10|12 11|16 9|9 8|12 8|14 7|12 12|7 11|16 9|2 11|6 8|14 8|15 6|9 10|12 11|2 5|14 7|9 12|12 6|14 7|11 5|17 8|13 6|12 5|12 12|15 2|15 11|12 10|15 8|10 5|13 7|7 7|12 7|7 8|14 8|12 7|8 4|12 8|1 8|12 10|2 8|17 8|9 8|9 6|18 4|7 6|8 6|10 8|13 10|8 8|9 9|13 7|13 7|18 9|3 12|1 4|11 5|9 2|5 8|6 6|10 6|12 5|13 5|15 10|13 11|12 8|10 8|5 8|12 12|10 5|10 8|14 8|2 6|12 5|17 11|14 6|15 5|15 4|15 6|12 5|18 2|12 7|9 9|13 6|18 9|17 9|7 12|6 7|8 4|3 12|14 6|10 6|9 11|2 6|16 12|14 6|15 11|10 6|12 5|17 8|8 10|8 9|14 11|18 2|10 1|12 5|3 9|8 12|12 6|6 11|8 7|11 6|11 11|13 12|14 7|16 7|15 9|8 10|5 8|18 8|12 2|12 6|8 6|9 12|8 4|10 9|8 11|5 2|10 12|10 3|14 12|15 8|10 8|13 5|15 5|16 6|1 7|7 10|12 2|13 4|15 2|12 10|10 8|12 9|18 7|3 9|9 8|8 6|15 8|11 9|6 11|15 10|8 3|18 6|12 8|14 12|13 11|14 9|6 8|9 8|13 6|17 8|14 7|9 11|7 3|12 9|7 10|12 12|12 8|6 4|3 7|11 8|11 11|10 4|12 4|10 6|10 10|7 9|16 7|13 5|14 6|6 10|12 7|12 10|14 3|14 10|fitness = 83.96940363606909|time = 430.10051373654784|true
19 solution:
9 6|18 11|14 8|15 9|15 6|10 6|10 7|9 11|10 11|15 7|12 11|12 11|15 6|11 12|12 8|16 11|15 8|14 9|16 7|12 9|14 4|17 12|16 6|14 8|11 11|13 10|10 10|8 8|15 7|13 12|13 6|11 11|10 10|15 6|15 10|15 8|13 10|12 7|15 6|17 5|10 6|9 10|14 8|17 7|16 8|14 8|14 7|12 12|10 8|14 8|6 11|15 8|9 8|3 9|7 11|10 6|15 11|11 12|14 12|14 11|10 10|15 11|15 11|14 6|9 10|7 9|9 11|12 6|16 7|7 9|15 11|9 8|16 11|13 6|10 10|15 8|18 6|13 3|7 2|12 7|16 11|18 10|18 12|12 12|14 10|10 12|7 7|11 11|14 2|14 12|12 10|18 7|12 10|14 8|15 5|14 11|18 11|16 7|12 11|14 6|11 12|14 8|12 8|12 7|15 10|8 8|16 12|15 8|15 12|4 9|7 6|18 7|15 10|6 9|11 4|15 5|10 11|8 10|17 12|13 11|12 9|14 12|6 9|14 10|12 8|11 7|17 11|10 7|9 6|14 7|18 11|15 11|8 8|10 11|14 11|7 7|14 12|12 6|9 10|7 7|12 11|13 8|14 8|7 10|12 10|11 12|13 11|16 5|8 8|14 9|12 9|18 10|18 12|12 12|15 6|11 11|14 12|18 11|15 10|14 12|14 12|16 6|7 2|9 2|7 8|14 11|11 9|3 12|8 11|17 11|14 10|10 8|12 11|7 9|10 2|14 12|14 4|9 11|16 12|13 6|17 6|17 7|18 8|18 6|6 9|18 11|13 11|16 6|10 11|10 7|14 4|14 6|15 4|9 8|14 12|12 9|16 12|4 8|17 12|10 11|18 11|12 5|12 11|15 6|17 8|12 5|10 8|15 6|9 8|14 10|fitness = 86.7633482960675|time = 448.7962573235779|true
20 solution:
17 11|9 7|18 9|9 11|12 10|18 6|18 6|16 7|12 11|7 8|11 10|15 7|12 6|6 7|6 9|15 10|13 7|16 11|9 6|15 11|15 8|10 8|14 10|18 12|2 8|12 6|11 10|12 6|16 11|12 10|8 8|11 8|14 6|9 12|13 10|7 11|18 5|10 12|6 11|15 12|10 11|11 6|12 7|9 11|12 2|9 11|7 7|18 12|13 10|7 7|10 11|8 9|12 11|2 11|13 7|14 9|16 8|17 11|14 6|16 11|12 4|14 10|15 8|10 8|14 12|9 8|13 11|6 11|6 7|4 7|14 12|14 8|11 7|9 10|10 6|18 11|9 12|13 12|15 3|9 8|12 8|7 10|9 2|13 7|11 7|18 6|5 12|18 7|18 3|11 12|12 11|15 10|11 4|13 6|14 12|18 8|11 7|16 7|15 10|14 12|7 6|10 9|17 8|16 10|6 3|12 7|7 7|15 10|16 11|11 8|15 8|12 7|3 7|14 10|11 11|10 8|12 8|7 12|15 3|16 11|12 12|11 3|10 6|9 12|15 4|6 11|12 8|16 10|10 7|9 10|12 12|12 8|12 7|18 11|15 8|16 11|9 9|9 12|16 11|12 6|18 11|18 6|14 11|8 12|10 10|15 9|9 6|14 12|12 8|9 11|15 8|18 8|12 8|12 8|5 6|18 5|14 11|18 6|10 12|2 8|12 11|15 9|14 12|11 7|15 8|15 10|6 7|14 11|10 10|14 8|14 11|17 10|14 6|9 7|7 12|15 6|15 6|11 10|18 10|17 8|12 5|17 12|18 6|16 11|10 11|17 7|14 12|15 9|13 10|13 9|14 7|11 9|6 9|12 6|12 8|18 5|10 9|18 11|7 8|9 10|16 10|14 10|8 8|12 0|12 8|10 8|14 6|14 12|16 11|14 3|fitness = 85.1736366665508|time = 425.94277541397446|true
21 solution:
17 10|18 11|10 6|16 6|10 7|5 5|12 8|3 10|18 12|8 11|18 8|12 5|8 8|17 1|18 8|6 8|6 12|15 8|17 4|3 9|12 10|18 12|2 11|16 7|18 11|11 8|8 11|14 11|14 2|18 10|11 6|12 7|7 11|10 9|13 11|8 6|12 6|13 6|12 12|10 12|15 8|12 8|15 2|10 10|13 11|4 10|14 5|6 11|9 6|17 12|14 5|13 8|5 6|14 5|15 7|17 11|14 7|14 4|14 12|12 6|16 9|5 2|3 3|9 1|4 8|3 12|13 11|12 11|14 5|10 3|12 12|10 4|8 12|8 8|18 5|14 8|15 2|11 12|18 6|4 8|13 6|12 5|13 11|15 2|12 11|16 11|9 5|14 4|18 6|16 11|10 8|5 11|15 10|17 6|10 8|15 5|6 8|12 4|15 6|12 10|8 5|4 8|13 12|14 12|7 11|5 3|1 1|16 8|9 11|9 4|16 12|12 7|18 8|12 3|13 12|17 7|6 11|10 12|4 9|15 8|17 7|18 8|18 8|6 11|14 12|15 11|9 6|7 3|15 4|10 6|9 10|9 11|18 12|17 8|17 5|12 9|15 2|14 3|18 11|10 2|9 2|14 2|9 8|8 11|16 8|12 8|14 12|5 6|5 11|12 5|16 9|10 9|9 2|9 11|4 12|15 11|12 11|14 8|12 4|14 6|5 6|15 5|13 4|12 11|7 12|18 12|9 2|7 10|9 5|6 12|14 12|4 8|3 12|9 11|10 7|6 9|12 7|8 11|18 6|13 5|3 5|6 3|15 11|11 9|12 8|14 3|14 7|7 4|7 10|18 11|15 6|7 2|4 8|9 12|15 11|14 6|12 8|13 6|17 12|14 11|17 3|14 7|15 6|5 12|8 2|3 6|8 5|9 8|7 11|6 11|fitness = 85.1662630041283|time = 446.1845022886017|true
22 solution:
15 5|7 10|12 10|12 8|12 10|18 7|9 11|11 11|15 8|10 11|10 10|18 8|14 12|10 11|14 12|9 7|16 10|12 9|12 11|12 9|10 6|6 8|12 11|10 5|18 12|13 10|16 7|15 4|14 11|7 11|16 6|13 11|13 6|14 7|17 11|14 10|15 0|13 10|9 6|13 9|16 11|13 8|9 12|7 11|7 9|7 11|11 12|17 4|12 12|11 11|17 11|14 8|7 6|14 12|18 6|6 8|10 11|12 10|12 3|14 12|12 12|10 9|15 5|14 10|14 12|14 8|18 8|16 7|8 8|18 11|14 11|11 10|15 10|18 10|10 11|8 7|10 10|15 4|9 12|13 11|15 9|9 9|14 9|12 12|13 12|14 10|15 8|9 8|7 12|14 10|9 6|18 11|15 6|9 4|10 11|13 7|16 6|12 10|12 10|11 8|12 6|14 6|18 6|12 8|15 9|15 7|13 11|16 8|7 6|15 6|15 6|13 5|14 12|9 9|12 7|12 10|14 9|9 8|18 7|10 11|14 11|6 10|16 9|15 11|16 10|11 8|11 12|14 8|12 10|16 2|18 11|9 12|9 6|15 8|12 10|12 9|15 11|12 12|14 9|9 11|12 7|9 8|10 10|12 11|6 12|10 6|14 7|13 9|9 6|13 11|7 7|16 11|17 9|12 11|18 12|16 11|14 8|10 8|10 6|1 6|18 7|12 9|12 10|12 8|14 10|9 5|15 7|17 9|18 8|10 12|15 8|7 7|8 9|12 9|11 11|10 12|13 10|15 6|15 7|14 11|18 8|16 11|6 4|3 7|12 5|12 8|13 8|18 8|15 8|10 6|15 11|9 5|9 8|18 6|12 12|14 12|16 10|14 11|7 11|16 6|18 6|12 12|10 12|18 7|14 10|7 7|15 11|16 12|10 12|14 12|fitness = 86.15201840499027|time = 449.1622591004152|true
23 solution:
18 8|6 6|16 2|8 12|17 10|11 8|14 7|14 6|15 9|11 11|14 11|14 8|9 7|12 11|3 12|17 8|10 9|18 6|10 8|10 11|10 7|18 9|7 7|18 4|11 6|7 6|5 8|10 11|7 8|12 5|9 6|3 7|9 11|11 8|7 11|13 11|9 12|12 11|9 6|13 11|15 11|5 11|16 8|12 3|12 8|18 5|13 12|12 12|12 12|14 10|9 8|14 12|10 10|8 9|18 7|15 11|16 6|6 10|18 11|10 5|10 9|14 12|14 10|12 11|14 4|12 11|5 8|11 8|14 7|10 5|14 8|18 9|12 11|14 9|16 5|10 8|15 8|12 7|2 7|12 9|13 11|17 10|16 8|17 9|12 4|7 11|7 3|14 6|7 6|11 12|7 11|6 7|9 11|17 4|3 7|16 7|12 5|10 5|9 12|14 12|12 12|12 3|6 8|10 11|18 12|14 9|18 2|10 8|16 11|7 12|9 5|18 8|12 6|14 10|14 9|15 4|10 12|6 11|16 4|13 4|15 6|4 7|14 4|14 11|12 8|4 12|6 11|6 12|10 7|14 6|8 5|4 6|12 10|18 5|15 6|3 8|9 6|8 12|12 9|3 11|7 8|14 6|14 12|15 6|11 12|2 10|9 8|8 4|17 2|7 2|9 3|14 8|17 11|5 8|9 2|10 8|12 5|18 2|11 11|14 10|13 11|17 10|7 6|12 12|13 6|16 7|15 7|16 12|9 12|13 12|6 10|14 11|2 11|10 11|15 9|10 7|15 9|3 7|15 8|14 10|15 10|15 7|16 2|13 7|12 7|14 12|11 8|14 10|14 10|7 11|10 11|17 11|5 10|12 3|14 4|12 10|12 9|10 8|15 8|10 5|12 7|2 10|16 9|15 11|14 4|12 12|18 10|16 10|12 10|9 10|fitness = 85.32961374570499|time = 444.66554827992593|true
24 solution:
13 9|15 11|18 10|5 7|9 8|14 12|12 11|14 6|16 10|9 11|18 7|15 11|14 12|11 8|12 12|15 7|15 11|18 12|16 7|12 9|10 8|13 11|13 11|16 8|13 11|12 6|18 4|10 11|12 8|14 12|9 5|16 12|12 10|15 10|10 10|16 8|12 5|12 8|14 8|10 8|13 12|18 12|11 8|15 5|12 8|18 11|12 7|11 5|15 8|10 11|10 8|14 12|16 10|9 9|12 9|15 11|16 8|12 5|13 10|16 12|18 12|11 9|17 12|12 11|10 8|12 12|16 12|14 9|18 10|16 6|12 11|13 4|12 10|12 10|14 6|15 10|12 7|6 10|18 8|11 10|14 10|16 9|12 9|16 12|16 7|14 10|18 12|12 7|7 9|6 7|14 9|9 11|9 12|13 10|15 9|8 12|12 12|10 11|13 12|12 7|12 7|12 5|13 7|18 6|13 6|18 7|6 6|14 12|16 11|14 7|18 11|18 10|10 8|17 11|12 12|15 10|18 11|13 7|14 9|12 12|9 6|11 11|16 11|11 10|15 5|15 9|15 6|15 8|6 8|16 11|15 11|9 8|13 11|12 10|12 8|16 8|13 7|9 5|11 12|12 9|8 11|13 12|12 10|15 7|18 6|16 11|14 6|12 9|12 12|15 9|10 7|10 10|18 12|16 12|16 7|12 9|18 8|15 9|11 12|12 5|14 8|9 10|15 6|15 12|3 11|18 12|14 11|15 6|13 12|10 7|11 11|18 11|7 8|14 10|14 11|17 10|18 11|7 8|11 9|15 12|11 12|13 11|12 8|14 7|12 11|12 9|16 11|3 7|10 8|8 10|16 5|6 8|9 10|15 6|3 7|15 12|10 12|15 11|14 6|14 11|15 8|9 5|7 7|18 7|15 8|14 9|7 7|13 8|8 12|17 11|fitness = 86.31389770574143|time = 443.00385710813094|true
25 solution:
12 7|17 5|15 8|18 8|14 12|10 8|6 7|3 9|13 11|15 6|12 7|14 6|7 11|12 12|10 5|7 11|13 8|18 8|4 8|16 6|18 10|15 6|18 8|9 8|13 7|9 10|9 8|4 9|14 8|9 5|18 10|6 5|7 8|16 9|9 12|14 6|11 3|18 12|9 11|15 6|9 2|10 7|18 8|14 7|17 5|15 7|12 9|11 12|7 11|18 11|15 8|17 2|2 11|5 6|14 9|15 1|10 8|13 6|18 7|7 8|6 6|12 7|12 3|11 10|1 11|17 5|4 8|17 6|17 7|14 8|8 6|9 11|14 8|8 6|14 12|15 5|12 7|11 10|9 8|9 11|16 11|18 6|10 12|18 6|12 12|14 6|7 10|14 8|15 11|11 11|7 5|15 6|6 9|16 11|2 12|18 7|9 6|10 11|8 11|10 6|4 11|3 7|9 3|9 8|14 9|18 12|16 8|14 4|17 12|8 8|11 11|12 7|13 8|5 7|13 9|12 9|7 4|12 12|18 3|13 6|9 9|12 7|3 7|9 6|6 11|15 11|7 8|1 12|12 8|15 11|14 7|7 6|6 5|9 8|12 8|18 12|7 6|11 4|11 12|11 7|16 12|9 4|12 11|2 4|9 11|7 6|16 8|10 9|18 7|9 11|12 12|9 7|11 11|15 7|17 6|13 4|14 11|18 8|10 11|11 11|13 12|16 9|12 7|6 11|13 11|10 12|18 9|14 11|18 5|11 12|14 12|15 7|5 12|12 11|12 10|2 11|11 12|12 7|13 12|13 10|12 5|17 8|14 8|16 11|15 7|16 7|18 11|7 12|9 6|18 12|14 3|16 12|9 2|11 12|12 6|15 11|14 6|12 8|17 12|12 6|15 5|10 12|16 8|9 8|14 8|8 11|14 9|4 6|15 8|9 9|fitness = 85.28833313301884|time = 438.6887773342581|true
26 solution:
14 12|16 12|2 12|11 5|10 11|15 11|9 8|7 9|10 12|14 10|10 8|6 8|9 4|14 4|16 8|13 11|5 4|12 5|10 11|13 11|10 8|13 11|9 11|12 9|16 11|18 8|17 10|4 12|12 11|13 10|16 7|12 7|13 9|12 11|14 8|9 10|8 11|9 5|12 8|15 6|12 9|12 12|9 4|16 7|6 11|18 10|14 10|14 7|13 11|10 10|10 8|9 7|17 8|14 3|10 11|15 9|6 7|12 7|14 9|10 11|15 10|8 6|10 7|14 7|15 8|8 6|13 11|7 8|14 9|14 8|15 11|4 6|10 5|14 9|12 10|9 7|12 11|15 10|7 5|11 8|14 11|3 12|17 6|12 8|11 6|14 12|14 11|12 8|11 11|16 12|11 11|16 12|12 4|18 8|15 8|14 3|14 7|15 11|8 7|9 7|6 8|16 7|15 12|10 8|14 8|13 11|10 12|15 7|14 7|8 10|13 7|17 9|13 10|13 8|9 8|6 7|10 5|12 12|11 10|12 11|12 9|10 8|17 8|6 11|11 7|10 9|13 11|11 10|11 8|11 9|6 10|12 5|4 11|15 9|12 12|10 8|8 10|15 12|14 9|12 6|18 7|12 9|15 5|15 9|12 7|10 8|6 11|12 7|6 11|14 12|9 9|12 6|7 12|14 2|10 10|10 8|14 6|10 6|17 6|10 12|5 7|5 11|15 6|13 7|11 7|15 6|17 7|15 9|18 8|7 3|12 6|16 6|16 11|10 11|9 11|12 6|18 3|7 7|15 11|7 8|9 8|7 8|6 11|14 2|15 10|13 3|12 12|12 12|6 5|17 11|14 7|12 5|12 9|12 8|13 7|6 12|10 7|10 2|6 9|12 10|12 9|3 10|12 8|15 3|15 7|16 11|14 6|14 11|9 10|18 6|fitness = 85.93556359801084|time = 448.25543679923794|true
27 solution:
14 6|11 8|9 10|10 4|14 12|11 11|2 11|9 8|15 6|9 2|10 8|15 6|10 6|7 8|11 7|10 6|5 6|13 10|10 8|15 7|18 8|14 5|15 6|14 2|11 6|17 11|18 6|10 8|14 10|9 4|12 9|14 8|10 11|10 8|9 6|17 11|17 9|1 5|13 8|2 12|12 11|13 7|6 4|14 11|10 1|16 8|18 12|15 6|12 6|14 6|10 12|17 7|14 7|12 11|9 8|15 8|7 7|3 6|9 8|9 8|15 7|14 12|3 11|16 5|9 8|12 11|15 11|4 11|14 9|14 7|6 9|1 6|12 11|13 12|10 6|8 12|13 4|10 8|13 6|12 7|10 10|13 7|14 11|7 9|12 11|18 8|3 9|10 11|18 7|14 6|7 7|11 8|3 5|3 12|10 6|7 4|14 11|9 11|17 4|14 1|9 7|12 6|11 11|10 8|7 8|13 10|9 5|14 12|4 4|17 8|9 8|13 8|11 9|14 7|7 7|11 9|10 11|14 12|3 3|10 11|9 10|16 8|14 2|10 1|7 4|12 11|16 8|11 6|13 6|11 11|14 12|10 12|9 11|14 12|7 11|3 9|15 8|9 10|5 7|11 7|12 3|14 6|10 6|12 6|13 11|8 11|14 8|12 3|12 11|14 11|18 7|11 11|12 3|3 7|16 3|14 0|4 9|3 10|7 4|6 11|8 5|12 8|6 10|15 5|3 12|12 10|16 11|8 8|17 4|9 10|9 8|2 7|5 11|17 11|15 11|15 7|17 6|14 11|14 7|16 7|6 7|16 12|15 8|18 11|11 7|15 6|16 7|14 9|9 11|18 9|7 3|14 10|7 3|15 9|17 6|9 7|15 7|15 9|10 12|5 11|9 11|8 7|18 12|15 8|13 12|10 11|14 7|6 11|10 6|11 11|fitness = 85.66515968363987|time = 449.4534316118548|true
28 solution:
6 6|14 12|15 8|10 7|7 3|15 5|9 7|11 10|12 8|13 4|9 11|14 12|14 12|16 12|10 7|4 11|9 8|9 7|14 9|13 11|9 12|12 7|9 11|15 12|6 9|14 11|9 9|12 8|14 8|18 7|13 7|14 11|13 8|18 8|13 7|18 4|13 6|11 2|10 8|9 8|10 6|8 6|12 9|15 11|13 8|10 6|9 4|7 9|17 12|15 8|8 8|18 12|9 2|14 10|8 6|9 10|9 11|12 11|10 6|9 5|15 7|11 9|12 6|13 11|9 8|14 9|9 9|10 8|12 7|16 10|2 4|12 8|13 3|12 7|12 10|11 11|12 11|18 12|14 10|12 3|9 8|18 8|5 9|13 11|12 10|12 8|9 7|11 12|8 7|14 6|15 6|11 8|10 5|9 8|11 6|10 12|12 8|10 9|16 4|7 11|16 8|6 10|14 4|12 8|14 4|7 10|10 6|7 11|8 9|9 6|18 11|10 11|6 7|6 3|12 8|15 11|16 4|10 5|12 6|18 11|10 6|15 4|15 7|17 6|7 11|13 11|7 12|14 10|15 6|17 11|5 9|12 12|6 10|16 6|12 11|13 7|10 11|6 7|12 11|12 4|15 11|10 11|8 8|16 8|16 5|14 12|6 12|14 6|11 7|4 11|15 9|5 10|16 6|10 11|12 12|12 12|15 9|13 7|11 8|15 6|14 9|11 6|12 11|12 10|13 6|12 7|14 4|12 6|10 5|18 5|11 11|14 8|10 12|12 8|12 7|9 9|6 12|9 9|14 10|7 4|12 9|10 11|8 10|14 12|10 5|8 11|12 6|13 10|16 6|14 10|9 1|17 10|15 8|16 9|13 6|12 3|14 10|12 8|12 10|9 8|6 8|17 11|12 10|8 5|14 10|7 1|11 11|15 6|7 11|9 3|fitness = 84.93219651764771|time = 440.3688404868499|true
29 solution:
15 7|7 11|16 10|18 8|12 9|14 11|9 6|12 7|11 8|17 9|14 5|11 11|12 11|12 11|12 9|11 4|10 6|15 8|15 6|10 11|12 11|7 8|12 12|10 5|18 12|8 12|15 3|13 9|14 11|16 7|13 9|12 6|7 11|9 8|16 12|6 9|12 12|16 7|12 9|13 10|17 6|13 8|12 4|12 9|9 12|10 6|9 8|12 10|10 10|11 8|14 10|14 10|13 6|15 8|17 11|14 8|13 7|11 11|8 12|10 11|12 12|14 12|18 4|15 8|15 8|7 10|6 12|17 12|12 6|16 11|13 7|12 8|16 12|7 9|11 10|10 12|14 10|13 4|11 11|7 8|8 12|15 11|12 6|7 6|7 7|4 8|17 6|18 12|13 11|11 10|16 11|8 10|18 11|16 8|11 10|9 11|9 9|14 9|17 7|14 12|12 12|13 4|6 8|15 6|10 8|15 10|11 11|15 12|14 7|16 8|15 5|11 7|7 7|11 7|11 11|14 10|15 11|16 12|14 12|15 11|14 6|17 8|14 8|15 8|6 10|9 7|18 11|9 7|9 6|14 7|10 6|17 8|15 8|16 9|6 7|18 10|3 8|14 11|17 10|14 10|14 8|16 11|12 6|15 8|11 10|9 7|12 10|16 9|10 8|14 7|9 9|9 9|9 6|13 7|14 10|14 11|14 9|14 12|10 8|14 11|11 10|15 11|8 8|3 10|14 11|10 5|12 8|6 8|11 12|14 6|9 7|11 8|7 12|14 6|14 12|16 7|11 12|12 9|13 11|6 10|16 11|10 6|16 8|3 7|12 6|9 7|15 5|10 6|14 10|18 11|14 11|4 6|16 11|6 10|18 5|12 3|12 6|11 7|13 12|15 11|15 6|17 6|9 6|17 10|13 6|12 11|16 6|15 9|16 6|9 9|fitness = 85.5726158324037|time = 443.16133547350074|true
30 solution:
16 11|6 8|18 10|10 9|17 12|15 8|2 10|14 5|14 11|10 11|15 4|15 9|14 12|16 10|10 9|12 11|3 10|10 11|5 11|6 10|10 5|9 6|14 12|6 7|4 11|12 11|7 4|7 10|9 1|13 10|18 10|6 12|13 10|10 5|14 12|13 11|15 8|11 3|12 11|9 10|15 6|8 10|10 8|9 12|15 7|10 6|7 6|4 9|15 10|18 7|15 6|8 6|4 8|12 8|2 8|10 6|8 7|16 11|9 11|10 11|9 6|16 3|10 7|12 6|10 8|15 7|16 8|18 9|14 12|9 7|7 9|18 12|5 8|16 12|18 6|9 8|14 7|7 8|12 2|13 8|15 10|18 11|12 9|15 7|9 10|5 4|18 12|11 5|4 8|12 10|6 11|11 4|5 6|16 11|12 7|10 8|13 7|15 11|14 4|6 8|13 10|2 8|9 6|12 10|12 8|7 3|18 6|17 11|14 5|16 10|9 11|12 10|18 8|12 8|12 12|12 5|9 12|9 6|12 11|14 6|18 4|11 12|15 8|8 6|16 4|17 9|11 4|10 1|9 11|15 6|14 11|12 8|9 11|10 9|6 6|10 10|15 8|16 8|13 5|17 9|10 11|17 8|17 12|7 5|15 11|14 5|15 6|15 11|17 7|17 11|4 3|5 7|10 12|15 8|12 11|10 9|7 11|11 8|9 10|6 11|13 11|9 11|3 9|10 6|14 9|12 9|16 8|12 8|4 6|12 12|13 12|7 11|12 8|14 7|10 8|12 11|9 9|13 10|14 12|10 9|15 8|12 6|14 12|9 4|9 8|6 6|10 7|10 12|3 3|7 7|9 11|15 9|6 11|14 8|14 9|15 2|8 6|14 7|17 10|17 11|14 7|16 6|8 9|16 12|11 2|14 7|7 9|12 8|18 8|18 11|fitness = 84.67119094724272|time = 444.6374764933101|true
31 solution:
17 9|15 8|10 5|12 7|7 8|12 7|12 10|7 6|12 8|11 11|16 6|18 6|15 11|6 7|14 7|12 12|14 7|15 6|14 10|10 7|7 11|12 6|10 6|14 10|9 8|12 11|9 7|14 11|8 11|14 8|8 7|18 5|12 12|10 10|14 7|9 5|14 10|6 8|18 12|10 8|9 9|12 4|18 11|18 8|17 5|14 7|14 12|8 11|11 4|17 7|10 11|8 8|17 8|14 8|6 8|13 12|13 12|12 12|14 8|9 7|16 6|16 12|13 2|11 9|18 12|1 10|15 6|8 11|7 12|15 11|9 5|3 11|17 9|12 8|13 9|10 6|18 8|6 9|15 7|12 10|10 5|14 6|7 6|16 11|9 8|14 10|15 9|12 7|14 7|13 8|6 7|10 8|1 9|12 5|6 10|6 3|18 8|12 7|14 4|9 1|9 11|18 11|12 8|6 11|6 11|18 10|6 10|12 4|10 12|12 11|9 3|18 10|14 8|17 7|12 4|17 5|16 4|16 11|11 11|11 11|7 11|9 11|9 6|3 9|17 5|6 9|10 7|9 11|12 10|14 7|16 6|12 8|14 12|10 11|16 12|15 11|14 9|10 12|6 10|18 12|15 9|16 6|7 7|18 8|10 12|9 6|5 8|13 10|10 11|15 6|17 9|9 3|2 9|11 9|15 11|18 11|7 7|15 7|5 12|14 8|14 12|11 11|15 6|3 8|14 7|15 4|14 10|10 6|10 8|14 3|14 5|12 11|7 9|8 11|12 8|14 3|4 11|15 6|13 10|10 6|12 3|8 12|8 7|17 11|13 6|10 12|12 7|18 7|14 4|10 11|14 6|4 1|15 6|7 9|5 10|18 7|10 6|10 11|11 12|15 9|14 11|12 10|13 12|11 11|10 11|8 5|12 8|10 6|18 6|1 11|fitness = 85.63935118771981|time = 445.99953895565324|true
32 solution:
14 10|12 10|14 10|10 1|10 11|10 8|15 8|14 8|12 10|17 8|18 12|18 8|14 4|14 10|11 8|9 9|1 5|10 10|12 10|13 12|9 7|14 11|12 12|13 8|8 11|14 10|10 10|16 6|13 10|13 12|6 11|18 7|12 6|15 12|17 11|18 6|7 5|7 12|12 7|16 12|9 9|5 12|15 8|14 12|13 8|12 12|18 6|10 6|11 12|18 11|7 11|7 11|14 10|14 9|6 9|15 12|17 8|15 9|14 12|12 6|5 8|12 7|17 7|7 6|18 2|14 12|10 3|15 8|12 5|12 8|3 10|10 11|15 10|12 10|16 12|18 8|13 12|18 7|6 9|11 11|14 11|13 9|15 8|15 6|15 9|16 8|10 11|9 11|12 11|14 7|16 11|15 8|12 6|11 11|14 11|8 10|12 10|18 12|13 10|17 10|7 2|12 5|2 11|12 10|12 11|14 10|11 10|10 8|12 12|10 6|16 9|12 10|9 7|12 11|13 10|12 11|16 6|17 8|16 12|18 11|14 10|14 10|7 7|15 7|15 9|12 5|9 11|14 10|15 6|9 8|18 7|18 12|6 9|9 11|12 8|17 12|9 6|10 8|14 12|14 12|15 11|15 7|17 10|15 8|7 6|18 8|4 8|11 10|18 11|9 6|16 11|9 8|18 6|9 12|11 7|14 12|12 8|12 7|8 12|9 9|3 7|14 4|7 11|14 8|11 8|15 8|6 8|18 8|6 8|10 10|7 11|9 6|13 6|13 6|12 8|6 9|12 11|10 9|17 11|16 11|6 11|14 12|9 8|10 11|14 11|14 12|7 9|7 12|14 9|18 10|17 11|13 6|10 6|14 10|14 7|11 12|12 8|7 8|10 12|12 7|15 7|9 2|15 4|17 11|11 2|12 7|9 9|18 10|14 8|7 7|fitness = 86.4063960117494|time = 449.0715850146988|true
33 solution:
10 7|11 11|11 7|12 5|15 9|12 9|14 7|14 6|15 6|10 11|14 4|9 12|13 4|11 12|13 8|12 7|15 7|9 9|14 12|14 9|11 11|14 11|4 12|14 5|14 10|17 5|11 11|10 4|12 9|11 6|9 12|9 6|17 11|12 5|15 12|16 4|10 12|15 9|9 11|2 5|12 12|12 6|16 11|11 11|14 11|10 7|16 10|14 6|8 8|8 12|13 8|15 9|14 12|15 9|15 12|18 12|18 8|10 9|8 3|18 10|14 7|15 8|3 7|7 11|12 8|16 7|14 7|13 8|9 9|14 12|9 7|12 5|14 11|14 10|12 9|10 8|8 6|7 4|13 11|10 8|14 11|10 8|12 11|9 6|12 9|3 10|15 5|14 12|8 4|10 6|14 12|17 11|7 9|15 8|10 9|12 8|16 8|7 11|13 8|15 11|12 11|13 8|10 9|10 11|9 9|16 11|9 8|7 11|9 11|14 8|6 5|14 8|13 8|15 9|10 11|16 12|15 7|12 12|14 7|9 8|11 9|15 11|9 11|11 9|11 10|10 12|10 8|16 4|16 11|12 7|7 7|15 9|12 9|11 12|11 12|10 6|13 12|12 11|9 11|14 11|15 8|13 3|15 5|9 8|9 8|9 11|14 8|9 12|7 12|14 8|15 11|10 12|11 7|8 8|9 10|10 9|9 8|12 7|12 3|9 9|14 0|9 6|14 10|14 12|11 11|16 12|10 11|9 7|14 5|18 7|17 12|14 11|14 11|15 8|14 8|5 7|9 10|9 9|10 10|12 9|10 10|5 6|13 10|12 7|12 10|12 8|15 1|7 12|5 8|9 9|7 5|9 8|11 12|13 10|18 8|14 6|10 9|18 6|11 12|3 6|10 7|11 5|10 10|3 4|10 1|12 8|10 10|12 6|16 12|12 12|fitness = 85.19032997099893|time = 446.2097681128348|true
34 solution:
13 10|15 8|13 11|5 11|7 5|8 6|14 11|14 6|7 5|12 11|8 8|9 10|6 11|12 12|12 8|9 7|14 6|3 7|14 8|10 10|13 5|8 8|14 10|8 7|6 5|14 11|14 6|6 7|18 7|11 8|15 7|12 10|10 8|13 9|10 7|9 12|12 8|15 4|14 12|17 6|15 8|14 10|18 8|12 5|17 11|13 7|16 10|6 5|15 11|10 10|6 7|6 3|12 11|7 11|10 10|17 10|15 11|11 11|7 7|10 4|16 9|18 8|16 3|9 5|7 8|13 9|15 6|13 10|15 9|14 6|12 7|11 3|7 8|12 9|9 11|15 10|13 11|9 5|10 9|9 11|7 6|14 7|7 12|11 8|6 7|8 11|14 2|15 10|14 7|6 4|6 9|15 7|14 7|7 7|10 11|9 7|10 9|9 7|6 11|6 7|12 12|11 11|10 11|12 8|9 10|10 11|9 4|12 12|14 10|9 7|6 6|10 8|16 9|12 6|6 8|17 9|9 11|12 11|12 9|10 8|17 6|5 12|4 9|14 3|15 4|10 5|16 11|12 6|15 9|15 8|9 11|9 6|10 10|6 12|14 8|10 11|10 6|15 8|9 7|10 4|5 5|7 7|12 10|9 11|14 7|12 11|13 12|12 12|4 8|16 11|9 8|12 11|9 6|9 11|6 10|13 11|13 4|12 2|12 12|13 8|14 7|13 7|9 9|10 9|14 11|14 5|11 11|12 6|12 7|6 9|14 10|9 11|13 7|12 3|7 8|12 6|10 5|12 7|8 11|12 6|12 7|15 9|5 6|14 6|15 8|12 9|10 8|9 5|18 6|1 12|10 8|15 6|8 8|12 9|9 8|14 6|15 8|15 4|16 8|15 6|14 11|18 11|14 8|15 10|14 7|14 7|8 8|7 10|10 7|13 11|fitness = 85.66989945209852|time = 448.30705353783327|true
35 solution:
14 12|12 9|16 6|17 9|12 10|8 11|9 9|18 11|15 10|16 10|13 6|15 11|14 4|11 12|7 11|9 5|12 7|11 11|12 7|12 11|14 10|15 9|10 11|15 12|7 11|14 6|7 11|14 8|5 6|15 12|11 8|9 12|18 12|15 9|13 9|14 10|11 12|16 7|14 10|15 7|16 8|12 6|16 7|10 6|7 8|15 9|9 8|13 8|3 10|10 5|6 8|16 11|10 7|11 12|15 11|18 9|14 12|12 10|12 11|11 11|18 11|13 11|17 12|9 11|12 9|18 10|12 8|10 9|12 9|14 8|11 11|14 9|15 10|15 8|18 11|16 7|7 6|7 7|7 12|12 7|7 10|7 10|12 11|18 6|12 6|16 9|5 12|10 11|11 6|16 8|14 9|12 6|15 8|16 7|12 7|12 8|15 12|12 11|9 9|14 7|9 11|15 8|6 9|14 12|10 9|14 10|17 8|17 11|10 8|17 11|12 8|16 10|10 9|12 10|14 7|6 5|17 9|10 11|10 11|16 6|12 10|10 12|9 11|14 9|10 4|6 10|12 11|16 12|16 12|15 8|16 9|13 12|15 12|8 7|6 8|18 7|14 11|9 11|10 6|11 12|10 11|14 10|16 9|13 7|14 10|14 7|14 8|14 12|14 12|15 7|18 7|9 10|11 5|8 8|9 7|8 11|15 5|12 8|9 8|7 2|16 12|14 12|12 7|9 11|12 7|17 7|14 12|12 10|6 7|11 10|9 6|17 10|14 12|15 8|9 11|14 7|16 8|15 11|17 11|14 4|15 12|12 10|10 8|11 11|12 12|12 11|9 10|18 10|13 8|15 5|14 12|13 8|17 8|10 6|13 8|10 11|10 5|12 8|10 8|14 12|15 10|15 11|8 12|14 12|11 9|15 11|8 11|17 6|8 6|10 9|fitness = 86.41126969886204|time = 447.5780599403834|true
36 solution:
13 12|18 7|18 11|7 10|9 8|8 12|15 9|12 11|7 7|10 6|15 11|15 9|14 12|13 11|13 9|10 8|7 11|18 8|12 10|13 5|16 8|12 5|12 12|5 7|9 12|14 8|15 11|11 11|12 7|12 11|10 8|16 12|12 9|17 9|15 10|16 11|4 11|9 11|13 12|10 6|10 10|12 5|10 4|9 5|18 10|9 11|17 12|7 8|11 8|10 9|12 8|13 7|15 8|18 11|17 11|6 7|17 11|14 12|10 8|2 8|13 10|3 10|14 7|9 10|12 9|14 6|14 9|11 10|12 6|12 12|4 8|9 2|12 8|7 6|10 7|13 9|13 6|12 11|18 10|12 10|14 4|11 8|7 11|12 6|9 8|10 8|14 10|13 4|7 7|10 6|11 11|9 10|12 11|11 11|18 12|10 7|8 10|12 5|14 12|10 6|15 11|14 7|14 10|17 8|12 6|15 9|13 12|12 11|16 11|15 8|9 9|14 12|16 9|12 11|14 7|9 7|6 9|15 10|7 10|16 11|15 11|15 5|10 8|14 12|9 11|6 5|12 8|12 9|15 6|14 10|10 10|12 7|16 10|15 9|15 6|18 7|8 11|5 12|12 9|18 8|17 11|16 12|9 10|9 6|15 11|5 7|4 6|12 11|17 5|12 8|9 9|7 7|14 12|15 8|16 11|15 7|11 7|14 2|12 5|16 10|14 7|7 10|8 7|14 10|14 6|12 7|9 10|13 9|12 11|13 3|11 12|15 9|7 10|18 4|11 8|16 8|15 9|6 11|12 9|14 7|11 11|12 12|9 8|6 11|12 9|12 11|15 8|7 8|10 12|15 11|15 7|15 9|8 6|10 11|6 7|9 5|12 10|10 6|11 8|11 10|12 11|15 6|10 6|14 9|18 11|11 10|14 7|15 8|12 4|13 11|fitness = 86.01777762075012|time = 442.5462434675901|true
37 solution:
12 8|12 3|14 4|14 10|15 7|10 12|18 8|12 12|11 9|6 9|9 11|9 11|18 9|11 10|15 11|12 11|13 8|6 9|15 3|7 4|12 6|11 6|14 10|14 9|16 7|10 6|7 8|10 6|12 8|13 4|7 4|18 12|16 6|15 7|14 12|9 10|16 10|11 10|14 11|12 9|12 11|15 11|13 11|12 6|11 10|12 8|9 12|12 11|13 12|12 11|9 11|17 4|14 9|8 12|12 8|6 10|12 11|12 12|8 11|14 8|16 5|9 8|8 6|12 8|10 6|11 11|12 6|6 7|16 11|14 8|16 6|14 7|13 12|17 8|6 9|7 7|4 7|15 7|12 7|12 12|13 9|13 11|13 11|15 8|13 9|12 10|9 9|16 4|11 6|10 12|5 7|15 7|6 10|12 8|14 11|15 5|14 8|18 7|15 6|10 8|16 8|10 10|10 8|12 7|18 10|18 12|12 8|15 3|14 10|7 8|10 11|7 10|10 11|10 10|14 12|3 11|10 11|15 11|16 12|4 8|12 11|13 10|6 6|18 5|2 7|18 9|16 11|15 12|12 9|10 9|12 7|14 6|4 12|8 10|9 8|7 11|11 8|9 6|15 11|10 11|9 9|9 8|18 8|16 12|8 11|15 12|5 6|14 12|14 3|11 11|5 11|12 11|10 4|5 6|11 7|12 12|17 8|13 11|17 7|14 12|10 10|9 8|13 6|11 10|11 6|11 9|4 6|17 5|10 7|11 11|11 11|15 9|14 8|8 6|3 12|18 9|9 5|15 7|6 9|10 7|12 8|5 11|15 8|17 10|15 8|8 7|17 10|16 9|11 9|9 9|12 6|15 5|3 12|16 5|6 9|14 12|9 11|3 11|14 11|6 9|14 8|10 7|10 10|13 10|14 6|11 9|6 9|5 6|12 7|10 12|fitness = 85.50485088091145|time = 446.99223236488075|true
38 solution:
10 11|16 10|16 10|16 7|12 10|11 8|6 8|16 3|9 6|9 7|10 8|12 11|14 9|14 9|14 10|9 6|10 6|11 7|6 10|9 9|14 9|15 11|9 11|13 6|10 9|14 8|9 8|12 6|17 8|8 10|10 8|10 7|9 7|8 8|12 8|17 8|14 7|7 11|15 6|7 3|8 8|14 8|16 9|14 6|7 6|7 9|14 4|14 6|14 8|6 7|16 8|10 12|15 7|16 7|10 6|13 12|18 8|11 8|10 11|6 6|8 7|9 2|16 7|16 12|14 9|10 10|8 8|14 11|11 11|16 5|8 12|11 10|13 8|17 11|14 6|13 4|14 12|13 10|11 6|12 9|17 9|15 6|2 11|12 9|12 6|10 10|9 10|13 6|9 8|10 4|9 9|12 7|12 11|11 11|11 12|15 8|16 9|5 8|9 11|12 6|10 5|15 4|8 11|12 11|4 8|5 11|16 6|9 7|12 5|14 8|18 7|10 10|14 9|10 10|12 8|9 6|12 11|15 5|12 8|16 6|15 8|16 6|6 8|13 6|15 11|18 6|6 11|7 12|9 8|11 8|12 11|9 6|18 11|6 11|7 7|14 12|14 10|16 7|11 9|12 5|15 11|11 11|3 11|12 7|10 9|17 4|14 11|12 9|12 11|11 10|6 9|11 9|10 5|15 8|10 12|10 10|10 9|13 11|10 6|17 7|8 7|17 11|7 6|5 12|17 7|16 9|11 10|18 5|10 8|9 12|14 10|6 9|10 10|5 11|12 7|10 7|18 7|11 5|12 12|5 11|17 11|9 8|13 11|10 11|15 7|12 7|10 11|15 6|15 10|9 7|9 9|11 11|14 11|14 12|17 11|13 8|16 8|10 6|11 11|9 8|12 5|14 6|12 9|15 6|15 8|12 7|9 6|13 5|10 8|16 11|fitness = 85.98582514749451|time = 439.3376327536956|true
39 solution:
12 10|5 11|11 10|14 11|9 11|7 11|16 12|11 11|10 10|4 3|12 9|6 10|14 10|6 5|9 5|14 4|14 4|12 7|14 7|16 10|10 9|9 5|9 8|7 9|12 9|16 11|11 9|16 8|14 10|11 12|14 12|8 8|8 8|7 7|12 11|17 7|6 10|8 4|18 11|16 11|16 4|11 7|7 12|14 12|7 11|16 9|9 7|12 11|9 10|7 7|14 8|6 5|18 9|6 7|8 11|13 5|13 7|10 6|12 7|9 9|10 6|7 6|11 8|14 11|15 6|15 11|14 12|12 8|16 12|10 6|9 5|10 11|9 6|8 10|14 10|17 10|7 7|11 10|15 8|12 7|12 8|14 11|14 11|17 6|9 10|8 6|9 9|14 6|15 10|9 8|15 9|10 11|10 10|11 8|13 9|18 8|9 3|9 11|16 8|13 7|14 12|11 4|9 6|8 6|13 8|15 1|9 8|9 6|18 12|10 6|14 11|15 8|17 11|17 8|15 8|13 8|9 10|5 5|11 11|12 8|14 11|11 9|18 7|15 9|10 8|9 8|9 8|9 8|15 12|15 6|3 11|16 9|18 10|14 10|10 9|9 12|14 8|9 6|3 10|13 11|14 7|17 12|17 11|11 12|8 7|12 9|12 7|14 12|12 10|10 8|12 8|7 12|8 11|16 9|5 12|12 4|5 11|16 6|5 12|12 11|12 7|17 10|13 12|12 11|14 9|12 9|13 12|9 10|18 8|15 6|11 8|11 9|10 11|13 8|14 10|15 10|9 7|14 11|17 8|14 12|12 11|12 7|3 12|12 9|12 5|15 4|18 12|15 10|16 12|7 12|17 6|16 7|3 6|17 9|14 7|17 9|12 7|13 6|14 12|9 12|14 12|14 5|8 8|13 9|8 12|9 6|5 8|13 9|14 10|8 5|fitness = 84.99609882669534|time = 445.7185766450443|true
40 solution:
16 5|15 11|16 8|12 11|12 8|12 4|8 8|1 11|10 11|8 8|12 12|13 12|18 11|13 11|14 12|17 7|9 11|15 12|16 4|7 12|14 12|4 7|9 6|14 12|9 5|12 10|12 7|16 11|18 11|8 9|16 8|13 12|7 7|10 5|15 3|14 9|17 8|9 8|16 4|16 7|4 8|12 9|7 8|9 10|12 8|3 8|6 10|5 11|8 11|13 11|14 8|16 6|15 10|16 7|15 11|7 6|13 7|9 4|4 4|10 6|16 7|11 10|16 11|15 10|9 11|9 9|6 11|12 12|15 6|8 11|10 12|6 1|14 8|14 6|12 5|9 9|17 8|10 6|13 11|14 10|14 10|8 6|9 5|14 9|10 11|10 8|9 11|16 6|6 9|3 4|15 7|17 8|9 8|13 8|15 10|18 12|8 10|7 11|17 10|12 10|14 12|7 7|6 11|15 11|13 10|8 12|3 7|14 12|13 11|15 8|7 8|7 6|5 8|8 10|11 9|5 9|18 10|14 7|13 7|9 11|17 6|7 7|12 10|14 11|15 6|16 12|15 7|14 7|18 4|12 12|6 5|9 12|9 9|12 10|8 8|13 5|2 12|9 6|13 10|12 6|3 11|10 5|16 8|12 12|14 12|14 10|9 7|6 8|17 11|14 8|8 5|15 7|12 12|16 6|12 9|17 7|10 11|14 4|10 11|14 5|14 11|1 11|12 4|6 7|18 8|10 3|11 8|5 10|10 9|15 6|18 8|13 5|5 12|12 6|13 11|12 6|17 12|10 8|14 10|7 12|11 8|4 11|3 7|14 8|15 8|12 10|16 7|12 7|9 7|14 10|15 6|13 8|6 9|17 7|3 12|10 8|9 6|9 8|13 3|10 10|14 12|10 11|13 7|9 11|15 6|13 11|14 7|9 11|13 10|12 8|fitness = 85.45639152994096|time = 444.54806486662113|true
41 solution:
7 9|15 6|10 7|10 12|10 6|15 9|17 12|9 2|12 10|16 7|7 12|11 10|17 4|14 10|12 12|12 11|9 8|12 9|13 12|12 6|14 12|10 4|14 7|13 7|10 9|12 12|12 9|16 8|12 11|12 11|8 6|14 8|9 11|13 11|7 9|3 9|12 8|11 11|16 8|14 11|12 7|13 11|15 8|15 11|17 10|16 4|7 7|17 11|14 9|7 10|3 9|16 6|14 12|16 8|10 8|7 7|18 8|13 7|7 12|12 9|7 8|12 8|12 11|12 2|13 6|14 11|15 10|13 8|16 9|9 11|12 7|17 12|13 5|6 11|12 12|10 8|12 12|12 11|14 6|14 9|6 12|16 11|14 7|9 11|10 10|15 11|15 11|18 7|14 7|8 6|9 7|14 6|14 7|15 11|11 11|12 11|14 8|11 10|9 9|7 11|11 10|11 11|10 3|14 7|14 12|12 10|14 7|12 8|8 10|10 8|12 12|9 5|15 8|15 8|16 11|16 12|16 5|6 12|18 8|8 9|12 10|14 12|8 7|10 11|16 8|16 12|15 8|17 11|15 9|5 9|5 7|12 9|11 11|18 11|14 10|12 9|9 7|9 10|9 12|12 9|9 7|8 6|7 9|13 11|12 11|9 8|9 9|3 7|15 7|17 6|15 10|9 8|12 12|16 6|15 7|12 7|18 7|16 8|12 8|8 8|18 5|16 8|12 9|11 9|7 8|13 7|6 12|12 9|14 7|9 8|13 4|12 11|12 10|15 10|6 8|12 11|16 9|14 6|12 6|12 6|9 11|12 10|3 10|15 8|11 7|8 10|17 9|17 11|10 6|16 11|9 11|14 9|14 6|15 10|13 12|10 8|17 10|10 9|17 12|18 8|12 7|14 9|12 7|12 11|11 8|9 12|13 11|10 8|10 9|13 9|fitness = 85.16408209075476|time = 444.28057982957046|true
42 solution:
14 7|12 9|14 11|8 11|14 12|17 8|9 11|17 8|4 12|18 11|9 11|10 10|6 11|3 6|16 12|16 7|14 10|6 12|14 11|16 8|12 10|16 7|6 7|10 6|9 10|8 2|14 7|15 11|12 9|9 12|4 6|13 11|14 6|10 11|8 11|18 4|17 11|10 2|14 7|9 6|9 7|15 4|9 8|10 8|11 8|10 5|12 4|18 6|12 9|16 11|5 11|10 6|18 10|10 11|9 3|10 9|7 3|17 11|8 11|12 12|10 5|16 12|15 6|13 9|8 8|10 11|15 2|12 12|5 11|16 8|6 7|8 7|14 11|9 12|18 10|15 6|13 7|9 9|4 10|9 6|15 9|14 10|5 8|14 7|17 7|12 9|13 9|10 7|9 7|15 9|14 12|9 10|9 11|14 12|7 8|8 7|13 1|16 6|12 7|7 10|18 8|15 8|18 11|12 11|18 12|7 12|18 11|9 8|18 4|14 8|10 9|18 8|14 12|9 12|14 10|16 8|16 7|9 9|12 8|7 8|9 6|12 10|9 8|11 7|16 12|9 8|10 6|10 11|12 10|12 11|10 8|8 8|6 6|11 7|10 6|7 9|15 8|11 7|6 8|4 6|12 6|9 6|1 10|14 12|15 9|13 11|10 5|17 10|15 8|15 12|4 6|11 10|6 10|14 7|6 8|9 10|9 8|14 6|16 11|5 11|16 6|4 11|15 6|5 5|16 11|7 12|15 1|14 7|14 10|18 6|14 7|8 10|18 6|18 6|12 6|18 10|14 12|18 11|13 10|15 12|10 8|6 2|5 8|9 12|9 10|3 10|9 11|8 11|15 12|11 9|11 9|11 11|15 9|16 10|9 11|12 10|10 8|7 6|10 4|17 9|7 7|11 2|11 11|6 11|10 2|10 11|15 6|12 12|6 5|14 12|fitness = 85.41460161534336|time = 445.77119541261527|true
43 solution:
5 12|6 5|14 10|5 11|7 8|5 8|6 3|12 2|9 11|17 8|14 4|3 12|6 7|6 12|1 11|3 7|4 8|13 7|6 10|14 7|9 11|7 10|18 8|15 5|18 7|11 11|15 6|16 4|12 8|18 11|18 6|13 6|16 6|8 10|18 6|12 8|16 4|14 12|15 8|16 5|6 7|10 6|7 8|10 11|14 6|15 9|15 3|12 8|14 8|17 8|16 8|15 6|3 8|10 9|15 6|10 7|15 8|12 7|11 10|11 12|12 11|10 5|12 11|14 1|8 8|13 6|16 11|15 6|18 6|10 10|16 5|7 10|10 11|14 8|4 11|18 12|8 10|14 11|9 5|10 8|9 2|18 11|13 7|15 12|12 10|12 5|12 10|12 12|14 5|14 7|18 4|15 4|2 7|12 3|14 7|18 0|8 5|10 10|8 10|7 10|10 11|3 9|14 8|9 8|11 6|14 11|6 10|13 12|5 7|13 9|7 7|17 11|6 11|9 6|11 7|18 11|18 11|10 12|6 6|14 11|14 12|2 2|4 5|5 5|10 6|9 5|7 11|14 11|11 11|4 11|10 10|14 11|9 6|7 7|7 6|7 3|14 11|6 7|14 11|10 11|12 10|14 9|16 3|11 12|18 2|16 7|14 12|11 11|6 8|17 6|18 8|6 3|7 11|12 8|8 6|16 11|6 10|17 6|16 7|9 12|15 7|4 12|17 8|10 4|3 10|3 7|10 11|12 9|17 4|16 5|7 8|14 5|16 12|13 11|9 11|17 10|12 7|6 7|14 12|9 6|15 4|10 8|7 8|7 6|9 10|6 8|7 9|18 9|16 6|10 8|18 10|9 6|14 8|12 6|14 7|15 11|5 10|10 4|3 12|18 11|8 11|16 8|14 3|14 5|9 7|12 10|14 9|17 8|18 6|7 8|fitness = 85.72363417294503|time = 449.921484878579|true
44 solution:
12 3|18 7|11 9|14 3|5 10|12 5|12 9|7 1|5 5|7 5|10 12|12 6|3 11|5 11|6 6|9 6|15 11|10 12|11 6|15 6|9 11|9 5|10 3|14 5|14 8|3 8|7 7|6 8|15 8|9 10|18 10|1 10|6 11|4 8|14 4|14 4|2 6|7 11|10 11|14 5|9 5|18 6|10 6|9 9|15 11|1 8|6 11|14 5|8 9|13 5|14 4|8 6|7 8|9 7|12 2|6 7|9 6|18 5|17 5|12 8|11 10|17 7|8 9|12 8|15 7|12 6|10 8|15 11|12 3|10 7|12 8|16 7|6 9|10 6|14 4|15 7|3 7|9 7|7 11|11 7|14 6|8 12|6 7|14 9|13 6|16 2|17 4|14 12|4 8|6 8|9 10|9 7|12 5|14 10|14 12|6 5|14 7|8 10|9 9|8 6|9 8|9 8|8 9|9 11|12 6|9 12|9 9|15 6|10 6|12 6|14 9|8 3|10 8|16 6|13 7|14 8|14 7|13 4|5 8|18 3|14 11|6 9|11 8|5 5|14 8|7 3|4 7|7 9|10 6|14 7|16 11|16 8|12 7|8 5|10 6|3 7|8 4|12 11|13 9|11 7|15 7|14 7|14 12|13 8|12 7|8 10|7 6|7 11|14 9|4 6|12 3|7 11|14 12|17 10|13 7|9 11|10 5|18 12|8 8|10 10|12 11|1 11|11 6|13 7|14 11|10 6|9 8|18 10|14 11|14 2|3 12|6 12|15 5|7 9|10 11|18 2|17 2|3 11|7 8|14 11|12 8|5 0|5 8|7 4|10 6|8 9|16 8|12 8|9 9|14 9|14 2|2 6|12 8|7 7|14 7|6 8|10 3|18 8|14 4|10 9|14 2|5 8|15 5|14 10|9 7|5 8|13 8|12 9|12 9|10 11|fitness = 83.63236774446256|time = 416.80349861025934|true
45 solution:
4 11|18 11|7 6|12 12|11 10|13 12|17 12|7 8|10 5|12 7|5 8|5 10|16 4|12 8|12 10|14 3|14 7|11 7|3 8|10 8|13 11|18 11|5 3|12 11|9 9|14 12|15 9|5 8|16 6|13 9|13 5|9 6|12 11|9 6|8 6|14 10|14 11|15 10|12 5|7 5|8 2|13 11|8 7|15 5|15 6|14 2|12 9|11 8|7 8|13 3|14 12|17 7|12 7|13 9|13 9|12 12|18 7|11 2|15 4|10 5|11 8|2 12|6 5|9 10|8 10|18 11|14 8|16 5|4 7|14 11|10 11|10 6|14 6|10 8|7 8|3 4|4 12|7 10|10 8|11 6|9 7|14 5|18 11|6 9|12 7|8 8|11 8|3 7|10 9|3 7|9 11|12 11|16 9|7 8|13 3|14 4|14 10|12 11|10 6|18 12|15 8|15 11|12 9|7 11|8 4|3 10|10 12|6 8|15 6|10 10|18 11|16 11|8 7|15 10|7 11|9 10|9 7|9 2|14 11|10 9|7 5|7 8|11 9|13 11|4 4|16 6|5 8|10 10|13 11|12 11|18 5|9 11|14 9|12 9|10 4|12 9|8 1|7 11|16 12|8 11|18 10|17 7|1 6|11 9|14 8|9 6|8 8|16 10|6 11|6 6|10 8|14 4|14 6|9 10|7 12|13 5|7 12|12 8|14 7|10 8|18 7|16 9|13 8|11 8|17 12|14 8|9 8|14 8|15 8|16 6|11 10|13 11|14 9|18 5|14 12|9 11|10 7|14 8|12 12|14 11|17 11|9 6|9 11|18 8|1 10|12 3|4 11|9 6|11 6|18 12|4 12|8 11|17 6|11 5|12 11|13 9|7 7|14 7|12 8|9 11|8 5|16 6|14 8|3 10|16 11|3 8|12 9|9 12|10 6|9 11|fitness = 84.25208688067552|time = 436.9531898372309|true
46 solution:
14 11|12 8|8 6|18 11|15 7|15 7|14 6|8 8|7 12|9 10|4 11|15 4|18 10|15 8|12 8|18 11|3 12|11 7|11 11|16 8|3 8|17 11|16 6|14 8|14 9|10 8|15 10|14 12|1 11|14 12|12 6|12 4|14 12|17 10|10 12|10 8|14 3|15 9|14 9|14 12|12 10|15 12|12 11|15 9|16 6|14 11|15 9|16 11|13 10|10 11|15 10|13 7|12 10|14 12|9 11|18 9|15 8|14 10|9 7|16 10|18 7|18 7|12 8|16 9|10 7|14 10|14 12|7 7|18 12|16 6|15 6|16 12|12 10|9 9|9 8|17 11|12 11|17 6|10 10|14 7|13 7|16 5|12 11|13 12|11 3|14 8|10 7|12 12|14 7|9 9|12 6|13 12|14 12|11 8|12 10|10 11|17 11|10 7|16 12|9 11|13 9|10 9|11 7|10 11|15 11|16 11|5 12|12 7|12 12|18 7|15 12|5 11|15 1|11 10|10 10|15 11|12 3|11 10|9 6|12 4|4 8|15 6|14 8|17 6|15 11|11 9|6 5|10 11|14 10|10 7|9 7|12 5|16 11|6 8|10 11|14 12|15 12|11 11|14 12|12 9|12 7|14 8|8 12|17 6|7 11|13 12|14 6|12 10|15 12|12 12|10 8|8 9|14 12|13 12|6 11|9 5|15 8|11 8|16 10|12 8|14 10|14 10|14 6|15 6|11 11|14 11|10 8|14 1|5 8|16 6|5 6|14 8|12 6|13 7|12 10|17 4|18 10|16 9|13 10|12 11|13 7|15 6|12 7|16 11|14 12|10 8|9 12|15 9|12 11|15 6|12 5|12 8|13 7|17 9|10 8|12 8|14 12|11 11|15 7|12 3|10 11|16 3|8 11|18 8|15 8|14 8|7 11|12 9|12 10|13 5|fitness = 86.11476116344622|time = 447.3265253299635|true
47 solution:
15 7|16 6|13 5|8 10|6 10|9 11|12 8|14 5|8 7|17 8|13 9|12 9|9 4|15 8|12 4|14 6|8 10|13 11|14 9|18 11|9 9|16 12|10 11|16 10|12 5|15 7|7 10|9 6|8 8|13 9|15 8|11 11|10 11|13 7|9 7|17 11|16 4|12 7|16 6|14 7|14 7|18 11|18 11|10 8|10 6|17 9|10 11|9 11|15 7|13 11|14 11|5 7|17 4|15 7|9 8|12 7|15 6|14 8|10 11|16 6|10 9|16 7|17 12|14 7|12 11|18 11|13 5|10 11|14 11|12 6|15 8|8 11|16 11|13 8|15 3|17 10|14 11|9 8|10 8|17 6|9 12|12 11|9 9|18 12|8 11|12 10|8 12|15 5|10 8|10 7|6 12|14 11|15 9|14 4|18 4|9 11|14 11|15 11|5 10|14 6|10 11|15 6|11 5|9 8|11 11|9 7|18 6|8 12|15 8|11 8|10 7|12 12|15 8|6 9|15 11|16 10|7 10|15 6|3 11|16 8|17 7|12 7|7 9|15 9|10 10|14 1|10 7|8 11|12 8|13 11|10 6|12 7|13 10|12 10|13 12|12 12|5 6|14 10|7 6|12 9|12 7|9 8|3 8|14 11|7 8|12 10|14 6|14 9|12 7|9 8|14 12|9 6|13 10|15 6|18 10|7 7|10 11|14 9|16 10|9 12|9 8|12 9|16 6|15 6|12 11|12 9|12 7|14 10|14 7|16 12|12 8|4 12|15 12|9 8|12 8|15 9|10 10|8 7|7 4|13 6|3 6|13 12|9 11|9 11|12 9|14 12|14 8|6 9|5 5|15 10|12 5|12 12|15 6|18 11|9 5|2 5|16 12|7 11|15 5|3 10|14 12|10 8|15 9|14 12|12 6|12 10|14 6|7 10|14 12|13 10|fitness = 86.63593701282396|time = 444.8364447258974|true
48 solution:
16 10|11 10|11 11|8 6|15 4|16 11|16 4|9 11|2 5|6 10|9 6|12 2|14 12|15 8|6 11|2 8|17 7|16 8|9 12|16 11|7 12|6 10|5 10|16 11|12 3|12 6|12 11|10 12|9 6|8 12|14 7|13 12|18 6|18 5|14 9|12 7|12 12|12 12|1 6|17 8|18 7|9 8|14 11|10 11|14 7|14 2|13 10|17 6|17 10|6 5|18 11|12 0|11 6|9 6|18 12|10 9|18 8|13 4|14 6|18 6|16 4|12 7|8 8|14 8|14 7|12 11|6 8|15 8|14 8|9 12|9 12|8 8|15 7|8 8|13 3|15 11|6 7|14 12|12 6|5 8|15 11|15 9|11 12|9 10|10 9|17 11|9 10|12 8|18 2|9 8|8 8|12 12|15 11|10 9|17 11|18 10|5 12|12 7|9 11|15 4|16 11|10 5|12 8|5 10|14 10|12 10|4 9|13 7|7 8|4 8|12 8|4 8|11 12|15 5|14 11|6 11|10 11|9 4|10 11|14 10|13 8|3 9|14 11|12 10|10 8|7 8|17 8|13 8|10 11|9 12|12 6|14 10|15 12|6 12|14 10|14 11|3 12|6 11|15 6|3 5|12 9|14 8|12 11|3 8|12 11|15 10|10 7|10 11|12 11|10 9|11 9|8 9|9 5|9 9|12 3|15 12|18 7|16 6|9 7|16 8|18 7|2 6|12 12|15 6|17 8|15 8|6 11|4 12|11 11|14 7|14 11|18 7|7 12|14 11|13 10|18 6|15 7|18 11|11 8|15 10|16 11|15 7|14 8|12 7|11 10|18 6|6 10|10 9|13 11|10 6|8 2|16 11|2 7|16 11|7 5|12 6|18 11|6 11|6 6|3 6|16 7|9 9|14 8|10 7|12 7|14 5|11 6|18 12|4 8|12 8|fitness = 85.27371711342929|time = 447.72107152498677|true
49 solution:
13 10|12 12|11 9|8 7|12 9|14 8|16 7|10 5|7 10|15 7|8 11|10 6|7 12|12 5|12 11|9 11|16 11|9 11|10 6|13 8|3 9|7 8|10 11|13 11|16 7|8 11|1 8|12 7|14 5|7 8|15 10|10 9|14 8|16 2|7 10|14 12|14 7|1 11|14 9|13 9|12 5|3 9|15 10|11 9|11 9|14 10|11 9|16 7|13 4|15 4|7 11|14 6|13 9|11 11|16 10|12 5|14 6|8 7|9 4|9 7|9 11|13 10|9 10|16 11|17 8|10 9|14 12|11 5|14 10|9 6|12 7|6 12|9 11|11 3|14 3|11 11|6 7|7 3|10 5|12 5|12 10|8 7|13 5|18 11|12 9|14 5|16 11|17 8|10 10|14 4|6 8|15 10|3 12|11 6|11 11|9 7|3 10|17 7|14 11|14 11|4 5|12 9|10 5|16 7|7 8|16 8|14 7|10 2|12 7|18 7|16 8|12 11|4 7|12 9|10 7|8 7|15 8|9 6|14 11|9 9|13 10|12 10|15 8|13 10|12 7|10 5|13 6|5 12|18 8|12 7|16 4|12 9|15 10|14 12|11 12|15 6|17 11|12 6|16 10|14 12|12 10|12 11|16 11|14 11|12 9|17 5|13 12|11 10|12 10|14 9|10 6|16 12|11 9|18 6|15 12|12 6|8 6|9 8|17 11|11 6|18 7|17 2|1 2|8 12|18 11|18 7|12 11|6 9|9 9|11 7|8 6|9 11|6 12|14 12|9 6|11 6|7 7|9 10|12 7|11 11|11 3|10 11|10 6|15 8|13 11|9 8|16 11|6 11|10 6|5 9|12 11|7 7|15 8|15 5|13 5|10 9|13 8|17 4|11 5|4 11|15 7|13 12|8 11|11 8|13 9|13 5|10 9|17 7|10 11|14 11|fitness = 84.58802285853825|time = 448.2160131811914|true
50 solution:
15 11|12 9|9 11|10 9|12 12|16 8|15 4|15 11|12 10|11 7|16 8|13 6|15 8|14 1|14 12|18 7|15 6|12 6|15 11|7 7|10 12|17 6|17 6|9 8|17 6|14 8|15 7|15 8|10 5|3 5|13 7|9 10|16 8|17 8|14 11|10 11|14 9|11 7|9 7|17 10|16 12|15 11|13 11|18 6|10 10|6 5|9 11|11 12|15 7|17 8|15 11|18 8|16 11|18 6|14 7|8 10|16 8|11 11|14 11|12 8|11 5|17 11|17 6|10 6|17 11|12 10|12 12|3 8|14 10|18 8|10 8|14 12|7 10|12 8|16 7|17 10|15 12|18 10|13 11|16 8|15 9|8 6|14 12|14 9|10 8|10 5|10 12|7 11|14 10|15 5|18 6|6 7|10 6|12 12|11 11|12 8|18 11|14 10|12 12|12 12|14 12|18 6|6 12|16 8|15 9|15 11|15 5|15 11|9 12|16 12|10 6|18 11|14 8|7 7|14 9|12 9|10 6|13 7|8 11|15 11|14 10|17 8|15 8|11 12|14 9|9 12|9 8|16 6|17 5|11 12|6 10|18 11|13 8|12 10|12 11|11 10|18 10|10 6|6 9|18 7|9 9|4 11|13 9|15 10|18 6|16 12|16 12|12 12|18 11|14 12|9 9|13 9|15 11|10 8|14 2|18 12|14 12|12 11|8 12|8 11|16 12|14 8|12 11|5 6|15 8|10 9|9 4|7 9|14 11|13 10|17 8|9 10|14 10|15 5|15 11|17 9|14 12|14 8|13 11|14 9|15 8|15 7|14 8|16 11|12 10|16 7|13 12|7 11|17 9|18 10|15 6|11 10|14 4|12 8|9 10|12 10|10 12|9 6|12 8|15 9|15 10|15 6|12 7|15 9|16 12|11 7|15 11|10 8|8 11|7 12|fitness = 86.59726361222181|time = 448.8189081751742|true
The final result:
fmax = 86.7633482960675
fmin = 82.71877772143608
fmean = 85.41950863908335
standard std = 0.8790422024137825
-1 solution:
9 6|18 11|14 8|15 9|15 6|10 6|10 7|9 11|10 11|15 7|12 11|12 11|15 6|11 12|12 8|16 11|15 8|14 9|16 7|12 9|14 4|17 12|16 6|14 8|11 11|13 10|10 10|8 8|15 7|13 12|13 6|11 11|10 10|15 6|15 10|15 8|13 10|12 7|15 6|17 5|10 6|9 10|14 8|17 7|16 8|14 8|14 7|12 12|10 8|14 8|6 11|15 8|9 8|3 9|7 11|10 6|15 11|11 12|14 12|14 11|10 10|15 11|15 11|14 6|9 10|7 9|9 11|12 6|16 7|7 9|15 11|9 8|16 11|13 6|10 10|15 8|18 6|13 3|7 2|12 7|16 11|18 10|18 12|12 12|14 10|10 12|7 7|11 11|14 2|14 12|12 10|18 7|12 10|14 8|15 5|14 11|18 11|16 7|12 11|14 6|11 12|14 8|12 8|12 7|15 10|8 8|16 12|15 8|15 12|4 9|7 6|18 7|15 10|6 9|11 4|15 5|10 11|8 10|17 12|13 11|12 9|14 12|6 9|14 10|12 8|11 7|17 11|10 7|9 6|14 7|18 11|15 11|8 8|10 11|14 11|7 7|14 12|12 6|9 10|7 7|12 11|13 8|14 8|7 10|12 10|11 12|13 11|16 5|8 8|14 9|12 9|18 10|18 12|12 12|15 6|11 11|14 12|18 11|15 10|14 12|14 12|16 6|7 2|9 2|7 8|14 11|11 9|3 12|8 11|17 11|14 10|10 8|12 11|7 9|10 2|14 12|14 4|9 11|16 12|13 6|17 6|17 7|18 8|18 6|6 9|18 11|13 11|16 6|10 11|10 7|14 4|14 6|15 4|9 8|14 12|12 9|16 12|4 8|17 12|10 11|18 11|12 5|12 11|15 6|17 8|12 5|10 8|15 6|9 8|14 10|fitness = 86.7633482960675|time = 448.7962573235779|true
