1 solution:
5 1|5 1|4 3|2 3|6 3|6 4|4 7|4 8|6 3|5 7|4 1|6 2|6 3|4 8|1 1|2 5|4 7|4 5|1 4|5 1|6 8|6 4|3 5|5 1|1 4|1 8|5 8|6 3|6 8|6 3|6 5|6 1|4 1|6 1|6 3|6 8|4 3|6 8|3 3|4 1|6 8|4 3|4 3|2 4|6 5|1 8|5 7|6 3|5 8|4 1|fitness = 20.424109142243967|time = 142.5320953163876|true
2 solution:
2 3|5 3|1 2|6 3|1 3|1 7|2 1|2 1|6 4|4 3|1 1|1 8|6 3|1 8|6 5|3 5|6 6|1 1|6 5|6 5|2 8|5 3|5 7|1 1|4 4|5 3|6 3|4 4|6 5|5 8|6 5|1 1|4 7|5 6|6 1|5 7|4 3|4 7|4 3|6 3|5 4|1 1|1 1|5 1|6 5|6 1|6 1|2 3|2 3|5 3|fitness = 20.682868332208724|time = 156.47048413017603|true
3 solution:
5 5|6 3|4 5|6 7|6 4|5 4|6 3|6 6|5 8|6 4|5 3|6 6|5 5|6 5|6 8|6 1|6 8|5 2|6 3|2 5|5 4|5 7|6 5|6 8|4 4|6 3|6 3|4 3|4 8|2 1|6 5|4 4|6 3|4 4|5 6|5 8|4 5|2 5|6 4|6 3|6 8|6 4|1 3|6 4|5 3|3 3|5 8|4 1|5 3|6 7|fitness = 20.358104447711288|time = 157.49024946016482|true
4 solution:
6 3|4 3|4 7|2 3|5 5|4 1|2 1|6 3|5 3|3 3|6 4|4 5|6 5|4 8|4 8|6 7|6 5|5 5|2 3|5 6|5 4|5 5|5 7|6 4|2 8|4 1|4 3|5 5|4 4|2 3|4 3|6 5|6 5|4 4|5 1|5 7|5 3|5 6|4 4|5 3|5 2|1 5|4 7|4 4|6 4|4 5|4 2|6 3|4 3|5 5|fitness = 20.788901991362263|time = 158.5729861493339|true
5 solution:
6 5|2 4|1 8|6 4|5 3|2 3|4 3|1 2|5 7|5 4|6 4|6 3|3 7|4 2|6 5|5 2|6 4|5 0|5 3|4 3|1 5|6 1|6 3|6 1|4 4|1 3|2 5|1 3|2 3|5 3|2 3|1 4|4 7|2 2|4 3|5 1|5 3|4 4|5 3|5 1|4 3|5 4|1 7|1 1|6 4|6 4|2 5|5 1|2 4|6 1|fitness = 20.854541668870823|time = 158.18397203038472|true
6 solution:
4 3|4 3|3 4|6 3|1 7|4 7|6 8|5 1|5 3|5 4|4 4|6 8|4 4|1 3|4 0|5 5|6 1|5 8|1 7|4 4|4 4|6 7|1 5|4 3|6 5|2 3|3 3|4 4|6 6|5 1|6 5|1 1|4 5|6 3|5 8|6 3|4 4|6 3|6 3|5 3|4 8|6 8|4 7|1 3|6 4|6 1|5 1|6 3|6 4|5 3|fitness = 20.820690172092476|time = 159.76436439011925|true
7 solution:
1 4|4 1|1 6|2 3|6 4|1 7|4 4|1 8|6 3|4 3|1 1|6 3|6 3|4 7|4 5|5 6|4 7|6 4|6 5|1 5|6 3|4 1|5 5|5 7|4 4|2 3|2 3|5 3|6 3|5 3|6 1|4 1|3 1|6 3|5 6|6 7|1 4|4 5|6 4|5 4|2 5|5 5|1 1|1 7|4 5|1 5|1 2|5 7|5 3|3 4|fitness = 20.52214574881461|time = 137.55236635857983|true
8 solution:
6 1|6 4|1 5|5 1|2 5|4 3|3 1|4 3|6 5|5 3|1 4|6 3|4 3|4 5|4 2|2 4|2 7|1 6|5 3|6 3|2 4|4 8|4 3|6 3|4 1|6 3|1 5|4 7|4 1|6 3|4 4|6 3|4 8|6 7|6 5|6 8|4 6|3 3|4 3|6 4|5 3|6 4|6 5|6 7|2 4|1 2|6 5|6 4|2 3|5 8|fitness = 20.65383520226028|time = 157.37808981652245|true
9 solution:
5 3|5 1|6 3|2 4|4 3|4 4|4 3|4 3|4 7|5 5|5 1|6 6|4 8|6 6|1 8|4 3|1 1|5 7|5 5|3 3|6 3|4 3|1 5|3 4|5 5|4 3|5 8|4 4|4 4|5 3|4 4|4 3|4 8|4 5|5 3|6 4|3 4|4 5|6 4|4 4|5 3|5 1|6 3|4 7|6 8|4 6|4 4|6 1|6 7|5 4|fitness = 20.60259826724895|time = 156.59758177076182|true
10 solution:
5 5|4 3|6 5|1 5|2 3|5 2|3 3|4 4|6 7|6 7|1 3|6 5|6 5|5 2|6 2|4 5|1 4|4 5|5 4|4 1|4 4|5 1|6 4|5 7|4 5|6 3|3 3|5 3|6 4|6 3|4 4|3 8|4 7|4 3|3 7|5 4|5 6|5 1|5 6|4 3|4 4|4 1|6 3|6 1|5 3|6 3|4 4|5 7|6 5|6 3|fitness = 20.392258050641892|time = 158.62838321006433|true
11 solution:
6 7|2 1|4 1|5 5|1 3|6 3|6 4|3 3|5 3|1 4|5 1|6 5|2 3|6 4|6 7|5 3|4 4|4 3|1 7|1 1|5 5|4 1|4 3|4 3|6 4|6 4|6 1|5 7|5 5|4 4|4 3|4 5|4 8|5 4|4 3|5 1|5 8|6 1|4 3|6 4|6 4|1 3|1 8|2 7|2 3|1 4|1 5|1 4|2 7|5 5|fitness = 21.0041151176516|time = 159.99287855075212|true
12 solution:
4 4|2 3|6 2|5 3|1 4|4 4|6 4|6 6|3 3|1 7|5 6|5 3|1 3|6 8|6 4|5 5|5 6|5 8|1 7|4 3|6 4|6 3|1 7|5 7|3 3|5 6|1 4|6 7|6 3|4 4|4 7|4 6|4 8|5 8|1 0|6 1|2 8|2 3|5 3|6 3|6 5|5 3|4 4|6 4|6 4|5 8|1 8|6 3|6 7|1 5|fitness = 20.267991135031497|time = 157.00754154062906|true
13 solution:
6 1|2 5|6 0|2 3|4 7|6 3|5 1|6 7|6 3|5 8|4 3|4 8|6 5|6 6|2 2|6 4|6 5|4 3|1 5|5 3|5 3|6 3|6 8|1 1|1 8|6 7|5 5|6 4|5 4|6 4|2 3|6 3|4 7|6 7|3 3|5 3|1 8|4 3|6 5|6 4|5 8|4 4|6 4|6 4|2 7|6 7|6 2|6 7|6 3|2 3|fitness = 20.423272802304886|time = 159.35366216680308|true
14 solution:
6 3|5 8|3 8|3 1|2 7|4 4|4 1|6 5|4 1|4 5|3 3|3 2|5 2|3 7|4 5|5 3|4 6|4 8|1 3|4 4|5 5|3 3|6 4|4 4|6 3|4 6|5 4|4 1|6 5|5 3|1 5|3 3|4 4|5 6|4 4|5 6|6 4|5 3|3 7|4 3|6 4|6 3|1 5|4 7|4 1|4 3|2 5|4 4|2 3|4 4|fitness = 20.293765839945383|time = 157.6799361903724|true
15 solution:
1 5|4 3|2 8|6 7|6 1|2 4|2 4|2 2|5 3|5 3|4 3|1 8|6 3|4 1|6 5|6 8|2 4|1 3|5 4|4 4|1 8|1 8|4 6|5 3|2 4|1 3|2 7|4 4|6 4|2 3|1 3|6 4|6 3|2 5|5 3|4 1|2 5|6 6|4 5|1 4|4 4|6 4|1 1|5 3|5 1|2 1|2 3|5 4|2 7|5 5|fitness = 20.338330605763517|time = 156.412803309288|true
16 solution:
3 3|2 3|4 5|6 1|4 4|5 5|6 5|4 3|5 3|5 4|1 1|2 5|5 3|3 2|6 4|5 3|4 4|5 6|5 5|6 7|5 3|3 5|4 8|3 4|1 5|6 7|4 4|5 6|4 7|6 3|4 3|4 3|4 3|5 5|5 5|4 3|2 4|2 8|4 4|4 7|6 4|6 7|4 6|2 3|5 5|4 5|4 6|6 4|4 4|6 3|fitness = 20.359456153374637|time = 150.27147200257818|true
17 solution:
5 8|2 8|5 2|5 8|6 3|1 3|5 8|4 1|6 4|4 6|6 2|4 4|4 7|1 6|4 3|6 4|4 4|1 7|1 3|5 4|5 4|5 3|4 6|2 7|6 3|5 3|5 8|4 3|4 7|4 3|6 4|4 3|5 5|5 3|4 1|5 8|4 1|6 3|6 5|4 4|6 2|4 4|2 8|1 3|4 7|2 6|6 0|6 3|5 6|2 6|fitness = 20.023136905813814|time = 158.1845079429571|true
18 solution:
6 4|5 3|4 3|6 7|5 4|6 3|4 7|4 8|6 3|4 4|5 7|5 3|4 4|3 6|1 2|4 4|4 3|2 4|6 7|6 4|5 5|5 3|5 5|6 5|4 1|6 3|5 3|5 3|2 1|4 4|4 7|6 3|5 8|4 1|6 8|6 4|5 6|6 4|6 3|5 3|4 3|5 3|6 7|1 3|2 5|4 1|3 5|4 1|2 8|6 1|fitness = 20.836122627317472|time = 157.12875701774834|true
19 solution:
4 4|6 8|4 5|5 5|2 3|6 3|6 4|4 3|5 7|4 7|5 4|2 7|6 5|6 4|4 7|4 1|4 4|4 3|5 3|4 4|5 3|5 1|6 4|5 3|4 8|6 7|6 4|5 1|6 3|6 7|4 7|6 1|4 6|6 5|4 6|6 4|6 8|5 5|4 3|5 3|5 8|6 8|6 5|4 4|1 8|5 3|5 5|5 3|2 3|4 3|fitness = 20.54723666125775|time = 152.19536812907737|true
20 solution:
6 4|5 3|4 6|4 4|5 6|2 3|6 4|6 5|4 3|4 5|1 4|2 4|4 3|6 8|1 4|2 4|5 8|1 7|6 3|4 8|5 2|4 3|5 4|6 3|1 5|5 3|4 3|4 7|1 5|5 3|5 7|4 5|5 6|4 4|4 8|2 5|2 5|6 3|4 6|6 8|6 3|4 5|2 3|5 3|2 5|2 4|4 0|4 3|5 2|6 6|fitness = 20.20210427990299|time = 155.66425722314153|true
21 solution:
4 3|4 4|4 5|4 3|5 8|4 8|4 6|4 6|4 3|2 1|1 5|6 5|6 5|4 0|6 5|6 3|3 3|5 8|5 6|4 8|5 2|2 3|4 4|5 7|2 5|2 3|5 8|5 3|6 4|2 4|1 5|4 4|2 3|4 3|5 5|5 5|6 1|5 3|6 4|1 3|6 5|4 7|2 7|4 4|6 4|6 3|1 5|4 7|5 8|4 1|fitness = 20.304953069050523|time = 151.2881425375351|true
22 solution:
4 5|4 1|6 2|4 4|5 3|4 4|4 7|6 3|4 3|5 8|4 4|4 3|4 6|6 3|5 8|4 1|1 2|2 2|5 1|5 5|1 4|2 5|4 3|6 3|4 4|5 5|4 1|4 3|6 7|5 8|5 3|2 5|6 5|4 5|6 4|5 3|4 4|5 8|4 3|4 7|6 4|3 3|1 7|4 4|2 5|3 3|4 5|6 8|6 3|3 7|fitness = 20.407950971849495|time = 157.7006265048326|true
23 solution:
5 5|4 3|6 3|6 8|5 3|1 1|6 4|6 2|5 3|4 4|3 7|4 2|5 5|6 2|4 4|6 5|1 5|5 8|1 3|4 1|3 3|5 8|4 3|6 7|2 5|4 3|5 1|1 8|6 3|5 7|4 4|5 3|4 4|1 4|4 4|2 4|1 1|4 3|6 3|6 3|1 5|5 1|6 3|4 8|1 5|6 5|3 5|3 3|6 3|6 4|fitness = 20.66195208444977|time = 159.78613415293017|true
24 solution:
4 7|4 3|2 5|6 1|2 7|4 4|4 4|6 6|3 4|5 6|4 3|5 1|1 6|6 1|4 4|1 3|2 8|5 8|1 7|6 4|6 3|3 4|4 4|2 1|6 5|6 3|5 3|5 5|6 2|4 1|4 4|4 4|5 4|1 4|5 6|5 3|5 5|2 3|5 7|4 3|4 3|4 3|6 7|4 3|5 3|3 1|4 2|5 8|5 8|4 8|fitness = 20.231187243673027|time = 152.00155787508103|true
25 solution:
6 7|5 7|5 2|5 5|6 3|6 3|6 3|4 6|4 3|6 4|5 5|4 3|4 3|1 5|4 5|6 4|1 4|5 5|1 8|6 7|1 1|4 8|4 7|5 3|4 5|5 6|5 7|5 8|5 7|6 3|6 5|4 8|6 3|4 4|3 6|6 1|4 4|4 4|5 6|6 3|6 7|6 3|4 5|5 6|5 3|6 7|6 8|5 5|6 3|5 8|fitness = 20.464193907822885|time = 153.4271457115588|true
26 solution:
6 7|5 3|4 1|6 4|6 7|6 3|5 3|6 3|6 7|5 4|5 4|1 4|6 5|5 6|4 5|5 6|2 8|5 3|4 8|6 4|5 1|6 7|6 7|5 3|6 8|1 3|5 5|6 4|4 1|6 3|5 8|6 1|6 5|6 5|6 3|6 3|6 7|1 4|5 3|6 3|4 3|5 8|6 3|4 1|5 5|6 5|6 6|6 4|4 4|6 8|fitness = 20.47586332778839|time = 154.65648073253533|true
27 solution:
5 3|6 3|6 8|6 4|1 4|6 5|6 3|6 7|1 7|6 3|5 8|4 4|6 3|2 5|6 5|5 8|6 8|5 7|2 3|2 5|4 4|5 6|6 3|5 3|5 5|1 1|5 5|5 3|2 4|4 7|6 8|5 3|4 3|6 2|4 6|5 8|6 4|6 4|1 4|6 3|3 8|5 5|1 5|1 7|6 7|3 3|4 5|4 4|6 5|5 8|fitness = 20.446464809916836|time = 157.20237956077492|true
28 solution:
6 3|4 4|1 4|3 3|4 4|4 3|2 4|5 8|6 3|3 8|4 1|6 5|1 5|1 6|4 8|4 5|5 3|5 7|5 3|1 3|5 5|2 1|4 3|1 1|6 5|1 4|5 3|5 2|4 3|6 3|5 3|1 8|4 7|1 3|4 1|5 5|5 5|4 4|4 3|4 4|3 7|3 5|6 2|6 4|1 1|4 8|4 8|1 3|3 4|4 4|fitness = 20.617748916091855|time = 154.30945121292422|true
29 solution:
2 3|4 3|6 1|6 3|5 7|6 3|4 3|4 7|6 3|5 3|1 1|4 7|3 3|4 6|4 1|5 8|2 2|4 4|4 3|6 3|1 8|6 5|5 4|6 3|6 7|1 4|4 2|5 3|5 5|6 7|6 4|6 3|6 4|3 5|5 5|5 4|1 5|1 7|5 6|5 3|4 4|4 4|6 4|1 8|6 1|4 1|2 5|2 4|2 4|5 6|fitness = 20.59096690709737|time = 158.10928061120987|true
30 solution:
5 6|4 3|4 2|5 3|5 3|6 3|4 4|4 6|6 3|5 5|5 3|5 7|6 7|5 4|4 7|6 5|6 7|5 7|6 3|6 3|3 4|2 1|5 5|6 4|6 4|6 3|5 5|5 8|2 3|3 3|4 3|4 1|4 4|5 7|5 1|5 3|5 6|6 1|4 3|5 6|4 3|4 4|4 4|6 3|6 5|6 4|4 1|5 5|6 7|4 4|fitness = 20.847375284799075|time = 159.7626417718083|true
The final result:
fmax = 21.0041151176516
fmin = 20.023136905813814
fmean = 20.514808055811937
standard std = 0.2302335759683658
runtime = 0–° ±,1∑÷,5√Î,996∫¡√Î
-1 solution:
6 7|2 1|4 1|5 5|1 3|6 3|6 4|3 3|5 3|1 4|5 1|6 5|2 3|6 4|6 7|5 3|4 4|4 3|1 7|1 1|5 5|4 1|4 3|4 3|6 4|6 4|6 1|5 7|5 5|4 4|4 3|4 5|4 8|5 4|4 3|5 1|5 8|6 1|4 3|6 4|6 4|1 3|1 8|2 7|2 3|1 4|1 5|1 4|2 7|5 5|fitness = 21.0041151176516|time = 159.99287855075212|true
