1 solution:
5 3|6 3|4 2|4 4|4 3|2 5|5 1|2 0|4 3|3 4|4 4|4 5|4 1|4 1|6 4|4 3|4 2|5 3|1 3|3 3|4 4|4 1|4 3|1 3|4 1|2 3|4 2|1 4|4 4|5 0|4 4|4 3|5 2|3 5|4 2|2 1|4 1|1 5|5 3|1 3|3 5|1 5|4 4|5 4|5 2|2 3|1 0|5 0|1 4|3 3|fitness = 20.280722493030698|time = 148.25010922082967|true
2 solution:
4 1|6 3|5 5|5 5|4 3|5 4|4 4|6 7|3 3|6 5|6 7|6 7|5 3|4 6|6 4|4 3|6 3|6 6|5 3|4 8|6 5|6 5|6 3|4 3|6 4|6 3|5 5|4 2|6 7|2 7|4 7|1 7|4 1|6 4|5 5|6 3|5 5|6 3|6 1|4 1|6 3|3 5|6 5|6 3|6 4|6 6|5 7|4 7|6 2|5 2|fitness = 20.130209591607912|time = 149.6404392840547|true
3 solution:
1 2|5 4|4 1|5 3|5 4|5 3|2 3|3 6|5 5|5 2|1 4|5 5|4 4|2 3|4 0|5 5|5 4|3 5|4 4|4 3|5 5|1 1|4 1|5 2|2 1|3 3|2 1|4 4|2 3|5 3|4 1|4 5|5 5|5 5|5 1|1 4|3 5|4 3|1 4|5 1|1 2|5 3|3 3|1 4|5 3|5 3|2 4|2 5|4 4|5 4|fitness = 20.2361466102205|time = 149.49004265608994|true
4 solution:
3 3|4 3|6 4|4 4|6 3|5 4|3 7|6 5|4 3|4 4|5 5|4 8|4 7|1 8|4 7|4 7|5 4|4 7|6 7|5 3|4 5|6 4|4 7|5 3|6 5|4 5|4 3|4 3|5 7|4 5|4 6|4 3|5 3|6 5|6 3|6 4|6 3|6 8|2 3|6 7|6 4|5 4|6 5|5 4|4 4|6 6|4 5|6 1|6 3|6 3|fitness = 20.35815937619018|time = 140.9724595009805|true
5 solution:
5 1|4 3|3 4|4 4|5 6|1 3|4 3|4 1|5 3|4 2|4 4|5 1|4 4|5 6|3 4|5 5|3 5|4 0|5 3|1 1|4 0|5 3|1 3|5 6|3 5|5 3|4 3|4 3|4 1|1 3|2 2|2 4|5 5|4 0|2 1|4 1|4 1|4 1|4 1|4 3|4 3|2 1|2 5|4 4|4 1|5 0|5 5|5 1|5 3|2 3|fitness = 20.331241601799153|time = 147.72469596222803|true
6 solution:
5 3|4 7|6 2|5 6|6 4|3 3|1 4|3 7|4 3|3 1|2 4|6 1|5 3|6 4|4 5|1 4|5 4|4 3|5 1|4 1|5 8|5 7|4 3|5 3|5 2|6 1|5 8|5 7|3 3|4 3|1 5|5 3|5 8|6 1|6 8|5 1|5 2|5 5|1 5|1 2|6 2|6 5|5 3|5 2|6 3|1 4|4 7|5 1|4 3|5 5|fitness = 20.21485383838738|time = 137.81416399647168|true
7 solution:
4 5|5 6|1 5|5 1|5 5|4 3|5 3|5 3|5 3|5 1|4 7|4 3|6 5|3 6|5 4|5 5|4 7|5 3|2 4|4 4|6 2|5 5|6 4|4 1|4 2|4 1|6 0|5 3|4 5|4 7|5 3|4 1|4 1|5 1|5 6|6 3|5 0|1 2|1 3|3 3|5 1|1 1|4 1|6 5|3 3|6 4|5 1|5 2|1 4|5 6|fitness = 20.000854881078265|time = 138.75617646343832|true
8 solution:
4 1|5 4|5 5|5 3|4 1|5 3|5 5|6 5|1 1|2 7|4 5|1 2|4 2|2 4|2 2|5 3|1 1|4 4|5 3|1 1|3 3|4 4|6 3|4 1|2 2|1 0|5 4|1 7|5 3|4 3|2 4|5 5|4 4|1 3|2 1|5 1|2 2|4 3|2 4|1 4|1 4|3 0|4 7|4 2|2 3|1 1|5 5|2 3|2 4|5 3|fitness = 20.23464924385737|time = 146.4111208177918|true
9 solution:
6 3|5 4|4 6|4 3|6 3|6 3|6 5|6 5|5 1|4 7|3 4|4 5|6 3|5 5|6 7|5 4|5 7|5 6|6 4|4 4|4 5|4 7|1 1|4 2|6 5|4 1|5 2|4 5|4 3|5 4|4 4|2 3|3 5|6 1|6 4|4 4|5 2|6 4|5 3|6 3|4 7|2 3|1 2|3 3|2 3|4 1|4 4|3 3|4 1|1 4|fitness = 20.476543548085143|time = 143.77624861962133|true
10 solution:
4 3|6 1|3 6|6 1|4 4|5 1|6 5|5 1|6 7|4 4|1 3|6 8|6 3|3 4|6 4|6 4|5 2|4 5|6 4|5 3|5 3|6 2|6 3|5 3|3 5|5 7|6 4|2 4|6 7|2 7|6 4|4 3|4 7|6 3|6 3|2 5|4 4|6 5|6 3|6 3|6 4|5 6|4 4|6 5|5 7|6 5|2 2|6 7|5 3|5 1|fitness = 20.283291773981507|time = 147.58836542916893|true
11 solution:
6 4|2 3|6 5|5 3|6 5|4 3|2 4|6 7|6 3|5 5|6 4|4 5|6 1|6 5|6 5|5 3|1 5|6 5|6 4|2 8|6 6|6 5|4 2|5 3|5 1|4 4|6 3|6 4|5 4|5 4|6 7|5 3|6 4|6 5|1 3|6 3|5 2|5 1|6 7|4 4|6 3|4 5|4 4|5 7|6 3|6 3|4 8|6 7|6 4|5 3|fitness = 20.359729133236787|time = 141.85855201904258|true
12 solution:
2 3|5 3|5 4|4 3|5 4|4 1|5 3|4 2|4 4|5 6|3 4|4 3|4 7|4 4|4 5|5 6|4 3|4 4|5 2|4 4|4 4|5 2|4 5|5 2|3 1|3 3|5 1|4 3|2 3|5 1|5 4|4 2|4 5|4 4|5 5|5 6|4 4|3 3|1 3|4 3|5 3|5 7|5 3|4 4|5 6|4 1|2 1|5 4|4 1|5 4|fitness = 20.561705614634953|time = 147.4778180146985|true
13 solution:
5 4|6 4|4 5|6 4|2 6|1 3|6 7|5 6|5 1|4 3|6 3|5 5|4 3|4 4|6 8|6 3|4 5|6 4|6 8|6 3|6 7|6 4|4 4|1 4|5 8|4 7|5 5|6 4|4 2|5 7|6 3|5 6|5 3|4 6|4 7|6 4|4 3|4 1|6 3|6 3|5 5|4 7|6 7|6 5|4 8|4 7|4 5|6 3|6 1|5 3|fitness = 20.21376204208989|time = 147.64882976374184|true
14 solution:
5 3|5 2|2 4|4 1|3 3|2 7|5 3|4 6|5 3|5 3|4 5|4 3|4 4|5 6|4 5|5 4|4 7|3 4|2 6|4 5|4 4|2 3|4 1|5 5|2 4|5 3|5 1|4 4|4 4|3 3|2 3|4 3|4 5|4 1|5 5|5 5|4 2|4 4|2 3|2 5|5 7|4 4|4 5|2 3|2 5|4 5|5 3|4 4|3 2|5 1|fitness = 20.148934034845745|time = 146.10669395601477|true
15 solution:
4 1|4 4|1 3|5 6|5 3|5 3|5 5|4 2|5 7|3 1|4 1|4 2|4 3|2 2|4 6|5 1|6 4|1 4|1 4|5 3|4 1|5 2|1 4|2 1|5 2|4 7|1 3|5 4|1 3|1 2|6 5|4 4|4 7|5 4|4 6|4 3|4 3|5 3|5 3|5 6|4 4|1 5|1 2|5 3|5 3|2 1|1 5|5 1|6 4|5 5|fitness = 20.41966631503741|time = 144.33975556777236|true
16 solution:
5 4|5 1|5 0|6 4|4 1|4 3|6 4|2 2|6 4|3 5|6 3|6 3|2 4|5 5|4 2|3 1|4 4|1 6|6 2|4 3|1 7|6 4|6 3|4 5|2 1|3 3|6 2|4 3|6 7|6 2|4 1|6 8|5 3|6 5|3 5|3 3|2 5|4 1|4 3|4 1|6 5|5 4|6 3|6 1|2 7|4 3|6 0|4 1|2 3|4 4|fitness = 20.10332312082098|time = 140.5294392327096|true
17 solution:
5 1|5 6|5 6|5 3|4 3|2 3|6 7|4 2|6 5|6 5|6 4|6 7|5 1|6 4|6 5|6 1|4 7|3 2|4 2|5 3|5 2|6 7|5 3|4 4|5 5|4 3|5 3|4 1|6 7|5 7|6 5|6 1|1 3|4 7|6 4|5 1|5 1|4 3|6 3|5 3|5 7|6 1|1 3|5 4|5 7|5 3|6 5|4 4|2 6|6 3|fitness = 20.403862456946825|time = 141.82874764046494|true
18 solution:
5 3|5 3|4 4|4 4|5 2|4 3|4 4|5 5|4 3|5 5|3 4|5 3|4 2|1 3|5 2|3 1|3 3|4 5|5 4|4 2|5 4|4 3|5 4|4 4|5 7|4 4|4 1|5 5|2 3|3 3|4 5|4 2|5 5|2 7|2 2|5 1|5 3|5 5|5 5|5 5|1 3|1 4|3 5|4 4|3 3|5 1|4 4|1 3|5 2|5 3|fitness = 20.150259812491747|time = 147.8398646115854|true
19 solution:
4 3|4 3|2 4|2 3|4 4|5 5|6 1|6 5|5 4|6 4|5 6|6 3|4 5|1 5|5 6|5 4|5 5|3 3|5 4|5 3|6 3|5 4|1 3|4 1|4 4|3 3|6 3|6 7|2 6|1 5|4 3|6 6|1 5|5 1|6 7|5 4|5 1|6 1|5 4|5 1|3 3|6 4|4 5|6 5|4 2|5 2|1 3|5 2|5 4|4 3|fitness = 20.04574666893889|time = 143.0315477300567|true
20 solution:
5 1|4 4|5 2|6 5|4 3|4 4|1 4|6 4|6 3|5 7|5 5|3 3|6 5|3 3|3 1|6 2|1 3|4 6|4 4|4 3|1 3|5 1|1 7|5 5|6 7|1 3|6 1|4 4|4 1|4 3|4 4|6 4|4 1|1 7|4 7|6 8|5 5|6 1|2 4|1 3|3 4|6 3|4 2|5 6|5 4|4 7|5 8|5 3|5 8|5 3|fitness = 20.33065953794106|time = 124.48009264440087|true
21 solution:
6 1|1 4|5 5|4 7|6 3|5 4|4 7|3 7|5 5|6 4|5 7|5 6|4 7|5 6|4 6|6 1|4 5|5 2|4 4|3 3|5 1|4 7|1 4|4 3|4 6|4 3|5 5|3 5|2 3|5 5|5 3|6 4|6 7|5 3|5 4|6 4|6 4|6 4|4 3|6 3|6 1|4 5|1 3|5 4|6 5|6 3|6 5|2 3|3 3|6 5|fitness = 20.26617866937204|time = 145.2835498393667|true
22 solution:
6 7|5 2|6 5|4 5|6 7|6 3|2 3|6 5|4 4|6 5|6 7|4 3|1 5|3 4|5 8|4 3|5 6|6 4|6 7|6 3|5 4|3 6|5 3|6 4|2 6|6 4|4 4|5 8|6 4|6 8|4 5|6 8|6 1|5 7|6 4|6 3|3 3|4 4|1 3|6 3|4 2|4 5|5 5|6 4|6 4|4 3|6 3|6 3|6 4|5 7|fitness = 19.91788238435515|time = 149.5483440686239|true
23 solution:
6 3|4 4|4 5|4 3|4 3|6 3|5 3|4 4|6 3|3 1|6 7|5 3|4 1|6 0|5 1|4 4|6 4|4 6|4 5|1 1|5 7|6 2|1 6|5 4|4 6|4 3|4 4|2 3|4 5|5 4|4 3|6 4|2 3|4 4|2 7|6 1|4 5|1 3|5 3|6 4|4 3|4 6|4 6|6 3|2 5|5 4|1 5|2 2|5 5|5 4|fitness = 20.38586953888391|time = 145.93898459435283|true
24 solution:
3 4|5 3|4 6|6 3|2 1|2 3|3 1|6 3|3 3|5 5|4 4|5 6|5 0|4 6|6 5|5 7|5 5|1 5|2 2|3 6|4 3|6 3|3 3|6 4|4 4|2 3|5 5|5 4|5 5|6 4|1 1|1 2|4 1|6 2|6 4|6 5|1 3|2 3|3 3|6 4|6 4|5 5|4 3|4 5|5 4|2 3|3 4|3 7|6 7|2 4|fitness = 19.928185911996344|time = 149.61167068788808|true
25 solution:
6 5|6 7|3 6|5 2|4 5|5 1|6 4|4 7|4 7|5 4|6 4|6 4|6 3|4 5|3 1|3 1|5 3|4 7|5 2|5 6|5 8|5 3|6 3|4 3|4 3|5 3|5 6|5 2|2 4|5 2|4 6|2 5|6 2|5 4|5 3|4 4|5 5|1 4|5 3|5 8|4 3|5 4|1 5|5 4|3 3|6 5|4 5|6 3|5 6|5 2|fitness = 19.94691867115843|time = 128.7664281792883|true
26 solution:
4 4|4 5|4 6|4 4|4 3|4 3|4 3|4 1|5 3|4 1|4 1|5 2|3 1|4 5|4 5|2 4|5 4|5 4|5 3|5 0|1 4|3 7|4 1|4 1|5 1|2 3|1 3|5 3|5 2|5 1|1 1|4 6|4 2|4 6|3 5|5 5|5 4|4 3|4 3|3 4|4 4|5 6|5 3|5 3|4 4|5 1|5 1|3 6|5 5|3 3|fitness = 20.053713855010294|time = 142.16620415243054|true
27 solution:
4 7|5 4|4 6|3 4|6 5|6 6|5 3|3 7|6 3|5 7|2 3|6 2|5 3|3 6|4 2|5 1|6 5|4 4|1 3|4 4|6 4|5 3|4 4|4 3|4 0|3 3|6 5|6 1|3 4|6 4|6 5|6 5|4 4|5 5|6 5|5 2|5 2|4 5|6 3|6 5|2 3|4 3|5 4|5 3|2 3|4 4|2 6|4 4|4 3|6 4|fitness = 20.218092583756434|time = 148.25663147096293|true
28 solution:
5 3|2 3|5 6|1 3|5 6|5 4|6 3|3 5|5 4|5 6|5 3|4 7|3 3|4 3|5 4|5 5|4 4|5 4|4 4|4 4|5 7|5 1|4 3|5 5|4 1|4 4|4 7|4 5|5 5|5 5|5 3|6 1|5 4|6 7|5 2|5 6|4 4|4 1|4 3|6 4|4 3|5 6|6 3|4 7|5 4|5 5|5 4|5 1|4 3|5 3|fitness = 20.263329565822836|time = 149.74387086166678|true
29 solution:
4 3|1 5|5 2|1 1|5 7|3 3|1 4|1 3|5 3|1 1|4 5|4 5|4 5|5 6|4 6|3 3|5 1|6 5|1 3|5 4|1 4|2 7|5 1|4 5|5 5|6 3|2 7|4 1|4 4|5 5|5 4|6 3|2 3|5 1|5 5|5 6|4 6|2 3|6 4|5 3|3 3|5 4|1 7|5 3|6 4|4 3|4 5|1 1|5 7|4 3|fitness = 20.2956911766663|time = 142.15557403675982|true
30 solution:
5 7|4 4|4 7|3 3|5 3|6 4|5 3|5 8|6 3|5 3|6 7|5 3|6 4|5 3|6 7|4 4|1 2|2 1|5 5|4 1|3 4|6 7|5 4|4 7|5 7|5 3|5 4|6 5|6 3|6 7|5 4|4 3|5 5|6 5|6 7|5 4|3 3|6 1|6 3|2 3|6 2|6 2|6 5|1 7|5 3|5 5|4 5|4 3|6 4|5 5|fitness = 20.218977864574953|time = 148.58822290935933|true
The final result:
fmax = 20.561705614634953
fmin = 19.91788238435515
fmean = 20.22597206389397
standard std = 0.16108851686025877
-1 solution:
2 3|5 3|5 4|4 3|5 4|4 1|5 3|4 2|4 4|5 6|3 4|4 3|4 7|4 4|4 5|5 6|4 3|4 4|5 2|4 4|4 4|5 2|4 5|5 2|3 1|3 3|5 1|4 3|2 3|5 1|5 4|4 2|4 5|4 4|5 5|5 6|4 4|3 3|1 3|4 3|5 3|5 7|5 3|4 4|5 6|4 1|2 1|5 4|4 1|5 4|fitness = 20.561705614634953|time = 147.4778180146985|true
