1 solution:
3 3|1 2|4 3|3 1|1 2|4 2|3 3|1 1|1 2|4 1|1 1|5 3|1 1|3 1|3 3|5 2|1 2|3 2|3 0|3 2|1 1|1 2|1 2|1 1|fitness = 10.31887104919429|time = 201.34926987386575|true
2 solution:
3 3|5 2|3 1|1 2|1 0|3 3|5 2|3 3|3 0|3 2|3 1|1 2|4 2|5 1|3 4|4 2|1 3|3 3|3 2|3 3|3 2|4 2|5 0|5 1|fitness = 10.091882104500087|time = 187.47608729058922|true
3 solution:
3 3|3 2|3 3|1 1|3 3|5 2|4 1|5 2|5 0|5 1|1 1|5 2|3 1|3 3|1 3|5 0|1 2|1 1|3 2|1 2|1 2|5 1|5 2|1 1|fitness = 10.250848800132076|time = 231.07764757114342|true
4 solution:
1 2|3 2|3 1|5 3|5 2|4 2|1 2|1 3|5 1|3 3|3 4|1 2|5 1|5 1|3 0|1 2|1 2|5 1|3 1|3 1|5 2|2 2|6 2|3 1|fitness = 10.234461364029867|time = 214.4722008982459|true
5 solution:
5 4|1 2|5 2|1 2|5 1|5 3|1 2|5 2|3 1|5 1|1 1|1 1|4 3|5 2|4 3|3 2|1 3|3 3|3 1|5 3|4 2|3 1|3 1|3 1|fitness = 10.220549760631135|time = 222.7224440108543|true
6 solution:
4 3|3 1|5 1|5 2|1 2|3 2|5 1|5 1|4 3|4 3|3 1|5 3|5 1|1 3|4 2|4 2|3 1|5 1|1 3|3 2|5 3|5 2|3 2|2 1|fitness = 10.196452353454738|time = 197.69791655670053|true
7 solution:
3 3|1 2|3 2|5 3|1 0|3 2|4 3|5 3|3 0|1 2|1 2|5 2|4 1|1 4|2 3|5 3|5 2|3 3|3 1|1 2|1 2|3 2|5 3|5 1|fitness = 10.275536085660063|time = 236.25532924038114|true
8 solution:
1 2|5 3|1 2|4 2|1 2|1 2|6 2|3 4|5 2|5 1|3 2|5 4|3 2|1 0|1 2|5 2|4 3|5 3|4 3|4 2|1 2|1 2|3 4|5 1|fitness = 10.219597215542933|time = 241.66011743774976|true
9 solution:
3 2|5 2|5 0|5 2|3 2|3 3|2 2|5 4|4 1|1 1|3 1|4 2|1 1|3 3|3 3|5 2|3 2|5 2|3 3|1 2|1 1|4 2|1 2|5 1|fitness = 10.29644443767534|time = 244.7936455125887|true
10 solution:
5 2|1 2|4 3|3 2|5 2|3 2|4 3|3 4|1 1|5 2|3 1|2 3|1 1|4 3|3 3|3 3|5 4|3 3|2 2|3 4|5 3|3 1|5 1|6 1|fitness = 10.317936256668167|time = 172.1935790923808|true
11 solution:
1 2|1 2|4 2|5 2|6 2|1 2|5 1|3 4|3 3|1 2|3 2|3 3|3 2|4 2|4 2|3 2|3 3|3 2|3 4|3 1|1 2|4 2|5 1|3 0|fitness = 10.178476652752863|time = 235.71315426421484|true
12 solution:
5 1|2 3|5 1|4 1|6 2|5 2|5 1|3 4|3 3|3 2|5 1|1 3|4 2|1 4|3 3|3 2|4 3|5 2|6 1|3 3|5 4|1 2|5 3|5 1|fitness = 10.167158831337701|time = 213.64666856958152|true
13 solution:
5 2|6 2|4 3|3 3|5 2|1 3|5 1|5 2|1 1|1 2|3 1|5 1|3 2|3 2|1 3|1 2|1 2|3 1|4 1|3 3|5 3|3 3|4 2|6 1|fitness = 10.320596678608519|time = 180.33191434714084|true
14 solution:
1 1|3 0|1 2|3 4|1 0|5 2|3 1|1 3|1 2|5 0|3 1|1 3|5 3|1 2|5 2|5 2|3 3|1 1|4 1|5 2|5 2|3 3|1 2|1 1|fitness = 10.172547068617092|time = 244.4416287119717|true
15 solution:
5 1|3 2|5 3|1 1|3 1|5 4|5 2|3 2|3 1|5 2|4 1|3 3|3 3|5 3|5 1|3 2|3 3|5 2|2 3|4 2|3 4|5 3|3 3|3 2|fitness = 10.13874532475985|time = 239.7037906295743|true
16 solution:
3 2|1 2|5 0|3 1|1 1|1 3|1 1|3 3|1 1|4 3|1 2|1 2|1 1|1 4|4 3|1 2|1 2|3 1|2 2|3 1|1 2|3 2|3 3|1 1|fitness = 10.359175225729604|time = 228.82935637357156|true
17 solution:
5 1|1 2|5 2|4 1|5 1|3 3|5 2|1 3|3 2|5 3|1 2|5 1|3 1|3 2|3 2|3 3|4 2|3 2|3 1|2 2|3 3|5 2|5 1|6 2|fitness = 10.22296655464914|time = 229.1319471354206|true
18 solution:
3 3|2 2|3 2|2 2|1 1|3 1|4 2|1 3|4 1|1 2|4 1|5 2|3 2|1 2|3 0|4 2|5 2|3 3|4 3|3 3|1 1|3 2|3 3|3 1|fitness = 10.17991438444443|time = 178.17355603247933|true
19 solution:
3 3|1 2|1 2|1 1|1 2|3 1|1 2|5 3|5 1|3 2|3 3|1 2|1 2|5 2|2 3|1 2|5 0|4 3|1 2|1 2|6 3|1 2|3 3|3 2|fitness = 10.204737542889124|time = 237.9176765410557|true
20 solution:
4 2|3 3|3 2|5 1|1 1|5 2|5 1|3 1|1 2|1 2|5 0|5 3|5 1|3 3|5 3|1 2|3 3|1 2|3 1|3 1|5 1|3 0|5 1|1 1|fitness = 10.264892938262669|time = 222.7057785383959|true
21 solution:
3 2|3 1|3 3|1 1|5 3|1 2|1 2|3 1|4 2|4 2|5 0|6 2|3 1|3 3|3 2|5 2|3 3|3 1|4 4|3 3|4 1|3 2|3 3|5 2|fitness = 10.20399445672025|time = 130.0496315720087|true
22 solution:
3 2|5 2|1 1|3 1|3 2|5 2|1 2|3 3|1 2|4 2|4 3|3 2|3 3|3 3|4 2|4 3|3 2|2 3|3 3|3 2|3 1|4 2|5 2|4 1|fitness = 10.14073888448189|time = 208.79384471009513|true
23 solution:
3 3|3 4|3 3|5 2|3 3|3 2|5 2|5 2|5 2|5 0|5 2|5 2|3 3|3 4|4 4|5 2|5 4|3 1|3 4|3 1|1 3|1 2|3 1|3 1|fitness = 10.207386960747884|time = 245.1209056259404|true
24 solution:
5 2|3 3|3 2|3 4|4 3|5 2|4 3|5 3|3 2|4 3|3 4|5 3|3 3|3 2|3 3|3 2|1 2|3 3|3 3|3 2|4 3|3 2|3 3|5 1|fitness = 10.3019913932074|time = 206.3759979178242|true
25 solution:
3 2|3 0|5 2|3 1|1 4|3 3|3 4|5 2|3 3|5 0|3 3|5 2|4 3|1 2|1 2|3 2|3 1|3 2|1 3|3 0|1 2|1 2|1 2|1 1|fitness = 10.117411438685611|time = 196.02322731519462|true
26 solution:
3 2|3 3|3 3|3 3|3 1|3 3|1 2|1 2|3 1|1 1|3 1|3 3|5 1|3 2|3 2|3 2|3 1|3 1|3 2|2 2|4 1|3 2|3 1|5 1|fitness = 10.288295705397434|time = 142.16613907111457|true
27 solution:
5 1|5 2|5 3|1 1|3 3|2 3|5 3|3 3|2 3|3 3|5 1|1 2|3 1|5 1|1 1|5 3|5 1|5 2|4 2|5 2|3 3|3 3|3 3|6 1|fitness = 10.23543672848231|time = 232.89158237148675|true
28 solution:
5 2|4 2|3 2|4 3|3 0|3 1|5 3|1 1|3 2|5 3|3 1|5 0|3 1|5 0|5 3|5 2|3 1|3 1|3 2|1 2|4 3|3 2|5 3|5 1|fitness = 10.202456827156075|time = 211.20886265432742|true
29 solution:
3 2|5 2|4 2|3 3|5 3|3 1|3 2|3 2|3 4|3 2|3 2|3 3|1 1|4 2|1 2|3 2|5 1|3 3|1 1|3 3|1 2|5 1|1 2|5 2|fitness = 10.243240989588593|time = 200.16167481252813|true
30 solution:
3 3|5 2|5 2|1 2|5 4|3 1|5 3|3 1|3 2|2 2|6 1|5 2|3 1|1 1|1 2|5 2|3 3|5 3|3 1|3 4|5 4|3 2|4 2|3 3|fitness = 10.299062913927283|time = 206.82554114584414|true
31 solution:
5 2|1 2|5 1|1 1|4 3|1 2|4 3|3 3|3 4|5 2|5 0|3 4|3 2|6 1|1 1|3 2|1 2|5 1|1 1|5 2|5 0|3 2|1 1|3 1|fitness = 10.118429922038032|time = 200.32390324725384|true
32 solution:
1 1|1 1|1 2|3 3|1 4|3 3|1 2|3 1|3 2|1 2|1 1|3 2|1 1|3 2|1 2|3 2|1 2|3 3|3 1|3 4|1 2|3 1|4 4|3 1|fitness = 10.218143165669225|time = 198.07018054301992|true
33 solution:
1 2|3 2|5 3|4 1|5 2|3 3|3 2|5 3|3 2|3 2|3 4|3 3|4 3|3 3|3 0|1 2|3 3|3 2|1 1|1 2|1 2|1 1|5 3|3 3|fitness = 10.244343528965784|time = 159.49199571618126|true
34 solution:
5 2|1 2|3 3|3 1|5 1|3 3|5 3|1 3|3 2|4 3|3 1|5 2|3 2|2 3|3 1|5 3|5 2|5 2|5 1|5 3|5 0|3 1|3 1|5 1|fitness = 10.387521437253783|time = 249.7429584242249|true
35 solution:
3 3|1 2|5 2|3 1|4 2|3 2|6 1|3 3|4 1|2 3|3 2|5 3|3 2|3 3|3 2|3 3|3 0|3 2|2 3|3 1|5 1|3 3|1 2|5 1|fitness = 10.261851487424247|time = 138.36466277739714|true
36 solution:
5 3|3 2|1 0|3 4|4 3|3 1|4 3|5 3|3 1|3 1|4 2|3 2|3 3|1 2|4 2|5 2|5 2|5 4|2 2|5 2|5 3|5 3|3 3|5 3|fitness = 10.094491516729356|time = 194.67201570453904|true
37 solution:
1 1|5 2|5 2|3 2|1 2|5 1|4 3|3 3|3 2|3 2|3 3|5 2|3 3|3 2|3 2|1 2|3 3|3 2|5 4|4 1|4 3|5 2|3 1|1 1|fitness = 10.269064538258915|time = 230.4622760986817|true
38 solution:
3 2|3 1|5 2|3 1|1 2|3 3|5 3|6 3|5 2|3 3|3 1|3 3|3 2|3 3|5 4|3 3|5 2|3 1|3 3|5 3|3 4|1 1|5 1|5 1|fitness = 10.29572948431887|time = 168.25606693573795|true
39 solution:
5 3|2 2|5 4|5 1|3 2|5 2|5 1|5 4|3 3|1 1|3 3|5 3|5 1|5 1|6 2|5 3|3 4|3 2|1 2|3 3|4 3|3 0|3 2|3 1|fitness = 10.217906831237455|time = 247.45568249851638|true
40 solution:
3 1|3 3|5 1|2 2|3 3|1 2|1 1|3 2|2 2|5 2|3 1|3 3|3 1|5 0|4 2|3 2|2 2|3 2|3 2|2 2|5 2|3 2|3 2|4 1|fitness = 10.165743444839562|time = 184.66380841579186|true
41 solution:
5 2|3 1|4 1|3 1|3 4|2 3|1 1|5 2|3 4|1 1|3 0|3 3|3 3|5 2|3 3|5 1|1 3|5 1|4 1|1 2|4 2|3 1|5 2|5 2|fitness = 10.0999971440263|time = 221.54268228508008|true
42 solution:
3 1|1 2|3 1|1 2|3 0|3 3|3 3|5 3|3 2|1 2|5 2|1 2|3 2|1 4|1 3|5 1|5 1|3 3|3 2|3 3|3 4|3 2|5 3|5 2|fitness = 10.23388823070153|time = 191.47690369700547|true
43 solution:
1 2|1 2|1 2|3 3|5 1|3 1|3 1|1 2|3 0|1 2|1 1|5 2|3 3|4 1|1 1|1 2|1 2|3 3|2 2|3 0|1 1|3 1|1 1|1 2|fitness = 10.191030770230883|time = 234.7516751956167|true
44 solution:
6 2|5 2|5 2|3 3|5 2|3 2|4 1|5 4|1 2|3 1|3 1|4 3|1 1|3 1|5 2|3 3|6 2|3 4|3 3|4 2|5 2|5 2|5 3|3 4|fitness = 10.238953740027155|time = 232.537329475736|true
45 solution:
5 2|5 2|3 3|1 1|3 2|3 1|1 2|3 3|3 1|5 2|3 2|3 3|3 2|3 1|3 0|5 3|3 3|3 1|1 2|3 4|3 3|5 3|5 1|1 1|fitness = 10.35675363577391|time = 199.4060172049891|true
46 solution:
3 3|3 2|3 1|5 2|3 4|2 3|3 1|3 3|3 1|3 2|3 0|3 3|1 1|3 1|3 1|3 2|1 4|5 3|3 1|3 2|3 2|5 1|5 1|1 1|fitness = 10.105253544324713|time = 123.69877351779853|true
47 solution:
1 2|1 2|1 1|4 4|3 0|3 3|1 1|3 4|1 1|4 1|3 2|1 2|3 3|3 3|1 3|4 3|5 2|1 2|3 1|1 3|1 2|1 2|1 2|1 1|fitness = 10.26549053742328|time = 195.32097423709953|true
48 solution:
5 2|3 1|3 2|2 2|3 2|1 3|3 2|3 1|5 1|5 3|2 2|3 1|5 2|5 0|3 3|5 2|5 3|3 2|3 2|3 1|5 1|3 1|3 3|1 1|fitness = 10.198124416217881|time = 231.5185547293424|true
49 solution:
3 1|3 2|5 3|3 1|5 1|5 2|5 3|3 3|3 2|3 3|3 1|1 3|5 2|5 4|3 3|3 2|5 2|3 3|4 3|3 3|3 3|5 2|3 2|3 3|fitness = 10.317481144604406|time = 230.80952876215252|true
50 solution:
5 2|5 2|5 1|3 3|3 3|3 3|1 2|3 4|4 2|5 2|3 3|3 3|1 3|3 3|4 2|3 3|1 2|3 3|4 3|1 1|5 3|3 1|3 3|1 1|fitness = 10.32249858732474|time = 167.77659774445863|true
The final result:
fmax = 10.387521437253783
fmin = 10.091882104500087
fmean = 10.229490080706489
standard std = 0.07317562254753578
-1 solution:
5 2|1 2|3 3|3 1|5 1|3 3|5 3|1 3|3 2|4 3|3 1|5 2|3 2|2 3|3 1|5 3|5 2|5 2|5 1|5 3|5 0|3 1|3 1|5 1|fitness = 10.387521437253783|time = 249.7429584242249|true
