1 solution:
2 1|1 2|1 2|1 2|1 3|1 2|1 2|1 2|1 3|1 1|1 2|1 2|1 2|1 2|1 1|1 3|1 3|1 1|1 3|1 1|1 3|1 1|1 3|1 1|fitness = 10.392679253471073|time = 114.37343325722644|true
2 solution:
1 2|1 2|1 2|1 2|1 2|2 2|1 0|1 1|1 3|2 1|1 2|1 2|1 2|1 2|1 1|1 3|1 1|1 1|1 3|2 1|1 3|1 2|1 3|1 1|fitness = 10.4456990946436|time = 118.71777144844546|true
3 solution:
1 3|1 2|1 2|1 2|1 1|2 1|1 2|1 1|1 2|1 2|1 1|1 2|1 2|1 2|1 1|1 2|1 1|1 1|1 3|1 1|1 3|1 3|1 1|1 2|fitness = 10.4224693758973|time = 116.2543481336713|true
4 solution:
1 2|1 2|1 3|2 0|1 2|1 2|1 2|1 1|1 3|1 2|2 3|1 2|2 3|3 2|1 1|1 2|1 1|1 3|1 3|2 1|1 2|1 2|1 3|1 1|fitness = 10.424930329125916|time = 111.40504419288442|true
5 solution:
1 2|1 2|1 0|1 2|2 1|1 2|1 2|1 1|1 2|1 2|1 2|1 2|1 2|2 3|1 1|1 2|1 1|1 1|1 3|2 1|1 1|1 2|1 1|2 3|fitness = 10.461731243281672|time = 116.1296653180639|true
6 solution:
1 2|1 2|1 2|1 2|3 3|1 2|2 0|2 1|1 2|2 1|1 2|2 3|2 3|2 1|1 1|2 0|1 1|1 1|1 3|1 1|1 2|1 2|1 1|2 3|fitness = 10.480520859642905|time = 105.06723866950534|true
7 solution:
1 2|1 2|1 1|1 2|2 1|1 2|1 2|2 1|1 2|1 2|1 2|1 2|1 2|1 2|1 1|1 2|1 1|1 1|1 3|2 1|1 1|1 3|1 1|1 1|fitness = 10.54183096115924|time = 119.91911913965606|true
8 solution:
2 3|1 2|1 2|1 2|1 2|1 2|1 1|2 1|2 3|1 2|1 2|2 3|2 2|2 1|1 1|1 2|1 1|1 1|1 3|1 1|1 1|1 2|1 1|2 3|fitness = 10.462909394663109|time = 104.36276890356258|true
9 solution:
1 2|1 2|2 0|1 2|3 2|1 2|1 2|2 1|1 2|1 2|2 3|1 2|1 2|2 1|1 1|1 1|1 3|1 1|1 3|2 1|1 1|1 2|1 1|1 1|fitness = 10.509823370909757|time = 110.90296824389326|true
10 solution:
1 2|1 2|1 2|2 1|1 2|1 2|1 2|1 1|1 2|1 1|1 2|2 3|1 2|2 1|1 1|1 2|1 3|1 1|1 3|1 1|1 3|1 1|1 1|1 1|fitness = 10.463872264173538|time = 117.30831490000709|true
11 solution:
1 2|1 2|1 2|1 2|3 3|1 2|1 2|2 1|1 3|1 2|1 2|1 2|1 2|1 2|1 0|1 2|1 3|1 1|1 0|2 1|1 1|1 3|1 1|1 0|fitness = 10.41244230599061|time = 115.51814692719927|true
12 solution:
1 2|1 2|1 2|1 2|1 2|1 2|1 2|1 1|1 3|2 1|2 3|2 3|1 2|3 2|1 1|1 2|1 3|1 1|1 3|1 1|1 1|1 2|1 1|2 3|fitness = 10.506485510065891|time = 117.9688373105443|true
13 solution:
1 2|1 2|1 1|1 2|1 1|1 2|2 2|2 1|1 2|2 2|1 2|2 3|2 2|1 2|1 1|2 1|1 1|1 1|1 3|2 1|1 2|1 3|1 1|1 1|fitness = 10.474926097722001|time = 119.25646515651788|true
14 solution:
1 2|1 2|2 3|1 2|1 2|2 3|1 2|2 1|1 3|2 2|1 2|1 2|1 2|2 1|1 1|1 2|1 1|1 1|1 3|1 1|1 1|1 1|1 3|1 1|fitness = 10.503018000520756|time = 111.80563640146558|true
15 solution:
1 2|1 2|1 2|2 1|1 1|1 2|1 2|1 2|1 3|1 2|1 2|2 3|1 2|1 2|1 1|1 3|1 1|1 1|1 3|1 1|1 3|1 3|1 1|1 1|fitness = 10.456933070739744|time = 109.47918083219682|true
16 solution:
1 2|1 2|1 1|1 2|1 2|1 2|1 2|2 1|1 2|1 2|1 1|1 2|1 3|1 2|1 1|1 2|1 1|1 1|1 0|1 1|1 1|1 2|1 1|1 3|fitness = 10.407064174124153|time = 118.87683447790693|true
17 solution:
1 2|1 2|1 2|1 2|3 3|1 2|1 2|1 3|1 2|2 1|1 3|1 2|1 2|2 1|1 1|1 2|3 3|1 1|1 3|3 1|3 3|1 2|1 3|2 3|fitness = 10.450231117339232|time = 114.70392888107465|true
18 solution:
1 2|1 2|1 1|1 2|1 2|1 2|1 1|2 1|1 3|3 2|1 3|1 2|2 2|1 2|1 1|1 2|1 1|1 2|1 3|1 1|2 1|1 3|1 1|1 1|fitness = 10.43122325645634|time = 104.06213901455352|true
19 solution:
1 2|1 2|1 2|1 2|1 3|1 2|2 0|1 1|1 2|2 1|1 1|2 3|1 2|2 1|1 1|1 2|1 1|1 1|1 2|2 1|1 1|1 3|1 1|1 2|fitness = 10.468850186716585|time = 114.69006374951486|true
20 solution:
1 3|1 2|1 0|1 1|2 1|1 2|1 2|2 1|1 2|1 2|1 2|1 2|1 2|2 1|1 1|1 2|1 1|1 1|1 3|1 1|1 3|1 2|1 1|1 1|fitness = 10.465811457143001|time = 109.21568178219181|true
21 solution:
1 2|1 3|1 0|1 2|1 2|1 2|2 0|1 2|1 3|1 2|1 2|1 2|1 2|1 2|1 1|1 2|1 1|1 1|1 3|1 1|1 1|1 2|1 1|1 3|fitness = 10.376679617282853|time = 118.05698098182978|true
22 solution:
1 2|1 2|1 1|2 2|1 3|1 2|1 1|2 2|1 2|1 2|1 2|1 2|1 2|1 3|1 1|1 2|1 1|1 1|1 0|2 1|1 1|1 3|1 1|1 1|fitness = 10.407112270886156|time = 106.27475379668567|true
23 solution:
1 2|1 2|1 0|2 3|1 1|1 2|1 2|1 1|1 2|2 1|1 2|2 3|1 2|2 1|1 1|1 2|3 3|1 1|1 3|2 1|1 1|1 3|1 1|1 1|fitness = 10.442176561164404|time = 112.87757343238366|true
24 solution:
1 2|1 2|1 2|1 2|1 2|1 2|2 3|1 2|1 2|1 1|1 3|1 2|1 2|2 1|1 1|1 2|1 1|1 1|1 3|2 1|1 1|1 1|1 0|1 1|fitness = 10.468298127132744|time = 115.55882594808865|true
25 solution:
1 2|1 2|1 2|1 2|3 3|2 0|1 1|2 1|2 3|1 2|1 3|1 2|1 2|1 2|1 1|2 1|1 3|1 3|1 3|2 1|1 2|1 2|1 1|2 3|fitness = 10.408570099212817|time = 102.44108775101898|true
26 solution:
1 2|1 2|1 2|2 1|3 3|2 2|1 2|2 1|1 2|1 2|1 2|1 2|2 0|2 1|1 1|1 2|1 1|1 1|1 3|2 1|1 1|1 2|1 1|1 1|fitness = 10.488277392338972|time = 113.24134149351859|true
27 solution:
1 2|1 2|1 2|1 2|1 2|1 2|1 0|2 1|1 2|1 2|1 2|1 2|1 2|1 1|2 1|1 2|3 3|1 0|1 3|1 1|1 1|2 3|1 1|1 1|fitness = 10.359398359939089|time = 115.33036763366971|true
28 solution:
1 2|1 2|1 2|1 2|1 2|1 2|1 2|2 1|1 3|1 2|1 2|1 3|2 2|2 1|1 1|1 2|1 3|1 0|1 3|3 2|1 1|1 3|1 1|1 1|fitness = 10.452276054686683|time = 112.34291197856993|true
29 solution:
1 2|1 2|2 0|1 2|2 1|1 2|1 2|1 2|1 2|2 1|2 3|2 3|2 3|2 1|1 1|1 2|1 1|1 1|1 3|2 1|2 0|1 2|1 1|2 1|fitness = 10.39372358350796|time = 97.82250754902945|true
30 solution:
1 2|2 0|1 2|1 1|1 3|1 2|1 2|1 2|1 2|1 2|1 2|1 2|1 2|2 1|1 1|1 2|1 1|1 1|1 0|1 1|1 1|1 1|1 1|1 1|fitness = 10.330415452066095|time = 111.90988170506085|true
The final result:
fmax = 10.54183096115924
fmin = 10.330415452066095
fmean = 10.443679294733473
standard std = 0.0470836232331272
runtime = 0–° ±,0∑÷,16√Î,576∫¡√Î
-1 solution:
1 2|1 2|1 1|1 2|2 1|1 2|1 2|2 1|1 2|1 2|1 2|1 2|1 2|1 2|1 1|1 2|1 1|1 1|1 3|2 1|1 1|1 3|1 1|1 1|fitness = 10.54183096115924|time = 119.91911913965606|true
