1 solution:
1 2|2 2|1 1|1 2|2 1|1 2|1 3|2 1|1 2|1 2|1 2|2 3|1 2|2 2|1 3|1 2|1 2|1 1|1 3|2 1|1 3|2 3|1 2|2 1|fitness = 10.4322197282746|time = 115.22146462388376|true
2 solution:
1 2|1 2|2 1|1 2|2 1|1 2|2 2|2 1|1 3|3 2|2 2|2 3|2 3|3 2|1 1|2 3|2 3|1 2|1 4|1 1|2 3|2 2|1 0|1 2|fitness = 10.352549894077347|time = 115.36175155372506|true
3 solution:
1 2|1 2|1 4|2 1|3 3|2 3|1 2|1 1|2 3|2 1|1 2|2 3|1 2|2 1|2 4|1 4|1 3|2 3|1 2|2 2|3 3|1 2|1 2|2 1|fitness = 10.354801557182919|time = 97.07897257887555|true
4 solution:
1 3|2 3|1 1|1 4|2 1|2 3|2 3|2 1|1 3|2 1|1 2|2 3|1 2|2 1|2 4|2 3|2 3|1 1|1 3|3 2|3 2|2 3|1 2|1 2|fitness = 10.334187018539664|time = 112.0113010970049|true
5 solution:
2 3|1 3|1 3|1 2|1 1|2 2|1 2|1 2|1 3|2 3|2 2|1 2|2 3|2 1|1 1|1 3|2 3|1 1|1 2|2 1|2 2|1 3|2 1|2 2|fitness = 10.352586187305434|time = 106.75472379784391|true
6 solution:
2 3|1 3|2 3|1 3|2 1|2 4|1 3|2 1|1 2|2 3|1 2|2 3|2 2|2 3|2 3|2 3|1 1|1 4|2 3|2 2|1 1|1 3|2 1|1 2|fitness = 10.298305725887817|time = 119.56893575992211|true
7 solution:
2 2|2 2|1 2|2 2|3 2|2 3|2 1|3 2|1 3|3 3|1 2|2 3|2 2|2 1|1 1|2 3|1 3|1 4|1 2|2 2|2 3|1 1|1 1|2 3|fitness = 10.32093617254926|time = 107.94828142049404|true
8 solution:
1 2|3 2|1 3|2 3|2 1|2 3|1 1|2 3|1 2|3 2|2 3|1 3|2 3|3 2|1 2|3 2|1 1|1 2|1 3|2 1|2 3|1 2|2 3|1 1|fitness = 10.367225039710263|time = 115.69053836792423|true
9 solution:
1 2|2 3|1 1|1 3|2 1|2 3|2 1|2 1|1 2|2 3|2 2|2 1|1 2|3 2|1 1|2 3|1 1|1 2|1 2|2 2|2 1|1 3|1 4|2 2|fitness = 10.377728034539281|time = 104.4944312099084|true
10 solution:
1 2|1 2|1 4|3 2|3 3|1 2|1 2|2 1|2 3|3 2|1 2|2 3|1 2|1 2|1 2|1 1|1 1|3 2|1 1|2 1|1 3|2 1|1 1|1 1|fitness = 10.403356923199958|time = 111.05224583012408|true
11 solution:
1 3|2 2|1 1|1 2|3 3|1 2|2 4|2 1|1 3|2 1|1 2|3 2|2 3|2 2|1 3|2 4|3 3|1 2|1 3|2 1|1 2|2 3|2 3|2 1|fitness = 10.352893233488109|time = 100.44853402269517|true
12 solution:
2 3|3 2|2 3|2 3|3 2|1 2|2 3|2 1|2 3|2 1|2 3|2 2|2 1|1 2|2 4|1 4|1 3|1 3|1 2|2 1|1 2|1 2|1 1|1 2|fitness = 10.32568551229524|time = 117.27364420474831|true
13 solution:
1 2|1 2|2 3|2 1|2 1|1 2|2 2|2 1|2 3|2 1|3 2|2 3|2 4|3 2|2 1|2 3|3 3|2 3|1 3|2 2|2 3|1 3|1 2|1 1|fitness = 10.348130778939526|time = 102.92403838143518|true
14 solution:
1 2|1 3|1 2|2 3|3 3|1 3|2 3|3 2|2 3|3 2|1 2|2 2|1 2|3 2|1 1|1 4|1 2|2 3|1 3|2 2|2 3|1 2|2 1|1 1|fitness = 10.386530830257588|time = 109.99476510967514|true
15 solution:
1 2|1 2|2 3|2 2|3 3|2 2|1 1|2 2|1 2|2 2|1 3|1 2|1 2|2 3|1 1|2 2|1 3|1 1|1 3|2 2|1 2|1 3|1 4|2 1|fitness = 10.434744662650925|time = 119.44267449214517|true
16 solution:
2 3|2 3|2 3|1 2|2 3|1 2|2 3|2 1|2 3|2 2|1 2|1 2|1 2|3 2|2 3|2 2|1 1|2 2|1 2|2 2|2 3|2 4|1 2|1 4|fitness = 10.330585754551079|time = 116.65505274221329|true
17 solution:
2 3|1 3|1 2|1 2|3 3|2 2|1 4|2 1|1 3|2 3|1 2|2 3|2 3|2 2|2 2|2 2|3 3|1 3|1 2|3 2|1 3|1 2|1 4|2 0|fitness = 10.35763091145531|time = 115.74399897526159|true
18 solution:
1 3|2 3|1 2|1 2|3 3|2 3|2 0|1 2|1 2|1 2|2 3|2 3|1 2|3 2|2 1|2 2|1 1|1 1|2 1|2 1|1 3|2 3|1 1|2 3|fitness = 10.384142716976616|time = 102.81521989679052|true
19 solution:
1 2|1 2|1 2|2 1|3 3|2 3|2 2|2 3|1 3|2 3|1 3|1 2|1 2|3 2|1 2|1 3|2 2|1 1|1 2|2 1|2 1|2 3|1 2|2 1|fitness = 10.448907185362513|time = 116.05280473359508|true
20 solution:
1 2|1 4|1 2|1 2|1 1|2 2|2 2|2 1|1 3|2 1|1 2|2 3|2 2|3 2|1 2|2 3|1 3|1 3|1 1|2 1|1 3|2 3|2 3|1 1|fitness = 10.38489379629238|time = 97.15854779446286|true
21 solution:
2 2|1 3|1 2|1 2|2 3|2 3|2 3|2 3|2 2|3 2|2 1|2 3|2 3|3 2|2 3|3 2|1 3|2 3|3 2|3 2|1 1|1 2|2 1|1 2|fitness = 10.271396938088984|time = 116.62462433352606|true
22 solution:
1 2|1 2|1 2|1 3|3 2|2 3|1 2|2 1|1 3|2 1|1 2|2 3|1 3|2 1|1 2|2 2|1 1|1 1|1 3|1 1|1 1|1 3|2 1|2 3|fitness = 10.489223220137298|time = 99.36784764017875|true
23 solution:
3 2|1 3|1 2|2 3|3 2|2 3|2 4|2 2|1 2|2 2|2 3|2 3|2 3|2 1|1 1|2 1|1 1|3 3|1 3|2 2|2 1|2 2|1 4|2 4|fitness = 10.306267639957834|time = 87.7110759101494|true
24 solution:
2 3|1 2|1 3|1 1|2 1|1 2|1 2|2 2|2 3|2 1|1 2|1 2|1 2|2 1|1 1|2 3|1 2|1 2|1 3|1 2|1 3|1 3|1 1|2 3|fitness = 10.427567194316955|time = 106.78238019316724|true
25 solution:
2 3|1 2|1 2|1 2|1 1|2 3|1 1|2 1|1 3|2 2|1 2|1 2|2 2|2 2|1 3|3 2|3 3|1 2|2 3|2 3|3 3|1 2|1 1|2 3|fitness = 10.349903819472912|time = 110.14832288636703|true
26 solution:
1 2|1 3|1 3|1 2|2 3|2 3|2 3|1 2|1 2|2 2|1 3|1 3|2 2|3 2|1 2|3 2|3 3|2 3|1 2|2 4|3 2|2 3|1 3|2 1|fitness = 10.322125981560928|time = 119.76510041488227|true
27 solution:
1 3|2 4|1 3|1 2|3 2|2 1|2 4|1 1|1 2|2 1|2 3|1 2|2 3|3 2|2 1|2 2|1 1|1 2|1 3|3 2|1 2|1 3|1 1|3 2|fitness = 10.361227056498203|time = 107.15810176092423|true
28 solution:
1 2|2 2|2 2|1 3|3 2|2 1|1 2|2 1|3 3|1 2|2 3|2 3|2 3|2 2|1 4|1 2|1 1|1 4|1 3|2 1|3 2|2 3|1 2|2 1|fitness = 10.302585769516389|time = 97.46806079346155|true
29 solution:
1 2|2 3|1 2|1 2|3 3|1 2|2 1|2 3|1 2|2 2|1 2|2 2|2 3|1 2|2 1|1 3|1 2|2 1|1 4|2 3|3 3|1 3|1 1|2 2|fitness = 10.355978114299864|time = 110.60340313205607|true
30 solution:
2 2|1 2|1 2|2 3|2 1|1 3|2 3|1 1|1 2|2 3|1 2|2 2|1 2|3 2|1 1|1 1|2 3|2 3|1 3|2 1|2 1|1 2|2 4|2 3|fitness = 10.361533398060708|time = 102.33496797339387|true
The final result:
fmax = 10.489223220137298
fmin = 10.271396938088984
fmean = 10.363195026514862
standard std = 0.04834628793862739
runtime = 0–° ±,0∑÷,15√Î,911∫¡√Î
-1 solution:
1 2|1 2|1 2|1 3|3 2|2 3|1 2|2 1|1 3|2 1|1 2|2 3|1 3|2 1|1 2|2 2|1 1|1 1|1 3|1 1|1 1|1 3|2 1|2 3|fitness = 10.489223220137298|time = 99.36784764017875|true
