1 solution:
3 3|5 2|4 2|5 3|5 2|5 2|5 4|5 3|3 2|5 2|5 2|3 2|4 3|1 3|3 1|3 3|6 3|5 1|3 1|1 2|4 4|3 3|2 3|4 3|fitness = 10.146527342283553|time = 240.76183203799127|true
2 solution:
5 3|3 3|5 2|3 1|3 4|5 2|6 1|3 3|4 4|4 1|4 4|5 2|3 1|3 4|3 3|6 2|6 3|3 3|2 2|3 2|1 2|1 1|5 3|6 1|fitness = 10.269505905616349|time = 171.01126599602418|true
3 solution:
3 2|4 3|5 3|2 1|5 3|3 1|3 2|1 2|3 3|1 1|4 3|3 3|3 1|5 3|5 3|5 2|4 2|4 1|3 2|3 3|5 3|4 1|6 2|4 1|fitness = 10.180337514250855|time = 228.39943483778467|true
4 solution:
3 1|5 2|4 2|3 2|3 4|5 1|4 4|1 2|5 3|6 2|4 3|6 3|1 3|3 1|3 1|1 2|5 3|3 3|5 1|1 2|5 2|4 2|1 2|4 1|fitness = 10.182445110904784|time = 234.92931802121754|true
5 solution:
5 3|3 1|1 1|5 3|5 2|3 2|4 3|1 3|5 4|1 2|3 1|1 2|1 2|1 3|3 2|3 2|1 3|3 2|3 2|2 3|5 2|3 3|4 1|4 3|fitness = 10.154862755543283|time = 189.90287228645118|true
6 solution:
3 3|3 2|4 1|4 1|2 2|3 2|6 1|3 1|5 2|5 2|1 2|1 3|6 1|4 2|4 3|5 2|1 2|3 1|2 2|4 2|1 3|5 2|5 2|5 3|fitness = 10.173914566457762|time = 225.66052678276043|true
7 solution:
5 1|5 3|4 2|3 3|1 2|5 2|6 1|3 2|1 2|4 2|3 3|5 3|3 2|5 2|3 2|3 2|2 3|3 3|3 2|3 2|5 3|3 2|3 4|5 3|fitness = 10.240777039516225|time = 232.14659773634412|true
8 solution:
3 2|5 2|5 2|1 1|5 2|3 1|4 4|3 3|3 2|4 3|3 4|4 3|4 2|3 3|3 2|4 2|3 4|3 3|5 2|5 2|5 1|2 2|5 3|4 1|fitness = 10.209062142728564|time = 232.0821933475053|true
9 solution:
4 3|5 2|3 3|3 1|5 3|6 2|4 2|5 2|5 4|3 3|4 4|1 2|3 2|1 4|4 3|3 3|5 3|2 2|3 1|2 3|5 3|5 2|5 2|4 4|fitness = 10.194066104620232|time = 204.3858401370939|true
10 solution:
3 2|3 3|5 3|3 2|3 3|3 3|5 2|1 2|3 2|4 3|5 2|5 4|5 1|5 4|6 2|6 2|1 2|5 1|4 1|3 2|4 4|4 1|5 2|2 2|fitness = 10.246349846301843|time = 188.38227387456095|true
11 solution:
4 3|3 2|5 3|3 2|5 0|3 1|3 1|3 1|1 1|1 2|3 3|5 2|3 2|2 2|4 3|1 2|1 2|3 1|6 1|1 2|5 2|3 1|5 3|5 3|fitness = 10.255628604676689|time = 190.39950699504104|true
12 solution:
5 1|4 2|4 2|4 2|3 2|5 4|5 3|3 1|5 1|5 1|5 4|3 2|3 2|1 2|3 2|3 1|6 2|3 2|2 2|4 2|3 2|3 3|1 2|3 3|fitness = 10.11479366264419|time = 201.06178712620306|true
13 solution:
3 3|3 3|4 4|3 4|3 4|3 3|6 2|3 0|5 2|4 2|5 3|3 3|5 3|3 3|3 4|4 2|5 3|3 1|5 1|6 2|4 2|3 2|5 3|5 4|fitness = 10.146031688448787|time = 229.65934717492502|true
14 solution:
4 2|1 1|5 3|3 3|3 3|1 3|4 1|1 4|5 2|4 1|1 1|3 2|5 2|2 3|5 2|5 2|5 3|3 3|1 2|5 2|5 4|5 2|1 2|4 1|fitness = 10.147837133807986|time = 224.90672773213208|true
15 solution:
4 2|5 2|3 4|5 2|5 1|3 3|3 1|5 1|4 3|5 2|4 1|1 3|3 2|4 3|3 3|5 2|1 2|4 3|3 3|3 2|6 2|5 3|5 3|1 1|fitness = 10.290648856337148|time = 238.96250126920813|true
16 solution:
3 1|5 2|6 1|5 4|4 0|4 2|5 0|5 3|5 3|4 1|3 2|6 2|5 4|3 3|4 1|5 2|5 3|1 1|6 1|5 2|4 3|5 3|3 2|4 3|fitness = 10.073698463582398|time = 219.35520147552606|true
17 solution:
3 2|1 2|3 0|5 4|5 2|3 3|5 1|3 3|6 2|3 3|3 1|3 3|6 1|1 3|4 2|1 2|2 3|3 0|4 2|3 2|2 2|6 2|5 3|5 1|fitness = 10.131365724116232|time = 168.0465162186029|true
18 solution:
3 4|5 2|3 1|2 1|3 2|5 3|4 3|3 4|5 2|3 2|3 3|3 3|5 2|4 1|6 2|5 3|4 1|5 3|3 1|1 2|5 2|3 3|3 2|5 1|fitness = 10.131585950673689|time = 219.33266900653297|true
19 solution:
3 1|1 2|5 3|2 2|4 3|3 3|5 3|3 2|6 1|5 2|5 2|5 4|5 1|3 3|3 3|3 3|5 2|4 2|4 1|5 2|5 1|1 2|3 4|5 2|fitness = 10.25808525625692|time = 236.96938840459825|true
20 solution:
5 4|5 1|3 1|3 4|3 1|1 2|5 1|3 3|3 2|4 1|3 2|5 2|1 2|5 3|4 2|6 2|4 1|3 2|4 3|4 2|5 3|4 3|5 1|1 1|fitness = 10.164220400011283|time = 226.4240752399433|true
21 solution:
4 3|5 2|4 2|3 2|4 3|4 1|5 1|3 3|1 1|2 2|3 3|3 2|4 4|6 1|3 2|5 3|2 2|3 1|3 1|3 3|3 4|3 2|1 2|3 3|fitness = 10.013974202975973|time = 146.18465854412148|true
22 solution:
5 2|5 2|3 1|3 1|2 3|4 3|3 3|1 2|4 4|4 3|5 2|5 2|3 3|5 2|4 3|3 3|2 1|3 2|1 1|5 2|1 2|3 2|3 3|5 2|fitness = 10.200914015703718|time = 243.4988666125978|true
23 solution:
1 1|3 2|5 3|3 1|3 3|5 2|5 1|3 3|4 2|3 2|4 1|5 2|5 4|4 3|5 2|5 2|6 2|3 1|4 3|5 3|5 2|4 3|3 1|5 1|fitness = 10.334897978063093|time = 249.8262186912875|true
24 solution:
1 1|3 3|5 2|4 3|5 1|5 1|5 1|1 2|3 2|1 1|5 1|5 2|3 3|6 3|6 3|3 3|3 2|5 1|5 4|3 2|4 3|4 2|5 3|5 2|fitness = 10.240710408080867|time = 223.32511380939457|true
25 solution:
3 1|5 2|5 3|3 1|1 4|1 2|6 1|3 1|5 3|4 3|3 3|1 2|5 4|5 1|4 3|4 2|6 3|5 2|3 1|5 3|1 3|1 2|4 4|4 2|fitness = 10.180428192039418|time = 196.5260016387715|true
26 solution:
3 1|3 2|3 2|1 1|1 1|5 4|1 2|3 1|3 4|1 2|5 4|5 4|5 2|1 3|6 3|3 3|3 2|3 1|3 3|1 3|1 2|5 3|5 3|2 1|fitness = 10.099178569836331|time = 144.93911686899236|true
27 solution:
3 3|2 2|3 3|3 2|3 4|3 4|3 1|3 1|4 3|6 2|3 3|3 3|3 2|6 3|3 3|3 3|6 2|5 2|5 1|5 2|6 2|3 2|3 3|5 3|fitness = 10.234560405774808|time = 165.7855101739524|true
28 solution:
3 3|4 2|5 3|3 3|6 2|3 2|5 3|3 3|4 3|3 3|5 2|1 3|5 2|4 2|6 3|4 1|3 4|3 1|1 2|3 2|5 2|3 1|3 3|4 3|fitness = 10.116862362483367|time = 198.0323173825161|true
29 solution:
4 3|5 1|1 2|3 3|3 3|1 2|5 4|5 2|5 2|5 2|1 2|3 4|4 1|3 1|3 2|1 2|5 2|4 3|2 3|1 1|3 1|3 2|1 1|6 1|fitness = 10.127757150955482|time = 167.07786117433713|true
30 solution:
3 2|4 2|5 2|3 1|6 3|5 2|1 1|6 4|5 3|5 3|1 2|3 2|3 2|5 1|3 3|4 3|4 3|3 2|4 2|4 2|6 2|3 3|3 1|5 1|fitness = 10.160503906165337|time = 247.67335562740607|true
31 solution:
3 3|5 3|1 2|3 2|5 2|1 2|4 4|1 3|2 3|4 1|1 2|5 2|4 1|3 0|3 4|3 2|5 1|3 3|4 1|3 1|3 3|3 2|6 2|1 1|fitness = 10.126730537279622|time = 184.85226555280698|true
32 solution:
3 3|3 4|4 4|5 1|5 1|2 2|1 3|6 2|1 1|4 3|2 2|3 2|4 3|1 0|5 0|6 2|5 3|5 1|3 3|3 3|5 3|5 1|3 2|5 1|fitness = 10.011151353069854|time = 192.63356805851225|true
33 solution:
3 3|5 2|5 2|3 1|4 3|3 2|5 1|6 3|5 2|5 3|3 3|5 3|3 1|5 1|4 2|3 3|5 1|3 2|3 2|1 1|3 2|3 2|1 2|4 3|fitness = 10.281056452928595|time = 227.93975014467662|true
34 solution:
5 2|5 2|3 3|4 1|5 3|3 3|4 2|3 1|5 2|1 2|5 1|1 2|4 3|3 3|5 2|6 3|4 4|3 2|3 2|3 2|3 3|1 1|6 2|3 1|fitness = 10.247964559825604|time = 233.00228515486558|true
35 solution:
5 2|1 2|5 3|4 3|4 4|3 3|5 1|3 1|5 1|4 1|3 2|2 3|5 1|3 3|4 3|3 3|3 3|5 1|3 3|3 2|5 3|5 3|3 2|4 1|fitness = 10.300726582872217|time = 220.62178101194013|true
36 solution:
3 1|5 3|3 2|4 1|3 4|5 3|1 1|3 3|4 3|3 2|5 2|3 3|3 2|1 1|4 3|4 2|5 3|3 2|5 4|4 4|6 2|4 2|5 1|6 1|fitness = 10.178294031257952|time = 210.6509714091488|true
37 solution:
4 2|5 3|2 3|5 2|4 3|3 3|3 1|3 3|3 1|6 1|5 4|1 2|3 2|5 1|4 1|5 2|1 1|4 3|5 4|6 2|3 3|5 2|6 2|3 2|fitness = 10.166160412161092|time = 214.95383830659873|true
38 solution:
5 3|5 2|4 3|3 2|3 0|3 1|5 3|3 3|5 4|4 1|5 1|1 2|5 2|1 3|3 3|5 3|5 3|5 4|1 2|4 4|5 1|4 1|4 3|5 2|fitness = 10.205694526617203|time = 243.51571967757758|true
39 solution:
5 3|1 2|4 2|3 3|5 0|4 3|3 3|3 3|3 2|1 1|3 4|5 3|1 3|3 3|3 2|5 2|1 2|3 3|5 1|3 4|6 2|3 2|5 2|5 1|fitness = 10.3289882266123|time = 221.97071447304592|true
40 solution:
5 2|5 0|3 3|3 2|6 3|3 1|2 2|3 2|3 1|3 1|3 1|6 3|3 3|5 0|4 3|1 2|5 2|5 2|4 3|3 3|1 1|3 3|3 3|5 1|fitness = 10.140025522016673|time = 198.68496698955605|true
41 solution:
5 2|6 2|1 3|5 2|4 0|5 2|5 2|3 3|4 3|3 4|3 2|5 3|1 2|1 4|2 3|6 2|5 3|3 3|3 4|3 2|4 3|3 3|5 2|5 3|fitness = 10.214256496677152|time = 249.32770000386597|true
42 solution:
3 1|1 2|5 3|5 2|5 4|5 2|5 4|3 3|4 1|5 1|1 2|2 3|4 3|3 3|5 2|6 2|1 2|3 2|6 1|1 3|4 3|5 1|3 1|3 1|fitness = 10.250559719383126|time = 209.0927227957136|true
43 solution:
3 2|3 2|4 1|1 1|5 2|3 1|3 1|3 1|5 1|4 4|3 3|5 2|3 2|1 4|5 2|4 3|3 2|5 1|4 1|2 2|2 2|3 3|5 2|3 1|fitness = 10.128028336003457|time = 209.5522869526236|true
44 solution:
3 3|4 2|3 3|5 2|3 3|3 2|4 3|3 2|4 3|6 2|5 1|3 3|5 3|5 2|3 2|6 2|1 3|4 3|4 2|2 2|4 3|5 3|5 2|4 1|fitness = 10.232226637304946|time = 230.1156080580105|true
45 solution:
3 3|3 1|5 1|5 2|1 1|3 2|5 1|5 1|3 2|4 1|4 4|5 2|3 3|4 3|4 3|5 3|4 2|3 2|2 2|3 3|5 2|3 3|4 2|4 4|fitness = 10.21534327043694|time = 186.56982806235897|true
46 solution:
5 3|5 2|4 2|5 4|1 2|3 2|3 1|3 3|5 3|3 1|3 3|3 3|3 0|3 2|4 3|3 1|5 3|4 3|3 4|3 1|4 2|3 2|5 2|4 1|fitness = 10.159635796870932|time = 204.4484027996013|true
47 solution:
1 2|3 2|3 3|3 2|6 2|3 2|3 4|1 1|3 3|6 1|6 2|5 3|4 2|3 4|5 0|4 2|5 2|5 1|5 2|5 2|3 2|3 1|3 1|3 1|fitness = 10.097973896572443|time = 227.87184868586888|true
48 solution:
5 1|3 2|6 2|5 0|3 3|5 3|3 4|5 2|3 2|4 1|3 1|3 1|3 4|1 4|2 3|3 2|5 2|4 3|5 2|3 3|5 1|3 2|5 2|1 1|fitness = 10.1093342651171|time = 248.4057936274462|true
49 solution:
4 1|4 3|1 2|3 1|1 1|3 3|1 2|5 2|3 3|5 3|5 1|2 3|4 1|1 1|5 2|1 2|4 2|3 2|5 3|5 2|4 2|4 3|3 3|4 2|fitness = 10.136028838340652|time = 242.9015990641056|true
50 solution:
5 2|5 2|3 2|5 2|5 3|1 2|3 3|3 3|5 2|6 2|3 2|4 3|3 3|4 4|3 3|1 2|3 3|5 1|3 2|3 2|4 3|5 1|3 3|5 1|fitness = 10.372891255314848|time = 221.4945993102181|true
The final result:
fmax = 10.372891255314848
fmin = 10.011151353069854
fmean = 10.186492039550402
standard std = 0.07631751583371776
-1 solution:
5 2|5 2|3 2|5 2|5 3|1 2|3 3|3 3|5 2|6 2|3 2|4 3|3 3|4 4|3 3|1 2|3 3|5 1|3 2|3 2|4 3|5 1|3 3|5 1|fitness = 10.372891255314848|time = 221.4945993102181|true
