1 solution:
1 2|1 2|1 4|1 1|1 1|1 2|2 3|1 1|1 2|2 1|1 1|1 2|2 3|1 2|1 1|1 3|3 2|2 2|1 1|1 1|1 3|2 3|1 4|1 2|fitness = 10.301843895803845|time = 98.92011400833421|true
2 solution:
1 3|1 2|1 3|2 1|1 1|2 0|1 2|2 1|2 3|1 2|1 3|2 3|1 2|2 1|1 1|1 2|1 2|1 1|1 2|1 1|1 1|1 0|2 2|2 2|fitness = 10.2473808820189|time = 93.7298476454598|true
3 solution:
1 2|1 2|1 2|1 2|1 2|1 1|2 2|1 1|1 2|1 1|1 3|2 1|2 2|1 3|1 1|1 2|1 1|1 1|1 0|2 1|1 3|1 3|1 1|1 0|fitness = 10.294366485332207|time = 90.0579871456585|true
4 solution:
1 2|1 2|1 0|2 1|1 2|1 2|1 2|1 2|1 3|1 2|1 1|1 1|1 3|1 3|1 1|1 2|1 3|1 1|1 3|1 1|1 2|1 1|1 1|1 1|fitness = 10.314227921768579|time = 94.02476340504442|true
5 solution:
1 3|1 3|2 4|1 2|1 2|1 2|2 3|1 1|1 3|1 2|1 3|1 2|1 3|2 1|1 1|2 0|1 3|1 1|1 2|1 3|1 1|1 2|1 2|2 2|fitness = 10.328883623491114|time = 95.15724330532817|true
6 solution:
1 3|1 2|1 2|1 3|3 3|2 2|2 0|2 1|1 2|1 2|1 3|1 2|2 3|3 3|2 3|1 1|3 3|1 1|1 3|1 2|1 2|1 1|1 0|1 1|fitness = 10.35032006873905|time = 95.17287587516338|true
7 solution:
1 2|2 3|1 3|2 1|1 3|2 2|1 3|1 3|1 2|1 1|1 2|1 2|2 3|3 2|1 1|1 2|1 1|1 1|1 0|1 1|1 3|1 1|1 2|1 2|fitness = 10.345123465258776|time = 92.82166415329777|true
8 solution:
1 2|1 2|1 0|1 2|3 3|1 2|1 2|2 1|1 2|1 1|1 2|1 2|1 3|1 1|1 0|2 3|1 1|1 1|1 0|1 1|1 3|1 2|1 0|1 1|fitness = 10.290149378947177|time = 93.83012081772256|true
9 solution:
1 2|1 2|1 2|1 2|1 2|1 3|2 1|1 2|2 3|1 2|1 2|2 3|2 3|2 1|1 2|1 2|3 3|1 1|1 3|2 1|1 1|2 1|1 1|2 1|fitness = 10.405879746084672|time = 95.02035856963012|true
10 solution:
1 3|1 1|2 2|1 1|1 1|1 2|1 0|1 1|1 2|1 2|1 2|1 3|2 3|3 2|1 2|1 1|1 3|1 3|1 1|1 1|1 1|2 3|1 2|1 0|fitness = 10.19560651024331|time = 92.45663966540718|true
11 solution:
1 3|1 2|1 1|2 1|1 3|2 2|2 0|2 1|1 3|1 3|1 2|1 2|2 1|1 1|1 0|1 2|1 2|2 3|1 3|2 1|1 2|2 1|1 1|1 0|fitness = 10.223676639856931|time = 92.51187139185748|true
12 solution:
1 3|1 2|1 3|1 1|1 1|1 3|2 2|2 1|1 2|2 1|1 3|1 2|1 2|2 1|1 2|1 2|2 1|1 3|1 3|3 2|1 3|1 2|1 0|1 0|fitness = 10.332838551046324|time = 98.1552324496027|true
13 solution:
1 2|1 2|1 4|1 1|1 2|1 2|1 3|1 1|1 3|1 2|1 1|1 2|1 3|2 3|1 1|1 2|1 1|1 0|1 2|2 2|2 3|1 2|1 1|1 1|fitness = 10.329985917003984|time = 96.66993137908966|true
14 solution:
1 3|1 2|1 2|1 3|1 1|2 2|1 2|2 1|1 3|1 1|1 3|1 2|1 2|1 2|1 0|1 2|1 1|1 1|1 3|1 1|1 3|1 3|3 2|1 1|fitness = 10.36986723424929|time = 96.77591714126754|true
15 solution:
1 2|1 2|2 1|1 2|1 2|1 2|1 3|2 2|1 3|1 1|1 2|2 1|2 3|2 1|1 1|1 2|1 2|3 2|1 3|2 1|1 3|1 1|1 1|1 1|fitness = 10.409790741641263|time = 97.57743206268862|true
16 solution:
1 2|1 3|1 0|1 2|1 3|1 2|2 0|2 3|1 3|2 1|1 1|1 2|1 2|1 2|1 1|1 4|1 1|1 2|1 3|1 1|1 1|1 2|1 1|1 4|fitness = 10.312750383547801|time = 82.40832664993135|true
17 solution:
1 2|1 3|1 2|1 3|2 2|1 2|1 1|1 2|1 2|1 2|1 2|1 3|1 2|1 3|1 1|1 3|1 1|1 1|1 3|1 1|1 3|1 1|1 1|1 1|fitness = 10.377720048921965|time = 98.73233152342948|true
18 solution:
1 2|1 3|1 1|1 2|1 2|1 2|2 2|2 3|1 2|2 3|1 2|1 2|2 1|2 1|1 1|1 2|1 3|1 1|1 3|2 0|2 3|1 2|1 1|1 1|fitness = 10.3880638900773|time = 97.84601737892864|true
19 solution:
1 2|1 2|2 2|2 2|2 1|1 1|1 2|1 1|1 3|1 1|1 2|1 2|1 2|2 1|1 0|2 2|1 1|1 1|1 0|1 3|1 2|1 3|1 3|1 1|fitness = 10.273085990234904|time = 95.10059792526224|true
20 solution:
1 2|2 2|1 2|1 1|1 1|2 0|1 2|1 1|1 3|1 2|1 2|1 2|1 2|3 2|1 1|1 1|1 1|1 2|1 3|1 1|1 3|1 3|1 1|1 0|fitness = 10.318336430556917|time = 96.90640185111357|true
21 solution:
1 2|2 3|1 2|1 1|3 3|2 3|1 3|2 1|1 3|1 2|1 3|1 2|1 2|2 2|1 3|1 1|1 1|1 2|1 2|1 1|1 1|1 2|2 1|2 1|fitness = 10.410921966582812|time = 97.81054381578512|true
22 solution:
1 2|1 3|1 2|1 2|2 1|2 1|1 2|2 1|1 3|2 1|1 2|2 3|1 2|3 3|1 1|2 1|1 3|1 1|1 3|1 2|1 2|1 2|2 3|1 1|fitness = 10.437947571103585|time = 93.77696752972498|true
23 solution:
1 2|1 3|1 0|1 2|1 3|2 2|1 0|1 1|1 3|1 2|1 2|2 1|1 3|1 2|1 1|1 2|1 3|1 1|1 3|1 1|1 2|1 2|1 0|1 3|fitness = 10.267634154533917|time = 95.95705075388226|true
24 solution:
2 1|1 2|1 2|1 3|3 2|1 2|2 1|2 1|1 3|2 1|2 2|1 2|1 2|2 1|1 3|1 3|1 1|1 1|1 3|1 1|1 3|1 2|1 1|1 1|fitness = 10.432139255949764|time = 96.41231943259363|true
25 solution:
1 1|1 2|1 2|1 2|1 3|1 2|1 0|2 1|1 2|2 1|1 2|1 2|1 1|2 1|1 0|1 2|1 1|1 1|1 4|1 1|1 1|1 3|1 1|1 4|fitness = 10.285155166633427|time = 98.61823076169414|true
26 solution:
1 2|1 2|1 2|1 2|1 2|2 3|2 2|1 1|1 2|1 2|1 1|1 2|3 2|1 3|1 1|1 1|2 1|1 1|1 3|3 4|2 3|2 3|1 1|1 1|fitness = 10.322536230391014|time = 95.05191234709508|true
27 solution:
2 3|1 2|2 3|2 2|1 2|1 3|2 3|1 3|1 2|2 1|1 3|1 3|2 2|2 1|1 2|1 2|3 3|1 1|1 1|1 1|1 1|1 2|1 4|1 0|fitness = 10.285454600418978|time = 90.36089753457203|true
28 solution:
1 2|1 2|2 0|1 2|2 3|2 2|2 1|2 1|1 2|1 1|1 3|2 2|2 3|2 1|2 3|1 2|1 1|2 1|1 0|2 1|1 1|1 2|2 2|2 1|fitness = 10.319274843172234|time = 98.97743203071468|true
29 solution:
1 2|1 2|2 3|1 3|1 3|2 3|1 0|3 2|1 2|2 1|1 2|1 1|1 3|2 2|1 1|1 2|1 2|1 1|1 1|2 1|1 2|1 1|1 3|2 3|fitness = 10.341417007924004|time = 98.80837856431349|true
30 solution:
1 2|2 2|1 1|2 2|1 1|2 1|1 2|2 1|1 3|2 3|2 3|2 1|1 3|1 2|1 3|2 2|1 2|2 1|1 3|2 1|2 2|2 3|2 3|2 1|fitness = 10.274858150371454|time = 93.73945586539186|true
The final result:
fmax = 10.437947571103585
fmin = 10.19560651024331
fmean = 10.326241225063518
standard std = 0.05965814718769262
-1 solution:
1 2|1 3|1 2|1 2|2 1|2 1|1 2|2 1|1 3|2 1|1 2|2 3|1 2|3 3|1 1|2 1|1 3|1 1|1 3|1 2|1 2|1 2|2 3|1 1|fitness = 10.437947571103585|time = 93.77696752972498|true
