1 solution:
3 2|3 2|5 3|3 2|3 3|3 2|5 3|3 3|3 2|3 3|3 2|3 3|3 3|3 3|3 3|1 2|3 3|3 1|3 2|3 3|3 3|3 2|3 3|3 2|fitness = 10.390009753063161|time = 173.5596641442979|true
2 solution:
3 2|6 2|5 2|3 2|5 2|3 3|5 1|3 3|5 2|5 3|3 1|1 3|3 3|3 3|3 3|5 2|5 3|3 3|3 1|3 3|5 2|3 2|5 2|5 1|fitness = 10.564799877860052|time = 249.03096942508023|true
3 solution:
5 2|1 2|3 3|3 2|5 3|3 2|5 1|5 4|3 1|4 3|5 2|3 3|4 1|5 3|3 3|1 2|3 2|1 2|3 3|1 2|5 2|3 1|3 3|1 1|fitness = 10.43213760996533|time = 189.09006861663363|true
4 solution:
5 2|5 2|4 2|5 4|3 2|3 3|5 3|3 3|3 1|5 1|3 2|3 3|4 1|3 3|3 2|3 3|3 4|3 2|3 3|2 2|1 1|3 2|3 3|3 2|fitness = 10.350457131235135|time = 209.46375117353767|true
5 solution:
3 3|1 2|4 2|3 4|4 3|3 2|3 1|5 1|3 2|5 3|5 1|1 3|4 1|1 3|2 2|3 3|3 3|3 3|1 1|3 3|1 1|5 3|3 3|5 1|fitness = 10.30726788976775|time = 185.95382794925493|true
6 solution:
5 2|5 2|5 3|3 2|4 4|3 2|5 3|5 2|3 3|4 3|3 3|5 2|3 3|5 3|3 3|3 3|4 4|5 1|3 2|1 2|5 3|4 2|3 2|5 1|fitness = 10.362684870685236|time = 237.93010010171974|true
7 solution:
5 2|4 2|4 3|3 3|1 1|3 1|1 2|3 3|3 2|4 3|3 3|5 2|5 2|3 3|3 2|3 2|3 3|3 2|3 1|3 2|2 3|3 3|1 1|3 1|fitness = 10.2899870517504|time = 175.3140079308797|true
8 solution:
3 3|1 2|5 2|1 2|5 3|3 3|5 3|3 1|5 1|4 3|5 2|5 3|1 1|3 3|3 3|5 2|5 2|3 3|1 2|2 2|3 3|3 2|3 2|5 3|fitness = 10.42014027724659|time = 242.04945158825825|true
9 solution:
3 2|3 3|5 3|3 4|1 2|3 3|5 1|1 2|5 2|6 2|5 1|5 3|3 3|3 3|4 2|3 3|5 2|3 2|3 1|5 3|3 3|3 2|5 3|5 1|fitness = 10.439319177499318|time = 230.29755126683966|true
10 solution:
3 2|3 3|3 2|3 2|3 2|3 3|5 2|3 3|3 3|5 1|3 2|5 2|3 2|3 3|3 2|5 2|3 3|3 3|3 3|3 3|3 3|3 2|1 2|3 2|fitness = 10.412142836049334|time = 220.84464047570896|true
11 solution:
3 2|3 3|3 1|3 2|3 2|3 3|5 3|5 2|3 3|1 2|3 3|5 3|3 3|3 3|3 2|1 2|3 3|3 2|3 3|3 2|1 2|5 2|5 2|5 1|fitness = 10.449177486511616|time = 186.99157862370112|true
12 solution:
3 2|3 3|3 1|3 3|4 4|3 3|2 2|3 3|4 1|4 2|3 1|5 2|3 2|3 2|3 3|5 2|3 3|3 1|4 2|3 3|5 3|3 1|3 3|5 2|fitness = 10.296422972991904|time = 154.70629308583705|true
13 solution:
5 2|4 2|3 2|3 3|3 3|3 2|4 2|3 3|3 3|4 3|3 1|5 2|4 1|3 2|3 2|3 2|3 2|3 3|3 3|4 2|3 2|3 3|3 3|2 2|fitness = 10.180996574153571|time = 189.39780314026314|true
14 solution:
3 1|2 2|1 2|3 1|4 2|4 2|1 2|3 3|4 2|3 1|3 2|3 3|5 4|3 1|5 1|3 3|3 3|3 3|3 3|3 3|1 2|3 2|5 3|5 1|fitness = 10.285728395510924|time = 118.77255147554274|true
15 solution:
3 3|3 3|5 1|2 2|1 2|3 2|1 2|3 3|5 2|5 3|5 1|5 2|4 1|3 2|3 3|5 2|3 2|5 3|3 3|3 2|5 2|3 3|4 2|1 1|fitness = 10.371767312880143|time = 248.84742520766108|true
16 solution:
3 1|5 2|5 2|3 1|5 3|3 2|4 3|5 3|5 2|3 3|1 1|1 2|1 1|1 3|1 2|3 2|3 3|1 2|3 2|3 2|5 2|5 2|5 2|5 4|fitness = 10.448793931456047|time = 242.70967295195265|true
17 solution:
3 3|1 2|3 3|3 1|5 2|1 2|5 3|3 3|5 2|5 1|3 1|4 3|5 1|1 1|4 2|3 2|3 3|3 2|3 2|3 3|4 3|5 2|5 2|3 3|fitness = 10.393802747514197|time = 201.40245652844698|true
18 solution:
3 2|5 2|4 2|3 3|3 1|3 2|5 1|5 2|5 2|5 2|3 3|1 3|3 3|3 1|3 1|5 2|3 2|3 3|3 2|3 3|5 3|3 1|3 3|5 1|fitness = 10.427126346067306|time = 218.76971929711772|true
19 solution:
3 3|1 2|5 2|3 2|3 3|3 3|5 1|3 3|3 2|4 3|3 3|3 3|3 2|3 2|3 2|3 2|3 3|3 2|3 3|3 2|5 3|3 2|3 2|3 1|fitness = 10.394519752817338|time = 163.83035005400677|true
20 solution:
3 1|3 2|5 2|3 2|5 3|3 3|5 3|1 2|3 2|3 3|3 2|5 2|5 1|3 2|4 3|1 2|3 3|3 2|3 2|3 2|5 3|3 1|3 3|5 2|fitness = 10.425920792223508|time = 225.3073597457573|true
21 solution:
3 3|3 3|5 2|4 1|3 1|5 3|5 4|3 3|3 2|5 3|3 1|1 2|3 3|3 3|5 2|5 2|3 2|5 1|4 1|3 2|5 2|5 1|3 3|5 1|fitness = 10.43719003296687|time = 235.21764991861195|true
22 solution:
3 1|5 2|1 2|5 2|3 2|3 3|3 3|3 3|3 2|3 3|3 2|5 3|5 2|5 2|4 2|3 3|3 3|5 1|3 1|5 3|5 2|4 2|3 3|5 4|fitness = 10.377630937589956|time = 236.794928557653|true
23 solution:
3 3|5 2|3 3|3 2|3 3|3 2|5 2|3 3|4 4|4 3|3 3|1 3|5 4|3 3|3 2|3 3|5 2|3 3|3 3|3 1|3 3|3 2|5 3|3 2|fitness = 10.382671878183928|time = 179.2705853316511|true
24 solution:
5 2|3 3|5 2|3 3|4 1|3 3|4 3|3 2|3 3|5 1|5 4|3 3|3 2|5 4|3 3|3 3|5 2|3 3|5 1|3 3|5 1|3 3|4 3|5 1|fitness = 10.373349728830133|time = 223.02126996917468|true
25 solution:
3 2|5 2|1 2|3 1|5 3|3 2|5 1|1 4|3 1|1 2|3 1|3 3|5 1|1 2|3 3|3 3|5 2|3 2|1 2|5 2|1 2|2 2|5 1|1 1|fitness = 10.430622048093534|time = 249.66135036885467|true
26 solution:
5 3|3 3|5 2|3 3|5 3|1 2|5 3|3 3|3 2|3 2|3 2|3 3|3 2|3 3|3 3|3 2|3 3|5 2|3 2|3 3|5 3|3 2|5 2|5 4|fitness = 10.395840451997186|time = 222.22018895154437|true
27 solution:
3 2|3 3|5 2|3 2|3 4|3 3|3 3|5 4|4 2|5 3|3 2|3 3|1 1|3 2|3 2|5 2|5 2|3 1|3 2|5 2|5 2|3 3|3 3|3 2|fitness = 10.41005058266807|time = 244.12771584194263|true
28 solution:
3 3|5 2|3 2|3 2|2 2|3 2|5 1|3 3|3 3|5 3|3 2|5 2|5 1|3 3|3 3|3 3|3 3|3 3|3 1|3 3|5 3|5 3|3 3|3 3|fitness = 10.41034323251952|time = 196.65357869516566|true
29 solution:
3 2|3 3|5 2|3 2|3 3|3 3|4 3|3 3|5 2|3 2|5 3|3 3|3 2|5 3|5 2|3 3|5 3|3 3|3 1|3 3|1 2|3 1|1 2|5 2|fitness = 10.390196825838393|time = 243.92176276394193|true
30 solution:
5 2|5 2|3 1|3 1|5 2|3 3|5 1|3 3|3 3|3 2|3 2|3 3|1 2|3 3|5 3|5 3|5 2|3 2|3 1|3 3|1 2|3 2|3 3|3 3|fitness = 10.433649411732665|time = 249.1803635255422|true
31 solution:
5 2|6 2|3 2|3 3|4 3|3 3|1 2|5 3|5 2|4 3|3 4|5 2|3 3|3 3|3 2|6 2|3 3|3 3|4 2|5 2|5 3|3 2|5 3|5 1|fitness = 10.422822572183616|time = 226.5001661989007|true
32 solution:
3 3|3 3|5 2|3 3|3 3|3 3|4 3|3 3|5 1|5 2|3 3|3 3|5 4|5 2|4 3|3 3|3 3|5 2|3 2|3 4|1 2|3 3|4 3|4 4|fitness = 10.378802534135245|time = 184.16058584181658|true
33 solution:
3 2|5 3|3 2|4 3|3 3|3 3|4 2|3 3|6 2|4 3|3 2|4 3|3 3|3 3|1 3|5 2|5 2|3 2|3 4|5 3|4 3|3 2|5 2|5 1|fitness = 10.324054329213263|time = 235.44595566113196|true
34 solution:
3 2|3 2|1 2|3 1|5 2|3 2|5 3|1 2|3 2|5 1|3 3|3 2|3 2|3 3|3 2|5 3|3 3|5 2|3 3|3 3|5 1|5 2|3 3|5 1|fitness = 10.41245283122234|time = 244.71469845944023|true
35 solution:
5 3|5 2|5 2|3 2|5 1|3 3|5 2|3 3|1 1|4 3|5 1|5 3|3 1|5 3|3 3|3 2|3 1|3 3|3 2|3 2|5 2|3 2|1 2|3 2|fitness = 10.437979147520423|time = 249.07299722433606|true
36 solution:
3 3|3 3|5 3|3 1|3 3|3 2|5 1|3 3|3 3|4 3|3 3|5 2|3 1|3 3|4 2|5 2|5 3|5 2|3 2|3 4|5 3|3 2|5 2|6 1|fitness = 10.483973368356649|time = 203.08896462556777|true
37 solution:
3 3|5 2|5 2|3 2|5 4|3 3|3 3|5 2|3 2|1 2|3 2|1 2|3 3|1 1|3 3|1 2|1 2|1 2|5 1|3 2|3 3|3 2|1 1|3 1|fitness = 10.464663245170467|time = 232.14912280765697|true
38 solution:
5 2|5 2|1 2|5 1|3 1|3 3|3 3|3 3|3 2|5 3|2 2|5 3|3 2|1 2|3 3|1 2|3 3|5 1|3 1|3 3|3 3|3 2|5 3|5 1|fitness = 10.470769532585152|time = 245.27027028525646|true
39 solution:
3 3|3 2|5 2|4 2|4 3|3 3|5 3|5 2|3 2|4 3|3 3|5 2|3 3|3 2|5 3|5 2|4 3|3 2|4 3|2 2|5 2|3 2|3 3|5 1|fitness = 10.37105987745058|time = 229.6567997631354|true
40 solution:
5 3|1 2|4 2|3 3|3 3|3 2|5 2|3 2|3 3|5 3|3 2|4 2|1 2|4 3|1 3|5 3|3 3|3 2|3 2|4 1|1 1|3 2|5 2|1 1|fitness = 10.259055432321807|time = 185.46363754960925|true
41 solution:
3 3|5 2|3 3|3 4|5 4|3 3|5 2|3 3|5 3|3 1|3 3|3 3|5 1|1 2|5 2|5 3|4 2|3 3|3 3|3 3|5 3|3 1|3 1|5 2|fitness = 10.394074276486293|time = 209.15240029975794|true
42 solution:
3 3|5 2|3 3|3 3|1 1|3 3|5 1|3 3|3 2|5 2|5 1|3 3|3 2|3 3|3 2|3 2|3 3|3 2|3 3|3 3|1 2|3 1|5 2|5 4|fitness = 10.470489585550757|time = 190.9911872854838|true
43 solution:
3 2|5 2|6 2|3 2|5 4|3 3|5 3|3 3|3 2|5 2|3 2|1 3|3 3|3 3|3 2|6 2|3 3|3 3|3 1|3 3|5 2|3 2|3 2|3 2|fitness = 10.448118061993897|time = 222.6519654901212|true
44 solution:
3 2|4 2|5 2|3 3|3 3|5 3|3 3|3 3|3 1|4 2|5 1|5 3|3 1|3 2|3 2|5 3|5 1|3 2|4 4|5 2|3 3|3 3|5 2|3 1|fitness = 10.318868066120707|time = 239.55689448135956|true
45 solution:
3 2|5 2|3 3|2 2|3 3|3 3|5 1|1 2|4 3|5 2|3 3|3 2|5 4|1 4|4 2|3 3|3 3|3 2|5 4|5 2|5 3|3 2|3 3|5 1|fitness = 10.400062170006928|time = 242.99910026072888|true
46 solution:
3 3|5 2|5 2|3 1|3 3|3 3|5 3|5 2|3 2|5 2|3 3|5 3|3 3|4 3|4 3|5 2|3 3|3 2|3 2|3 2|3 3|5 2|5 2|3 1|fitness = 10.484715016561823|time = 244.99289024577175|true
47 solution:
3 2|5 2|1 2|3 1|3 2|3 4|4 3|5 4|3 1|6 2|3 2|5 3|3 1|5 3|3 3|1 2|1 3|3 3|4 3|3 3|4 3|3 1|5 2|1 1|fitness = 10.399295789955964|time = 185.64658251037068|true
48 solution:
3 2|5 2|4 2|5 2|4 3|3 3|5 1|3 2|3 3|5 2|2 3|5 2|3 3|5 3|4 2|6 2|3 3|3 3|3 1|5 3|5 3|3 3|4 3|1 1|fitness = 10.355945481974418|time = 243.68176766174412|true
49 solution:
3 3|1 2|5 2|3 1|3 1|3 3|3 1|3 3|3 2|5 2|3 3|1 2|4 3|5 2|5 3|5 2|3 3|1 2|3 2|3 3|1 2|3 2|3 3|3 1|fitness = 10.451376789353862|time = 239.1467865943614|true
50 solution:
5 2|1 2|3 2|4 2|1 2|3 3|5 2|3 3|3 2|1 2|3 2|1 2|3 2|5 3|3 2|5 2|3 3|3 3|3 3|4 2|3 3|3 1|3 3|1 1|fitness = 10.450796485733125|time = 215.10134305595082|true
The final result:
fmax = 10.564799877860052
fmin = 10.180996574153571
fmean = 10.39768245023133
standard std = 0.06582238118655323
-1 solution:
3 2|6 2|5 2|3 2|5 2|3 3|5 1|3 3|5 2|5 3|3 1|1 3|3 3|3 3|3 3|5 2|5 3|3 3|3 1|3 3|5 2|3 2|5 2|5 1|fitness = 10.564799877860052|time = 249.03096942508023|true
