1 solution:
1 2|1 2|1 2|1 2|2 1|2 3|2 3|2 1|1 2|1 2|1 2|1 2|1 2|1 2|1 1|1 2|1 1|2 1|1 3|2 1|1 1|1 1|1 1|2 3|fitness = 10.510853003019339|time = 104.5804457098368|true
2 solution:
1 2|1 2|1 2|1 2|3 3|1 2|2 3|2 1|1 3|2 2|2 2|2 2|2 3|1 2|1 1|1 2|1 1|2 1|2 3|1 1|1 1|2 3|2 3|1 1|fitness = 10.434977053821315|time = 91.45019502682142|true
3 solution:
2 3|2 3|2 3|1 2|1 2|1 2|1 2|1 2|1 2|1 2|1 3|1 2|1 2|2 1|1 1|1 2|1 1|1 1|1 3|2 1|1 2|1 3|2 1|1 1|fitness = 10.467591609112802|time = 115.11710226257279|true
4 solution:
1 2|1 2|1 2|2 1|1 2|1 2|1 2|2 3|2 3|1 2|2 3|1 2|1 2|2 1|1 1|1 2|1 3|2 3|2 3|2 1|1 1|2 3|1 1|2 3|fitness = 10.424157840381824|time = 103.5014567733297|true
5 solution:
1 3|2 3|1 1|2 1|1 2|1 2|1 3|1 2|1 2|2 1|1 2|1 2|1 2|1 2|1 3|1 2|1 1|1 1|1 1|2 1|1 1|1 2|2 1|2 1|fitness = 10.396100085150824|time = 118.55489863132094|true
6 solution:
1 2|1 2|1 2|2 1|2 2|2 2|2 3|2 1|1 3|2 1|1 2|1 2|2 1|3 2|2 2|1 2|3 3|1 1|2 3|2 1|1 3|1 1|2 1|1 1|fitness = 10.436293825838298|time = 103.73176219444737|true
7 solution:
1 2|1 2|2 1|1 2|1 2|2 2|1 2|2 1|1 2|2 1|1 2|2 1|2 3|2 1|2 3|2 3|1 1|1 1|1 3|1 1|1 3|1 2|1 1|1 1|fitness = 10.457941675598661|time = 102.09991918640408|true
8 solution:
1 2|1 3|1 2|1 2|3 3|1 2|2 3|2 3|1 3|2 2|1 2|2 3|2 2|2 1|2 1|2 3|2 1|1 2|2 3|2 1|2 3|1 2|1 1|2 3|fitness = 10.411724501748564|time = 119.91917702325696|true
9 solution:
1 2|1 3|1 2|2 2|2 1|1 2|1 2|2 1|1 2|2 1|2 3|1 2|1 2|2 1|2 1|1 2|1 2|1 2|1 3|2 1|2 3|2 3|2 3|2 3|fitness = 10.466162631286435|time = 105.36002528621654|true
10 solution:
1 2|1 2|2 3|1 2|3 3|1 2|1 2|2 1|1 2|1 2|1 2|2 3|1 2|2 1|2 3|1 2|1 1|1 1|1 3|2 1|2 1|2 3|2 1|1 1|fitness = 10.518506025416965|time = 95.12835681551766|true
11 solution:
1 2|1 2|1 3|2 2|2 1|2 3|1 2|2 1|2 3|2 2|2 2|1 2|1 2|3 2|1 1|1 2|1 1|2 3|1 3|1 2|1 2|2 3|1 1|2 3|fitness = 10.451977615250726|time = 109.45351569758958|true
12 solution:
1 3|1 2|1 2|1 1|1 3|1 2|1 2|2 1|1 3|2 2|1 2|1 2|2 2|1 3|1 1|2 1|1 1|1 1|1 2|2 1|2 3|1 1|1 3|1 2|fitness = 10.42936727673838|time = 119.11159471559101|true
13 solution:
1 2|2 3|1 2|1 2|3 3|2 3|2 3|2 3|1 2|2 1|1 2|2 2|2 3|2 1|1 1|1 1|1 3|1 1|1 2|2 1|1 1|2 3|2 1|1 1|fitness = 10.481244241938768|time = 96.6472365302373|true
14 solution:
1 2|1 2|1 1|1 2|1 1|2 3|1 1|1 2|1 3|1 2|1 2|1 2|1 2|2 1|1 0|2 3|2 3|1 1|1 2|1 1|1 1|1 2|1 1|1 2|fitness = 10.368649572660898|time = 115.22701332745162|true
15 solution:
1 2|1 2|2 3|1 2|2 1|1 2|1 2|2 1|1 2|2 1|2 1|1 2|1 2|2 1|1 1|2 3|1 3|1 2|1 3|2 2|1 1|1 2|2 3|1 1|fitness = 10.489627182421401|time = 114.70391343341001|true
16 solution:
1 2|1 3|1 2|1 2|2 1|2 2|1 2|2 1|2 3|1 2|1 2|1 2|2 2|1 3|1 1|1 2|1 1|1 1|1 2|2 1|1 3|1 2|1 1|2 3|fitness = 10.48544090294878|time = 116.77863627628442|true
17 solution:
1 2|2 3|2 3|1 2|1 1|1 2|1 2|2 1|1 2|2 1|2 3|1 2|2 3|3 2|1 1|1 2|1 2|1 1|1 3|2 1|2 3|1 1|1 3|2 2|fitness = 10.479274778255094|time = 98.78099998190234|true
18 solution:
1 2|2 2|1 2|1 2|2 2|2 3|2 2|2 1|1 2|2 1|2 2|1 2|2 1|2 1|2 2|2 2|1 1|1 1|1 1|3 2|1 1|1 1|1 1|1 3|fitness = 10.37752437800061|time = 116.03807480676332|true
19 solution:
1 2|2 2|2 2|1 2|1 2|1 3|1 2|2 2|1 3|2 2|1 2|2 2|1 2|2 1|1 1|2 3|1 1|1 1|1 1|1 2|1 3|1 3|1 1|1 1|fitness = 10.404920111204193|time = 113.35728161604054|true
20 solution:
1 2|1 2|1 1|1 2|1 3|2 3|2 3|2 1|2 3|2 3|1 2|1 2|2 3|2 1|1 1|1 2|1 2|1 3|2 2|2 1|1 2|1 2|2 1|1 2|fitness = 10.435344734051215|time = 111.91479779388854|true
21 solution:
1 2|1 2|2 3|1 2|3 3|1 1|1 2|2 1|2 3|2 1|1 2|1 2|2 2|2 1|1 2|1 2|1 3|2 1|1 2|2 1|1 2|2 3|1 1|1 1|fitness = 10.46518612973223|time = 110.01186551961538|true
22 solution:
1 2|2 2|2 3|1 2|3 2|1 2|2 3|2 3|1 2|2 3|1 2|2 1|2 3|2 1|1 1|1 2|1 1|1 1|1 2|1 1|1 3|1 2|1 1|1 1|fitness = 10.47144463520879|time = 109.29993373941622|true
23 solution:
1 2|1 2|1 2|1 2|2 3|2 3|1 2|2 1|1 2|1 2|1 1|1 2|2 2|2 1|1 1|2 2|1 1|1 1|2 3|2 1|1 2|1 1|1 1|2 3|fitness = 10.468425628145337|time = 104.68724932433135|true
24 solution:
1 2|1 2|1 2|1 2|1 3|2 3|1 2|2 1|1 2|1 2|2 3|1 2|2 1|2 1|1 1|1 2|1 2|1 2|1 1|2 1|1 1|1 2|2 3|2 1|fitness = 10.461031210547398|time = 110.3341924400813|true
25 solution:
1 2|2 3|1 2|2 1|2 1|2 1|2 1|1 2|2 3|1 2|2 2|2 3|1 2|2 1|2 1|1 3|1 2|1 1|1 3|1 2|2 2|1 1|1 2|2 1|fitness = 10.305836251230568|time = 107.88100415383391|true
26 solution:
1 2|1 2|1 2|1 2|1 2|1 2|1 1|2 1|1 1|2 2|1 3|2 1|1 2|1 2|1 2|1 2|1 3|2 1|1 3|2 1|1 1|1 1|1 3|1 1|fitness = 10.385309307101837|time = 110.36243051844717|true
27 solution:
1 2|1 2|1 1|1 1|2 1|1 2|1 2|2 1|1 2|2 1|1 2|1 2|1 3|3 2|1 3|2 1|1 3|1 1|1 3|1 1|1 1|1 2|2 3|1 1|fitness = 10.468003386703947|time = 103.31690282102967|true
28 solution:
1 2|1 2|1 1|2 1|2 2|2 2|1 2|2 1|1 2|2 1|2 3|1 2|2 3|2 1|1 2|1 2|1 1|1 2|1 3|2 1|1 1|1 1|1 2|1 1|fitness = 10.466474095217308|time = 113.20309634260472|true
29 solution:
2 2|1 2|2 2|2 2|3 3|2 3|2 1|2 1|1 2|2 2|2 2|1 2|2 2|2 1|2 3|2 3|3 2|2 3|2 1|2 3|2 3|2 3|2 1|2 3|fitness = 10.275312650428589|time = 105.9859042306031|true
30 solution:
1 2|1 3|1 3|2 3|3 3|2 1|1 2|2 2|1 2|1 3|1 2|2 1|2 3|2 1|2 1|3 2|1 1|1 1|1 3|1 1|1 2|1 2|1 1|1 1|fitness = 10.412178768990247|time = 99.52745185106592|true
The final result:
fmax = 10.518506025416965
fmin = 10.275312650428589
fmean = 10.436896036938379
standard std = 0.05483463200216808
runtime = 0–° ±,0∑÷,14√Î,900∫¡√Î
-1 solution:
1 2|1 2|2 3|1 2|3 3|1 2|1 2|2 1|1 2|1 2|1 2|2 3|1 2|2 1|2 3|1 2|1 1|1 1|1 3|2 1|2 1|2 3|2 1|1 1|fitness = 10.518506025416965|time = 95.12835681551766|true
