1 solution:
1 2|1 2|2 3|2 3|1 2|2 3|1 2|2 1|1 2|1 2|2 2|2 3|1 2|3 2|2 3|1 2|1 1|1 1|2 3|2 1|1 1|1 2|1 1|2 1|fitness = 10.49153916128934|time = 113.72157886087419|true
2 solution:
1 2|1 2|2 3|1 1|2 1|2 2|1 2|2 1|1 2|1 2|1 2|1 2|2 3|2 1|1 1|2 1|1 1|1 1|1 3|2 1|1 2|1 3|1 1|1 1|fitness = 10.5188249302061|time = 114.01228084306804|true
3 solution:
1 2|1 2|1 2|1 2|1 2|2 3|1 2|2 1|1 2|1 2|1 3|1 2|2 1|2 1|1 1|1 2|1 1|1 1|1 3|1 1|2 1|1 1|1 2|1 2|fitness = 10.460842538565638|time = 111.36400715824513|true
4 solution:
2 3|1 2|1 2|1 2|3 3|1 2|2 2|2 1|1 3|2 3|1 2|1 2|1 2|2 1|1 1|2 3|1 3|1 1|1 3|2 2|1 3|1 2|1 1|1 1|fitness = 10.52310420135099|time = 108.66080488792666|true
5 solution:
1 2|1 2|1 1|1 2|2 1|1 2|1 2|2 1|1 3|2 2|1 2|1 2|1 2|2 1|2 3|1 2|1 3|1 1|1 2|2 2|2 3|1 1|1 2|2 1|fitness = 10.461305955251948|time = 118.51140888178598|true
6 solution:
1 2|1 2|1 2|1 2|1 2|2 1|1 2|2 1|1 2|1 2|1 2|1 2|2 3|2 1|1 1|1 1|1 2|1 1|1 3|1 2|1 3|1 1|1 2|2 1|fitness = 10.452663896673242|time = 117.61835263066776|true
7 solution:
1 2|1 2|1 2|1 1|3 3|1 2|1 2|2 1|1 3|1 2|1 2|2 3|2 3|3 2|1 1|1 2|1 3|1 1|1 3|2 1|1 2|1 3|1 2|2 1|fitness = 10.560385424890997|time = 111.1253261317459|true
8 solution:
1 2|1 2|2 3|2 3|2 1|1 2|1 3|2 1|1 2|1 2|1 2|1 2|2 3|1 2|1 1|2 3|1 3|1 1|2 3|2 1|2 1|1 2|1 1|1 1|fitness = 10.463084382232667|time = 98.65348174735377|true
9 solution:
1 2|1 3|1 1|1 1|1 2|1 2|2 3|2 1|1 3|2 1|2 2|2 2|1 2|3 2|1 1|2 2|1 1|1 1|1 2|2 1|1 2|1 3|1 1|1 1|fitness = 10.486123612918528|time = 107.5978658862105|true
10 solution:
2 3|1 2|2 2|1 2|2 2|2 3|2 3|2 1|1 3|2 1|1 1|1 2|1 2|3 2|2 1|1 2|1 2|1 1|1 3|2 3|1 2|2 1|1 1|1 1|fitness = 10.439540683115808|time = 103.76713113132152|true
11 solution:
1 2|1 2|1 2|2 2|2 1|2 3|1 1|2 2|1 2|1 2|1 2|1 2|2 2|2 1|1 1|2 3|1 1|1 1|1 3|1 1|2 3|2 1|1 2|2 1|fitness = 10.428008428212342|time = 107.41520534266058|true
12 solution:
1 2|2 3|1 1|1 2|2 1|1 2|1 2|2 1|1 2|2 2|1 2|1 2|1 2|2 1|1 1|1 2|2 1|2 1|1 3|2 1|1 2|1 3|1 2|1 1|fitness = 10.46857855670628|time = 115.86122152477812|true
13 solution:
1 2|2 1|2 1|1 2|2 1|1 2|2 1|2 1|2 3|2 2|2 1|1 2|1 2|2 1|2 1|2 1|1 1|1 2|1 2|2 2|1 2|1 2|1 1|2 3|fitness = 10.348287959574115|time = 119.72521856877974|true
14 solution:
1 2|1 2|2 2|1 2|2 1|1 2|1 2|2 1|2 2|2 3|2 3|2 2|2 3|2 1|2 1|1 2|1 1|1 1|1 2|2 1|1 1|1 3|2 1|2 3|fitness = 10.4541930782632|time = 103.36465144182107|true
15 solution:
1 2|1 2|1 2|1 3|1 1|1 2|2 2|2 3|1 3|1 2|1 2|1 2|2 3|2 1|1 3|1 2|1 1|1 2|1 3|2 1|1 1|1 2|2 3|2 1|fitness = 10.448956278348062|time = 108.76560986359131|true
16 solution:
2 1|1 2|2 3|1 2|2 1|2 3|1 2|2 1|1 2|1 2|2 1|1 2|2 3|2 1|2 2|2 3|1 3|1 0|1 3|2 1|2 3|1 2|2 3|1 1|fitness = 10.350770791528305|time = 97.32533454596204|true
17 solution:
2 3|2 2|1 2|1 2|2 1|2 3|1 2|2 1|2 2|2 2|1 1|2 2|1 2|2 1|2 3|1 2|1 3|1 2|2 3|2 1|1 1|2 2|1 1|2 3|fitness = 10.369845465037297|time = 111.05421118770279|true
18 solution:
2 1|1 1|2 3|1 2|2 1|1 2|2 3|2 1|1 2|2 2|1 2|2 3|2 3|2 3|1 1|2 3|2 3|1 1|3 3|2 1|1 1|1 2|1 2|1 1|fitness = 10.323208701468305|time = 102.28755758834863|true
19 solution:
1 2|1 2|1 2|1 2|1 1|1 2|1 2|2 1|1 3|2 2|1 3|2 2|1 2|1 2|1 1|2 2|1 3|1 1|1 3|2 1|2 3|2 3|2 3|1 1|fitness = 10.457489810669705|time = 103.44679925268801|true
20 solution:
1 2|2 3|2 1|2 3|2 3|2 3|2 3|2 1|1 3|2 1|1 2|1 2|1 2|2 2|2 3|1 2|1 1|1 2|1 3|2 1|3 2|1 2|1 1|1 1|fitness = 10.438169702926126|time = 97.59847639414535|true
21 solution:
1 2|2 1|1 2|2 1|1 2|1 2|2 3|2 1|1 2|2 1|2 2|1 2|2 2|2 1|2 1|2 3|1 1|1 3|1 1|2 2|1 3|1 2|1 1|1 1|fitness = 10.390325356293529|time = 110.8731254267791|true
22 solution:
2 2|1 2|1 3|2 1|2 1|1 2|1 2|1 2|1 3|1 2|1 2|1 2|2 3|1 2|1 2|1 3|1 1|1 1|1 1|2 1|1 1|1 3|1 1|1 2|fitness = 10.425117910982262|time = 117.74469393527575|true
23 solution:
1 2|2 3|1 2|2 3|1 3|2 3|1 2|2 1|2 3|1 2|1 3|2 3|2 3|2 2|1 1|1 2|1 1|1 1|1 3|1 2|1 2|1 2|1 1|1 2|fitness = 10.440261995292355|time = 106.59313475300695|true
24 solution:
2 3|1 2|1 2|2 3|1 2|2 3|2 3|2 1|1 2|2 3|1 3|2 3|1 2|3 2|1 1|1 2|1 1|1 3|1 3|2 1|2 3|1 2|2 2|2 1|fitness = 10.476806098916226|time = 106.66410052255763|true
25 solution:
1 2|1 2|1 2|1 1|2 1|1 2|1 3|1 2|1 2|2 3|1 2|1 2|1 2|1 2|1 1|2 3|2 1|1 1|1 1|2 1|1 3|1 3|1 1|1 3|fitness = 10.42967932350287|time = 117.59501157870763|true
26 solution:
1 3|1 2|1 1|2 3|3 3|1 2|1 1|2 1|1 3|1 2|1 2|2 1|2 3|1 2|2 1|1 2|1 3|1 3|2 3|2 1|1 2|1 3|1 1|2 1|fitness = 10.411569531497427|time = 96.39185502281279|true
27 solution:
2 3|2 3|1 2|1 2|2 1|1 2|1 2|2 1|1 3|2 2|1 3|1 2|2 3|1 2|2 3|1 2|1 1|2 3|1 2|2 1|1 1|2 3|1 1|1 1|fitness = 10.430181588777|time = 93.49777322499442|true
28 solution:
2 3|1 3|1 1|1 2|2 1|2 3|2 1|2 2|1 2|1 2|1 2|1 2|1 2|2 1|2 3|1 2|2 1|1 2|1 3|1 1|1 2|1 1|1 1|2 2|fitness = 10.371647170367243|time = 114.78439168430805|true
29 solution:
1 2|1 2|1 2|2 3|3 3|1 2|1 2|2 1|1 3|2 2|1 2|1 2|2 2|2 1|2 3|1 2|1 1|1 1|1 3|2 1|2 1|1 2|1 1|2 3|fitness = 10.531277927480986|time = 107.20242550214877|true
30 solution:
1 2|1 2|2 3|2 3|2 3|1 2|2 3|2 1|1 3|1 2|1 2|2 3|1 2|2 1|2 1|2 0|3 2|1 2|1 3|2 1|1 1|2 3|1 1|2 3|fitness = 10.412028038500493|time = 106.70478494811604|true
The final result:
fmax = 10.560385424890997
fmin = 10.323208701468305
fmean = 10.442127283361309
standard std = 0.05545098286174397
-1 solution:
1 2|1 2|1 2|1 1|3 3|1 2|1 2|2 1|1 3|1 2|1 2|2 3|2 3|3 2|1 1|1 2|1 3|1 1|1 3|2 1|1 2|1 3|1 2|2 1|fitness = 10.560385424890997|time = 111.1253261317459|true
