1 solution:
1 2|1 2|1 3|2 1|3 3|1 2|1 2|2 2|1 2|1 2|1 2|1 2|2 2|2 3|2 1|1 2|1 3|1 1|1 1|2 1|2 1|1 3|1 1|1 1|fitness = 10.45894899816511|time = 110.67435347986692|true
2 solution:
1 2|2 2|1 1|1 2|1 3|1 2|1 2|1 2|1 1|1 2|1 2|1 2|1 2|2 1|1 1|1 2|1 2|1 2|1 3|2 1|1 1|1 1|2 1|1 1|fitness = 10.406827584035065|time = 118.66941200375196|true
3 solution:
1 2|1 2|2 3|1 2|2 1|2 3|1 2|2 1|1 2|2 1|2 3|1 2|1 2|3 2|1 1|1 2|1 1|3 2|1 3|1 1|1 1|1 3|1 2|1 2|fitness = 10.522917839938831|time = 119.75092169763269|true
4 solution:
1 2|1 2|1 2|1 3|3 3|1 2|1 1|1 2|1 2|2 1|1 2|2 3|1 2|3 2|1 1|1 2|1 1|2 3|1 3|2 3|1 1|1 1|1 1|2 3|fitness = 10.481632094403047|time = 116.23199207825388|true
5 solution:
2 3|1 2|2 3|2 1|1 3|1 2|2 3|2 1|1 2|2 1|1 2|1 2|2 3|3 2|1 1|1 2|1 1|1 3|1 3|2 1|1 2|1 1|2 3|2 2|fitness = 10.490889560213203|time = 107.87076649829062|true
6 solution:
1 2|1 2|1 3|1 2|1 1|2 2|1 3|2 1|1 3|3 2|2 3|1 2|2 3|2 1|1 1|1 3|1 1|1 1|1 3|2 1|1 2|1 1|1 3|1 3|fitness = 10.441782399949751|time = 106.8013980481026|true
7 solution:
2 3|1 2|1 1|2 1|1 2|2 3|1 2|2 3|1 1|2 1|1 2|2 3|1 2|2 1|2 3|2 3|1 3|1 2|2 3|2 1|1 2|1 1|1 2|2 3|fitness = 10.350553032609847|time = 96.25183322783909|true
8 solution:
2 3|1 2|1 1|1 1|3 2|1 2|2 3|2 3|1 3|2 2|1 2|2 2|2 2|3 2|1 1|2 3|1 1|1 1|2 3|1 1|1 3|1 2|1 2|2 1|fitness = 10.427782385570529|time = 107.70512464029926|true
9 solution:
1 2|2 3|2 2|2 3|1 3|2 3|1 2|2 2|1 2|2 3|1 3|2 3|1 2|3 2|1 1|2 1|1 3|1 1|1 3|2 1|1 2|1 2|2 1|1 3|fitness = 10.446855066579932|time = 112.6208472813366|true
10 solution:
1 2|2 1|1 1|1 2|1 3|2 1|1 2|2 1|1 2|2 1|1 2|2 3|2 3|1 2|2 2|2 3|2 1|1 3|1 2|2 1|1 2|1 2|1 1|2 1|fitness = 10.35739494328112|time = 117.4668953787964|true
11 solution:
2 3|1 2|2 3|2 3|1 2|1 2|1 2|2 3|1 3|2 1|1 1|1 2|1 2|2 1|1 1|2 2|1 1|1 1|1 2|1 2|1 2|2 3|1 1|1 1|fitness = 10.432446390420834|time = 118.2452618025112|true
12 solution:
2 2|2 2|1 1|2 2|2 1|2 3|2 2|2 1|2 3|1 2|1 2|2 2|2 2|2 2|1 1|2 2|1 2|1 1|1 3|2 1|2 2|2 3|2 1|2 1|fitness = 10.346343278400228|time = 108.30015365311829|true
13 solution:
1 2|1 2|1 3|2 1|1 2|1 1|1 1|2 1|1 3|1 2|1 2|2 1|2 3|1 3|1 1|1 1|1 1|1 2|1 2|2 1|1 2|1 2|1 1|1 1|fitness = 10.387919638559534|time = 109.62975410464944|true
14 solution:
2 3|1 3|2 3|1 1|1 2|1 2|2 2|2 1|1 2|1 2|2 3|2 2|2 3|3 3|2 3|1 2|2 1|1 1|1 1|2 1|1 2|1 3|1 2|1 2|fitness = 10.36571103667185|time = 107.64267984507028|true
15 solution:
1 3|2 3|1 2|2 2|2 1|2 2|2 1|1 2|1 3|2 2|1 2|1 2|1 2|3 2|2 1|1 2|1 3|1 3|1 3|2 1|1 3|2 3|1 1|2 1|fitness = 10.43159767699636|time = 102.04595584195215|true
16 solution:
2 3|1 2|1 3|1 2|1 2|2 2|2 3|2 1|2 3|2 1|1 2|1 2|1 2|2 1|2 3|1 3|1 2|1 1|1 3|2 1|1 1|2 3|1 2|1 2|fitness = 10.454688684403997|time = 103.16146559191853|true
17 solution:
1 2|1 2|1 2|2 1|2 1|1 2|1 2|2 1|1 3|1 2|1 1|2 3|2 2|2 3|1 1|1 2|1 1|1 1|1 3|2 1|1 3|1 2|2 1|1 2|fitness = 10.484687805692612|time = 107.93342916847614|true
18 solution:
1 2|1 2|1 3|2 3|3 2|1 2|1 2|2 1|1 3|2 1|2 3|2 2|1 2|1 2|1 1|1 2|1 3|1 1|2 3|2 1|1 1|1 2|1 1|2 1|fitness = 10.50662182660603|time = 104.60158950927273|true
19 solution:
1 2|1 2|1 1|1 2|2 3|2 2|1 1|2 1|1 2|2 2|1 2|1 2|1 3|2 1|1 1|1 2|1 1|1 2|1 1|2 1|1 2|1 3|1 1|1 2|fitness = 10.470546510702293|time = 118.54307269043949|true
20 solution:
1 2|2 2|2 1|2 3|2 1|2 1|2 3|1 2|2 2|2 1|1 3|2 2|2 2|2 1|2 3|2 2|3 3|1 1|1 3|2 1|1 2|2 3|1 1|2 1|fitness = 10.336469935303205|time = 105.16321391246157|true
21 solution:
1 2|1 2|1 2|1 2|1 1|1 2|1 2|1 2|1 2|1 2|1 2|1 2|1 3|2 1|1 1|1 2|1 3|1 1|1 3|2 1|1 1|1 1|1 1|1 3|fitness = 10.488148584483756|time = 117.2563243374929|true
22 solution:
1 2|1 2|1 2|2 1|1 3|2 3|2 3|1 2|1 2|2 1|2 1|1 2|1 2|2 1|1 2|1 1|1 1|1 1|1 3|1 2|2 3|1 3|1 1|1 1|fitness = 10.429899841107249|time = 99.41446399953846|true
23 solution:
2 3|2 3|2 3|2 1|1 2|1 2|2 1|2 1|1 2|2 1|1 2|2 3|1 2|2 3|1 1|1 2|1 2|1 1|1 3|2 1|1 2|2 3|1 2|1 1|fitness = 10.443636478629823|time = 103.99933411637515|true
24 solution:
1 2|2 3|1 1|1 2|1 1|2 2|1 2|2 1|1 2|1 2|1 3|2 3|1 2|3 2|2 3|1 2|1 1|2 1|1 3|2 1|3 3|1 1|1 1|1 2|fitness = 10.429678840879172|time = 101.27947190267551|true
25 solution:
2 2|1 2|2 3|2 3|2 1|1 2|2 0|2 1|2 2|1 2|1 2|2 1|2 2|3 2|1 1|1 2|1 2|1 1|1 1|2 1|1 1|1 1|2 3|1 2|fitness = 10.38692895769274|time = 114.83061054491543|true
26 solution:
1 2|1 2|1 1|1 2|2 1|2 3|1 1|2 2|1 2|2 2|2 2|1 2|1 2|2 3|1 1|2 3|1 1|1 1|1 2|2 1|1 1|2 1|1 3|1 1|fitness = 10.420019307939366|time = 117.30743505805795|true
27 solution:
2 3|2 3|1 2|1 2|2 1|1 2|2 3|2 1|1 3|1 2|2 3|1 2|1 2|3 2|2 1|2 2|1 2|1 1|1 3|2 1|1 2|1 1|2 1|1 2|fitness = 10.464989615652902|time = 113.77390571756732|true
28 solution:
2 3|1 3|2 2|1 2|3 3|1 2|2 2|2 1|1 3|1 3|2 2|1 2|1 3|3 2|1 2|3 2|1 2|1 2|1 3|2 1|1 3|2 3|2 1|1 3|fitness = 10.421755629408239|time = 119.1603882569571|true
29 solution:
1 3|1 2|1 1|1 2|2 3|1 1|2 2|2 1|1 2|2 1|1 1|2 1|2 2|2 1|2 2|1 2|1 1|1 1|1 2|2 1|1 3|2 2|1 2|2 1|fitness = 10.370779188514176|time = 118.41543617867104|true
30 solution:
1 2|1 2|1 2|1 1|2 1|2 3|1 2|2 1|1 3|1 2|1 2|1 2|1 2|3 2|1 1|2 3|1 1|1 1|1 3|2 1|1 3|1 2|1 1|1 2|fitness = 10.561933095241628|time = 115.83943873810784|true
The final result:
fmax = 10.561933095241628
fmin = 10.336469935303205
fmean = 10.43401287426841
standard std = 0.05521488955356777
-1 solution:
1 2|1 2|1 2|1 1|2 1|2 3|1 2|2 1|1 3|1 2|1 2|1 2|1 2|3 2|1 1|2 3|1 1|1 1|1 3|2 1|1 3|1 2|1 1|1 2|fitness = 10.561933095241628|time = 115.83943873810784|true
