0 0.65900816 0.48752521 0.04356898 0.24356927 0.59904010 0.70889717 0.22868145 0.09083559 0.65122776 0.44915800 0.82272722 0.97234689 0.17354600 0.38986776 0.78523704 0.34042127 0.21814025 0.65971397 0.32465637 0.70590897 0.44843097 0.85521950 0.52265105 0.35084692 0.80085933 0.53052591 0.04382912 0.67432721 0.66193460 0.96621885 0.49304263 0.33945676 0.95331405 0.84454553 0.30762932 0.03479331 0.79596604 0.18200708 0.55339889 0.71540022
0 0.35903824 0.50019111 0.63086427 0.64667115 0.08987200 0.75184276 0.69216343 0.43833271 0.76867528 0.96155538 0.51931252 0.52654148 0.73468610 0.88909489 0.72087642 0.23874959 0.19022942 0.27825422 0.36683866 0.65902050 0.70489006 0.41526779 0.60039683 0.00073488 0.91409502 0.78819795 0.34060625 0.08913390 0.93471867 0.61233891 0.92123877 0.85790558 0.20489471 0.86656601 0.39892004 0.47202692 0.29603912 0.27169093 0.30755263 0.80333316
0 0.74215813 0.33426677 0.83622897 0.50579249 0.08483671 0.17791927 0.76428251 0.86422332 0.14187198 0.38916320 0.99982097 0.92319797 0.97333738 0.51579645 0.23703134 0.14213532 0.14093311 0.17334604 0.07274092 0.96809227 0.63479890 0.93867434 0.90416453 0.26952199 0.27653555 0.33973551 0.06746307 0.53227430 0.49800172 0.28660573 0.97068385 0.08337202 0.14252303 0.23129306 0.42484899 0.37860417 0.33847080 0.19246628 0.98340242 0.56673533
0 0.55473788 0.53612392 0.86292260 0.12613814 0.66345957 0.06435839 0.93695232 0.35891314 0.20739789 0.53175236 0.36999306 0.92306909 0.09772751 0.18257778 0.69015591 0.38509367 0.65253238 0.28185025 0.48665734 0.98325293 0.22714221 0.89942465 0.46229222 0.40621515 0.68450817 0.39870075 0.27121324 0.41210325 0.60713757 0.18014000 0.42878958 0.53983690 0.46167768 0.23467790 0.59301448 0.99763431 0.89305912 0.97324892 0.68587575 0.05280003
0 0.94717945 0.61602376 0.64829872 0.89243475 0.29942789 0.14859178 0.10371689 0.97645902 0.50092293 0.48220395 0.84302015 0.36235228 0.84515381 0.99132463 0.83757645 0.34526518 0.70478856 0.04412330 0.43721761 0.02767141 0.09173026 0.49017017 0.51652546 0.10948361 0.75307447 0.32448239 0.59544977 0.27256472 0.33144069 0.90820038 0.37923510 0.02282462 0.99022089 0.19355661 0.73782816 0.74859977 0.43260882 0.37443215 0.87638345 0.05577088
0 0.42784381 0.26367874 0.33617997 0.14808198 0.79892338 0.48451726 0.50920677 0.13538170 0.32310883 0.25570641 0.54987115 0.67301553 0.14986896 0.14880761 0.92372748 0.26235568 0.15047667 0.70075572 0.34582161 0.87546293 0.07929403 0.17607746 0.53018929 0.30613268 0.54885153 0.09048224 0.99724357 0.79508502 0.59914736 0.33118350 0.16723141 0.02881693 0.07616341 0.83919046 0.10563413 0.56964211 0.12541421 0.85494415 0.58033268 0.13870181
0 0.85341599 0.67105330 0.54055366 0.94423806 0.61328339 0.68451943 0.73405681 0.42417827 0.43023077 0.29572261 0.94172104 0.35508814 0.79857669 0.86257253 0.22763031 0.26880757 0.45391934 0.48561214 0.67795695 0.51359206 0.75247161 0.87349431 0.33338424 0.09833992 0.97411463 0.91813402 0.40750672 0.66649349 0.20654884 0.89497223 0.42759075 0.56046021 0.46499234 0.39617008 0.63427375 0.95790729 0.35519572 0.20318441 0.83322614 0.48804184
0 0.89711425 0.31005944 0.90449464 0.56899542 0.09239694 0.21990091 0.34419126 0.94669045 0.44092409 0.45438335 0.53838785 0.56107348 0.88994356 0.93977250 0.95052079 0.91735807 0.63392765 0.56282862 0.04130642 0.59792811 0.77409193 0.72608909 0.53411245 0.41480959 0.09358816 0.17441100 0.58892645 0.97312764 0.10770346 0.71328835 0.55450753 0.09272243 0.10796830 0.69433962 0.23100256 0.61810616 0.13489646 0.30449625 0.99425401 0.63620068
0 0.68614987 0.76280371 0.70822131 0.01680313 0.49524185 0.50238050 0.08338326 0.49248530 0.90046290 0.29496320 0.02668421 0.20263928 0.16453300 0.06159823 0.57253198 0.74064104 0.60255469 0.80542388 0.18455119 0.26361005 0.52916209 0.70111922 0.57424021 0.15100190 0.84533069 0.88047883 0.69537616 0.03127824 0.55113332 0.86470578 0.24195701 0.73515605 0.59279811 0.91139721 0.80266554 0.87944661 0.23074461 0.76783072 0.80628488 0.33725156
0 0.54984372 0.45204159 0.53019126 0.80829202 0.82396922 0.71931444 0.73799408 0.06740416 0.19397674 0.81409526 0.96258945 0.23974220 0.52156811 0.95596266 0.05733836 0.62798839 0.34106859 0.76318047 0.40077591 0.19987641 0.54696457 0.47848566 0.05920323 0.83359313 0.82712034 0.42914933 0.28670979 0.81413132 0.87991230 0.62698082 0.97361779 0.87542319 0.13808927 0.79382796 0.04203679 0.29109344 0.06298833 0.38425909 0.33116181 0.13092759
0 0.06980564 0.36949578 0.21514271 0.82065895 0.79794167 0.64529717 0.05279902 0.56943652 0.75001132 0.93138081 0.58114910 0.06234262 0.28892926 0.94109629 0.53366780 0.05458765 0.60455092 0.41745229 0.08938219 0.14951704 0.53967052 0.35522901 0.24036077 0.09432319 0.09974727 0.35879204 0.80284576 0.38536293 0.06155139 0.62135542 0.59122440 0.83923913 0.34299208 0.45382557 0.22423015 0.05631247 0.69970943 0.63998950 0.13920976 0.38006777
0 0.87358324 0.14969434 0.65298789 0.03876635 0.53413115 0.90279756 0.32680595 0.64507466 0.22583993 0.34405037 0.46800749 0.12486604 0.06279275 0.56270939 0.33258721 0.44815155 0.09652686 0.57055449 0.48041675 0.24310255 0.12387555 0.13812386 0.77890505 0.48838622 0.19861877 0.28135948 0.75104660 0.99954275 0.26408745 0.08948991 0.32025663 0.35189070 0.13343647 0.08985921 0.51708678 0.21545482 0.51012157 0.75654427 0.38186081 0.81666895
0 0.86318601 0.08698529 0.12246495 0.38711350 0.75028325 0.39448718 0.56797276 0.01130554 0.61593145 0.59433220 0.09647981 0.24356728 0.18331693 0.29737736 0.50946868 0.22825612 0.30503338 0.96739238 0.77522016 0.82814778 0.54146389 0.24702747 0.17023187 0.44252134 0.79508383 0.31218241 0.11030072 0.77950335 0.04478211 0.77568138 0.88187114 0.83648537 0.59636907 0.22854146 0.55944609 0.73793781 0.29375978 0.98075416 0.62630321 0.88170006
0 0.81989137 0.94338357 0.20345418 0.05283543 0.55725342 0.87991670 0.33572990 0.77839630 0.47498133 0.44718452 0.48407023 0.21695387 0.16278187 0.54480548 0.22954179 0.30350355 0.44153152 0.49698505 0.20730275 0.70336579 0.94620762 0.50163929 0.45767923 0.36795910 0.69888320 0.59919129 0.70671254 0.13083083 0.96783659 0.13702391 0.56998233 0.83408793 0.64339690 0.33545386 0.31120617 0.93337887 0.95196749 0.09722577 0.58106065 0.39383471
0 0.57673856 0.64490685 0.51186517 0.95988602 0.15692231 0.91919658 0.65021454 0.55862921 0.69691200 0.92604788 0.47234191 0.67942463 0.63258887 0.38162927 0.64593868 0.06166598 0.17406942 0.07154056 0.77735383 0.91816828 0.07250694 0.31432708 0.11453962 0.22338017 0.14313096 0.79922049 0.56380697 0.30363336 0.71752892 0.85416696 0.42239811 0.08090017 0.69524443 0.89258626 0.42908013 0.84203826 0.01808670 0.38593831 0.09140796 0.33225856
0 0.20011681 0.21405635 0.76100097 0.30456148 0.01209547 0.65633859 0.59712221 0.39614279 0.54124857 0.60427363 0.38404525 0.34827999 0.62552623 0.79940681 0.14913818 0.13796640 0.09610187 0.03073836 0.66629043 0.54756887 0.35267781 0.26167639 0.22325249 0.06304255 0.54323437 0.59905096 0.48165492 0.76174378 0.02317993 0.86532825 0.86491737 0.02764062 0.82842937 0.29004607 0.67195432 0.51472726 0.61275860 0.49762602 0.03352945 0.76870761
0 0.87185400 0.53609891 0.90330558 0.31252024 0.30479461 0.16491400 0.50708249 0.80303502 0.84827633 0.99988513 0.06141087 0.07425992 0.25970715 0.39945923 0.11671483 0.49665317 0.12237289 0.16887580 0.58025181 0.10264551 0.79919315 0.25741934 0.33068333 0.35523337 0.17115775 0.62884812 0.34872569 0.26951261 0.96235384 0.39621706 0.45729482 0.83628011 0.07556448 0.12969398 0.08975497 0.34233803 0.64073982 0.96960251 0.98632625 0.23389371
0 0.41321204 0.80680660 0.35640097 0.62745584 0.74934583 0.32868506 0.83846483 0.43688514 0.63438625 0.17132751 0.53951327 0.35576620 0.14058644 0.76721531 0.54229959 0.61102413 0.25326758 0.73253433 0.53144611 0.48671817 0.21828403 0.79939918 0.60839526 0.10620189 0.43643698 0.36565106 0.94037276 0.85634750 0.45870009 0.70852468 0.61998012 0.13928956 0.82069068 0.78836191 0.99972947 0.84515108 0.29564132 0.35468316 0.80977867 0.05347360
0 0.64219534 0.75931009 0.56731990 0.99157887 0.07667180 0.47986585 0.14252077 0.20484987 0.50901477 0.86186253 0.85861153 0.22692484 0.04746204 0.99871726 0.17265811 0.77705675 0.39903953 0.98642225 0.80875520 0.65739816 0.57130683 0.01322646 0.19681962 0.07472942 0.71535063 0.87456901 0.20785906 0.06915565 0.04084262 0.53963786 0.47053678 0.09655610 0.48104846 0.33831007 0.00404815 0.58207707 0.18899585 0.18586205 0.50877021 0.43871750
0 0.00557831 0.01772202 0.41884080 0.12806418 0.75619358 0.26766884 0.73976888 0.82949098 0.60458393 0.79026485 0.76937338 0.67964515 0.72086756 0.10194284 0.03179293 0.84580034 0.20531980 0.19504978 0.14200416 0.40466521 0.55028285 0.46528373 0.86223171 0.61249280 0.91965416 0.48534187 0.31182815 0.17284516 0.17872264 0.45623162 0.14864785 0.53512420 0.91669327 0.17257874 0.55263339 0.08998862 0.67006008 0.24939943 0.01127906 0.36703379
0 0.17705863 0.17518672 0.23183096 0.98561964 0.77174866 0.47979308 0.98652864 0.16148976 0.96084843 0.93547556 0.33488878 0.02983159 0.81726236 0.24560103 0.46097589 0.90968696 0.07131403 0.11789305 0.31380155 0.90512872 0.68401657 0.96773421 0.34543792 0.91537774 0.24628328 0.75192060 0.90412726 0.20904193 0.76380134 0.59439787 0.25861403 0.20691747 0.25936157 0.93289146 0.80512203 0.01329920 0.15275816 0.88897609 0.73984365 0.53750581
0 0.56294192 0.44401228 0.36750424 0.75533295 0.51793127 0.78951094 0.26050948 0.77440505 0.55505550 0.91286967 0.68337933 0.88790481 0.34742505 0.07805678 0.05361688 0.72791674 0.80209371 0.36570290 0.72285657 0.96262933 0.54119855 0.84819152 0.03108069 0.72089784 0.79943293 0.29272391 0.41188889 0.07317792 0.54952860 0.50896569 0.30825086 0.44959772 0.10199367 0.58776582 0.79586704 0.83394426 0.51617244 0.31357095 0.10520817 0.93659726
0 0.90676474 0.97554161 0.68349957 0.31995223 0.13326143 0.65100890 0.04436113 0.62663107 0.41932417 0.78979356 0.41550964 0.64378796 0.16495699 0.58904176 0.11387542 0.92607446 0.58638797 0.21561531 0.65267988 0.09533690 0.84689984 0.40670598 0.81646712 0.73687606 0.02641783 0.35922743 0.32777669 0.02010739 0.61848424 0.10467007 0.27309099 0.78571766 0.24031930 0.75848784 0.15588533 0.86192189 0.89498778 0.13171797 0.30105486 0.79918212
0 0.43426157 0.19741837 0.34768665 0.04575714 0.83658877 0.81563913 0.73609184 0.82571100 0.53664985 0.93802868 0.42020719 0.62651449 0.32130184 0.23680657 0.51792098 0.25513307 0.24128215 0.73271888 0.24957354 0.87950165 0.57886335 0.53272423 0.30882808 0.33654456 0.15872115 0.23054176 0.76030239 0.25840715 0.19259768 0.87182467 0.66479790 0.24532300 0.40791274 0.64060642 0.89565749 0.39654867 0.42629586 0.58479875 0.02872867 0.00005555
0 0.23008243 0.76590417 0.76360470 0.07717660 0.08313750 0.19173800 0.06526046 0.78016297 0.45694081 0.77083788 0.10289649 0.34861395 0.35368757 0.31337154 0.10674863 0.44500087 0.91522925 0.29573651 0.46381712 0.21001406 0.35999903 0.70467819 0.72991350 0.30521914 0.09963735 0.78163539 0.74811956 0.54351715 0.35285264 0.89915553 0.73269743 0.44716088 0.69612309 0.11860422 0.00268569 0.21858699 0.76916545 0.20202693 0.03086095 0.16108226
0 0.78766719 0.98090336 0.61144091 0.54430913 0.60659871 0.02066761 0.24384857 0.27397436 0.82449257 0.46225027 0.28005427 0.49543175 0.82239689 0.77053152 0.98945610 0.43776825 0.69078070 0.87447679 0.45795561 0.38793031 0.71348895 0.84485965 0.15683040 0.67370482 0.44991555 0.82285908 0.09220080 0.92987769 0.48488289 0.38645154 0.67733297 0.72365010 0.60028670 0.92140081 0.85771636 0.82340038 0.46338527 0.84978093 0.56279837 0.00913797
0 0.92368278 0.76135161 0.25845475 0.34350261 0.66367633 0.59173686 0.23071921 0.24892093 0.25830654 0.99624138 0.24399154 0.56953930 0.66377273 0.97927169 0.38588830 0.03581052 0.77844264 0.65671195 0.23609573 0.19511918 0.99690841 0.75223684 0.97802996 0.92358851 0.61280961 0.05842749 0.70980449 0.09221942 0.51686532 0.62968805 0.00495100 0.82477016 0.88362712 0.91634475 0.72353352 0.05529283 0.44378510 0.39794085 0.18074318 0.77000079
0 0.49842985 0.52862434 0.04275418 0.40114900 0.04749290 0.96865804 0.73856817 0.32986682 0.27665916 0.14346438 0.75176912 0.35039078 0.17536471 0.14524994 0.88755614 0.24990280 0.24306384 0.87213790 0.49811686 0.36618687 0.08176939 0.08586902 0.69334955 0.09957520 0.16994116 0.76151491 0.76413731 0.87616243 0.26611665 0.70127991 0.40182308 0.98602482 0.70024969 0.88935074 0.81022919 0.05318838 0.27654222 0.47588621 0.47551120 0.63334850
0 0.63362469 0.59562161 0.18433031 0.58085092 0.68626156 0.45019538 0.86227433 0.37820176 0.20732775 0.21318898 0.94215260 0.57938257 0.69962313 0.35300262 0.26573520 0.88250348 0.45416165 0.91107359 0.97270257 0.11783586 0.09489272 0.12157549 0.43701642 0.61402376 0.96938199 0.51362071 0.07361875 0.98828072 0.46080000 0.29812012 0.75731048 0.39563662 0.66863641 0.40883776 0.67085716 0.66780750 0.93387851 0.04081046 0.63081370 0.57401813
0 0.36896306 0.90918544 0.32725639 0.64411591 0.89363022 0.73766176 0.45755497 0.60857180 0.27487936 0.67810393 0.43451306 0.53047203 0.32254633 0.46152957 0.20565100 0.13136237 0.70159234 0.08555492 0.73309944 0.64581406 0.78801501 0.75451542 0.85251889 0.77883887 0.61736180 0.60586127 0.55465393 0.98578818 0.25314768 0.48006050 0.21457764 0.34612873 0.83704749 0.62112514 0.93137623 0.76049606 0.17355517 0.73100865 0.93496950 0.06468378
0 0.94887182 0.24350598 0.96695793 0.92473490 0.58710451 0.03191972 0.64883273 0.05405968 0.30642890 0.01963969 0.11358010 0.37651133 0.15368817 0.32391479 0.59565684 0.24860978 0.66797166 0.63048015 0.24950901 0.74961065 0.35203673 0.47033425 0.19825155 0.34987490 0.31500775 0.94984428 0.70182120 0.97600238 0.29060615 0.27149027 0.37786091 0.60545001 0.73223617 0.07494202 0.60878929 0.04386355 0.83957113 0.22679462 0.62495345 0.46510938
0 0.18085509 0.19217248 0.26645955 0.62700085 0.04095554 0.53254329 0.09522008 0.41497115 0.74727270 0.39146729 0.35395275 0.51145302 0.00393144 0.05363911 0.25031068 0.54048280 0.69925223 0.79246281 0.18201931 0.99505467 0.74231771 0.25753358 0.81284062 0.61900853 0.23152200 0.59578190 0.35938017 0.68574263 0.66130969 0.34866922 0.05519874 0.79280014 0.93288243 0.92270706 0.52138444 0.37438650 0.65047096 0.09170361 0.69168763 0.12313231