0.21573421 0.80412742 0.33278913 0.59421822 0.38555238 0.99345103 0.07763512 0.43576880 0.64089786 0.99602064 0.42329500 0.47802399 0.22941561 0.65683280 0.58779195 0.07589291 0.26179701 0.22794710 0.42250383 0.58211662 0.34992615 0.96654029 0.66442514 0.56243205 0.45669371 0.82567801 0.27968860 0.21851994 0.48936829 0.72696952 0.52642922 0.85800018
0.27486220 0.58103024 0.92464301 0.50562151 0.81792259 0.30468354 0.53651358 0.91092526 0.16222524 0.57309156 0.83274960 0.27504519 0.74954272 0.94051281 0.94879658 0.99293873 0.90360452 0.26514152 0.31935724 0.58722770 0.95296194 0.08149208 0.52047401 0.79595906 0.55111578 0.67804956 0.64549869 0.46897967 0.95236003 0.15841482 0.69459364 0.52625095
0.35824049 0.69093123 0.26697987 0.73631316 0.96222218 0.48478671 0.31096707 0.48424111 0.98910481 0.76984413 0.80887189 0.01581617 0.85092106 0.20295924 0.05224979 0.86827221 0.52249746 0.67530459 0.59743728 0.32785612 0.37755322 0.45322477 0.08222118 0.79057593 0.02015754 0.94940636 0.83152144 0.84489295 0.09656122 0.19165420 0.58329543 0.74374650
0.67886374 0.23332260 0.72544068 0.68818338 0.57467253 0.33245868 0.15029447 0.00599609 0.83585585 0.71597250 0.20539815 0.87615767 0.81468674 0.14065636 0.24751470 0.72347303 0.34712026 0.26463367 0.99145883 0.78774979 0.03064195 0.05082565 0.18611804 0.65792446 0.10807034 0.03828149 0.14711484 0.75396261 0.16889205 0.33772616 0.32887928 0.83798429
0.73615314 0.63443693 0.42847234 0.64094911 0.81962568 0.31456853 0.47932035 0.60236794 0.68491368 0.07030371 0.01509122 0.53789101 0.41335847 0.98471446 0.66226337 0.77325520 0.30904784 0.14897653 0.45450900 0.91295598 0.84692965 0.32258813 0.75283303 0.94814216 0.64997536 0.01150103 0.90247987 0.85061475 0.93353419 0.60958035 0.66094021 0.14844370
0.96146425 0.92556730 0.99096047 0.23359929 0.32132206 0.50072656 0.02827773 0.31312772 0.24483741 0.61161794 0.90587347 0.98278333 0.77509539 0.74794016 0.64485950 0.37566235 0.31329333 0.65715167 0.50668014 0.71826661 0.96563520 0.75558201 0.04213446 0.91255744 0.15487160 0.82000429 0.56979340 0.45494391 0.16118870 0.39414790 0.96970635 0.60178143
0.61359477 0.27138776 0.48786230 0.19584013 0.46564846 0.74785465 0.71269093 0.97933504 0.65831778 0.07946883 0.00695948 0.53649288 0.49795484 0.72190670 0.45674131 0.23226304 0.75881599 0.48426868 0.83370254 0.64366356 0.65725268 0.68522382 0.15777333 0.01638498 0.13864352 0.76466432 0.19434097 0.22165841 0.36833366 0.57441172 0.62342170 0.53702673
0.92429243 0.74827343 0.67783940 0.32954053 0.95189567 0.13475651 0.76325834 0.38103350 0.46018494 0.26500379 0.94498892 0.16251442 0.01415019 0.22402424 0.21480429 0.83834607 0.30902894 0.09504848 0.13557729 0.16076404 0.50030910 0.35484707 0.80236622 0.70142104 0.70706890 0.21210804 0.05564960 0.05902571 0.80648218 0.90147690 0.53572900 0.78077676
0.49376269 0.37262108 0.47689056 0.74017728 0.59451644 0.64668808 0.10573536 0.62494586 0.78541629 0.35178436 0.13015937 0.00612442 0.20430868 0.59461027 0.08378408 0.18311580 0.91230700 0.37714363 0.22520902 0.62926576 0.80812234 0.22527263 0.28227796 0.39873877 0.38882674 0.56053662 0.57862063 0.29781770 0.70144008 0.61664081 0.98305246 0.97239195
0.93617668 0.37916925 0.68198452 0.31828047 0.37488318 0.10992775 0.99081698 0.78216944 0.82714436 0.50660645 0.29235913 0.18832652 0.26172919 0.44395978 0.71863925 0.69988746 0.07249451 0.54445872 0.37703884 0.40339247 0.30555885 0.53437904 0.76250450 0.79138352 0.21850497 0.45554582 0.49466247 0.11025598 0.74256376 0.32346363 0.67198067 0.13919115
0.77517892 0.74931863 0.94469290 0.47087872 0.74304586 0.37634671 0.87402088 0.77587143 0.54466444 0.72032071 0.26729994 0.84979664 0.80664009 0.14941565 0.95693411 0.46628248 0.36941309 0.29047064 0.92567706 0.18833905 0.05579153 0.10667275 0.77155579 0.32706812 0.06960830 0.25594624 0.25282347 0.17895724 0.82201802 0.10983859 0.05664937 0.52164715
0.58939514 0.98945233 0.99482288 0.10294452 0.16948974 0.75797933 0.54556996 0.51898418 0.62144260 0.89865282 0.03264998 0.44482850 0.25045704 0.60243898 0.76122148 0.65442375 0.22936960 0.19154884 0.11453599 0.64671694 0.63705753 0.41285852 0.95633853 0.98086826 0.23756605 0.74958371 0.68092475 0.61587847 0.02403381 0.92006223 0.90612426 0.64858183
0.40794017 0.15925626 0.11405016 0.84883959 0.94689326 0.71159331 0.51027538 0.30190056 0.67312335 0.20302379 0.99416645 0.28527878 0.41004079 0.20567937 0.41142563 0.23113101 0.94566376 0.36027575 0.19446280 0.25499940 0.56941598 0.87940970 0.08703897 0.26791777 0.27273989 0.11915951 0.89669294 0.13126240 0.86416614 0.17690477 0.12178378 0.66236155
0.35592564 0.15003940 0.85955158 0.55376012 0.24188584 0.77326016 0.61741922 0.43016915 0.70553754 0.64137028 0.52182863 0.33451250 0.37195497 0.12004526 0.94722494 0.90811607 0.94909606 0.34876698 0.77237232 0.40996693 0.99150597 0.44813848 0.31200576 0.50610386 0.06343178 0.15805078 0.46889302 0.45258271 0.77855176 0.65368040 0.80470201 0.89409248
0.54996789 0.21305411 0.03763816 0.00518213 0.39680559 0.74292547 0.94063737 0.11218968 0.82271014 0.90896493 0.73597046 0.25134840 0.60672401 0.76177415 0.86043484 0.34217824 0.32847563 0.30199171 0.40987989 0.78515240 0.58730422 0.38576634 0.66263273 0.32876261 0.16889167 0.73613074 0.82846118 0.99348940 0.86316716 0.59631759 0.57303141 0.68881584
0.24369571 0.73781648 0.92738772 0.91430680 0.48145730 0.11897909 0.90780233 0.59690829 0.18486801 0.47923667 0.54341353 0.68400402 0.33309080 0.54950305 0.03739052 0.58539952 0.60112793 0.36109300 0.47193408 0.93728653 0.76288294 0.34349423 0.80824175 0.44737410 0.40232534 0.51558908 0.92963757 0.77275410 0.86308616 0.09542941 0.12938561 0.48070324
0.22325822 0.28042660 0.75427779 0.14750567 0.09487007 0.78282566 0.68090601 0.56151288 0.21644782 0.94459101 0.92359977 0.81404135 0.13227463 0.90133871 0.95132982 0.78533996 0.73340263 0.31670801 0.22544954 0.16274313 0.07316765 0.66657295 0.06096545 0.66425779 0.66390223 0.91675221 0.16109915 0.58321527 0.41173790 0.70838391 0.07822235 0.11825205
0.45283259 0.84188886 0.41381842 0.20776608 0.41705525 0.93345474 0.78594257 0.74912836 0.06410377 0.60723037 0.46472437 0.15031184 0.81222892 0.48192796 0.10477600 0.13523304 0.41118143 0.51228851 0.18793988 0.60398439 0.89869495 0.95387346 0.63063021 0.13526789 0.02376328 0.33390364 0.50709247 0.41072374 0.52016455 0.33137425 0.99322610 0.43948063
0.97013200 0.39643232 0.44518492 0.96613648 0.51076425 0.27201124 0.99279113 0.85651200 0.30471546 0.31997440 0.14986850 0.57290183 0.52189910 0.69952802 0.72192055 0.07418086 0.56038582 0.99742094 0.72615042 0.60600628 0.37237044 0.86745717 0.12963869 0.88248856 0.05502866 0.60110424 0.95856656 0.10308779 0.31627924 0.32148924 0.73469109 0.09712369
0.03191326 0.66983098 0.25485079 0.64317160 0.87324623 0.43636564 0.44509876 0.67174874 0.90339560 0.57708024 0.39313214 0.62707796 0.11548033 0.45307673 0.69100602 0.73734957 0.11748498 0.93114691 0.90469097 0.32278370 0.55622641 0.19214623 0.32785298 0.55692935 0.41680565 0.70801251 0.17430561 0.28901863 0.03412370 0.86878344 0.01690394 0.63382761
0.50948478 0.16772413 0.59022046 0.04037797 0.23800603 0.68568441 0.04016316 0.46194648 0.42149800 0.85506291 0.32576697 0.06723232 0.76667541 0.12926304 0.75670886 0.65616460 0.05000350 0.23528344 0.58466875 0.57371602 0.86817969 0.14509393 0.15747712 0.45122037 0.68719644 0.76570505 0.39206191 0.54707558 0.25312618 0.61834768 0.22552657 0.80734570
0.53421433 0.45393660 0.26326204 0.02165903 0.62656199 0.83500017 0.05881550 0.61093146 0.47462518 0.20351559 0.33230907 0.65082781 0.83295255 0.84959715 0.96252217 0.70850599 0.62702927 0.49774328 0.77232108 0.95007218 0.75878950 0.93535493 0.96794008 0.76230775 0.44630594 0.22249671 0.58968859 0.82461149 0.38735931 0.54237916 0.48497899 0.16573357
0.39303683 0.67879913 0.12414031 0.24476057 0.65020366 0.43978223 0.04530322 0.50694347 0.44063635 0.08592990 0.83671183 0.18234353 0.96980318 0.96748093 0.34313855 0.31890372 0.93972118 0.12585521 0.21764829 0.17143614 0.63801524 0.57345561 0.03077854 0.10414885 0.60924959 0.32976095 0.89627245 0.10671801 0.42479777 0.06225194 0.97582205 0.87254442
0.67396220 0.35746865 0.28484933 0.14271605 0.06174973 0.23050661 0.93717292 0.68033127 0.41765516 0.47051624 0.33847868 0.80722003 0.49499975 0.81527815 0.86683289 0.90873304 0.67181710 0.74968443 0.26304645 0.69215212 0.05197427 0.93096436 0.29451965 0.27040760 0.00916114 0.85775022 0.25326679 0.33517091 0.91657624 0.42058716 0.50214044 0.78202433
0.66158313 0.39824863 0.59284543 0.15529177 0.55730572 0.79722661 0.44515304 0.19124779 0.43207745 0.17102414 0.69879597 0.55580459 0.00285358 0.70138489 0.62784524 0.59640970 0.12014157 0.87535274 0.94194027 0.55776994 0.10969981 0.05006191 0.38956393 0.24714981 0.23020051 0.06141618 0.32562421 0.57737533 0.21624715 0.30332339 0.30892525 0.76430761
0.98258293 0.38090935 0.35467987 0.21043242 0.82802189 0.52414302 0.68303681 0.26734559 0.89657917 0.43756252 0.67666573 0.13729659 0.22847265 0.15729980 0.28876352 0.14758539 0.46511357 0.78835898 0.32741585 0.51149035 0.15989861 0.70311164 0.88306798 0.47553850 0.69056164 0.89623003 0.66292939 0.44531123 0.96903846 0.71178686 0.14945697 0.28061212
0.50124333 0.08500823 0.30963177 0.45570611 0.86185106 0.77417439 0.04756500 0.19147196 0.31812410 0.79741997 0.71503854 0.98369285 0.16201939 0.43469434 0.77290646 0.17534294 0.29125455 0.70689922 0.13085349 0.35061029 0.71770894 0.20222989 0.78382740 0.36452921 0.97548015 0.48400294 0.11053199 0.76447854 0.85111155 0.08476190 0.60268821 0.20843451
0.46495230 0.26821013 0.85334088 0.23974996 0.49530631 0.32352740 0.34830869 0.43936448 0.25597175 0.14588521 0.97694630 0.54373279 0.41296856 0.25248323 0.20670632 0.59039170 0.35769595 0.18518721 0.55056056 0.53296826 0.64145824 0.45885629 0.29715950 0.05356529 0.42024132 0.82870616 0.47067933 0.49284261 0.55881896 0.67056121 0.64062658 0.91674562
0.89971184 0.69460772 0.51144033 0.34371518 0.21521892 0.04626718 0.18755215 0.06734613 0.52968512 0.08706718 0.63163502 0.82684395 0.82436495 0.79389468 0.11209170 0.30126281 0.61868726 0.76677456 0.37040424 0.03338959 0.55942102 0.29332401 0.82978621 0.42527321 0.94318783 0.78229151 0.41364934 0.88977945 0.04796225 0.14909611 0.44571745 0.59118572
0.25564580 0.41304168 0.66318956 0.46271255 0.21049612 0.84888758 0.59017562 0.35002070 0.67713847 0.52471558 0.39069768 0.19708717 0.33708135 0.95354073 0.84887042 0.16450451 0.49410371 0.88787116 0.30844441 0.45013180 0.54657666 0.99443016 0.24471680 0.36815792 0.12872751 0.26051157 0.63888329 0.93502100 0.02304984 0.50394689 0.47822674 0.80925991
0.30250772 0.28542115 0.51510707 0.93725761 0.67387889 0.85488152 0.88353815 0.66796811 0.66252525 0.50304104 0.29420706 0.41710191 0.10407619 0.83448755 0.30711226 0.18487753 0.38995407 0.03066543 0.61556637 0.36132982 0.05136722 0.12900605 0.36613074 0.28929816 0.56034134 0.70874008 0.28611860 0.99760063 0.67655469 0.14443314 0.79362381 0.36553331
0.27518862 0.76504392 0.32460322 0.73471608 0.35369980 0.83931128 0.82736036 0.64543970 0.83436578 0.29753544 0.74684849 0.94205161 0.85465151 0.49532571 0.84953183 0.96555030 0.46888852 0.12664465 0.92411371 0.93144144 0.07245525 0.60148750 0.73426058 0.87704162 0.40359101 0.81779219 0.59652174 0.75479820 0.67817226 0.27768409 0.60996423 0.34682651
0.26922481 0.92491683 0.87361305 0.68074908 0.35564082 0.91337880 0.99360731 0.53805351 0.13351520 0.75579231 0.80405267 0.46356898 0.50871062 0.94724058 0.50387137 0.40829432 0.67070646 0.20991526 0.34652115 0.76769247 0.58548160 0.96348517 0.61027457 0.11370052 0.23912696 0.48974484 0.82382090 0.36108554 0.41407827 0.53070879 0.12527256 0.45741075
0.88630567 0.73607600 0.19222913 0.94075852 0.19449114 0.45899604 0.39637131 0.87048960 0.55117114 0.88832703 0.70812856 0.70370129 0.04101608 0.40108263 0.40528351 0.66367944 0.98286427 0.32052319 0.82394731 0.02652221 0.21982324 0.97335488 0.23115971 0.53824670 0.14569604 0.05375699 0.39543893 0.86707173 0.47618651 0.82246663 0.58492526 0.59420338
0.12978155 0.59590724 0.53233430 0.75133235 0.09590496 0.31335525 0.37175465 0.32418546 0.83688166 0.70939726 0.67439611 0.45885574 0.59544734 0.76443764 0.48871419 0.33126925 0.96098319 0.65777417 0.72490748 0.77002861 0.18535103 0.40576789 0.31460439 0.75900701 0.03314941 0.73188999 0.32362607 0.88844837 0.40140660 0.48593747 0.59903338 0.67196297
0.55017154 0.10646629 0.59123458 0.40168989 0.54815930 0.20349929 0.70775250 0.87503117 0.45655295 0.32782313 0.92731905 0.89374470 0.84925869 0.38869713 0.43128529 0.90981629 0.49935709 0.98355405 0.69390655 0.57241371 0.44918762 0.11128127 0.81388122 0.21635867 0.22545032 0.35492790 0.86659287 0.52493497 0.66090191 0.64019202 0.70982547 0.69848485
0.64067121 0.10279916 0.98529186 0.46512719 0.10391185 0.43089198 0.02413573 0.18106485 0.80045725 0.28780764 0.98663783 0.08533106 0.62733701 0.06612861 0.84467769 0.49745741 0.85146023 0.27564906 0.75007173 0.37642888 0.16246520 0.32590812 0.92272998 0.19542447 0.29368188 0.32819774 0.43964279 0.52922416 0.89934728 0.81246215 0.20903031 0.09979625
0.48266055 0.93126245 0.97355687 0.28046226 0.43195875 0.80598833 0.40233362 0.22016787 0.64124056 0.15975695 0.20350233 0.81677357 0.76645959 0.27694591 0.71751385 0.74190908 0.90045523 0.63106622 0.63578537 0.59982012 0.33708331 0.23068797 0.33024026 0.08876824 0.13905497 0.84738985 0.77630531 0.72592707 0.42418690 0.81021128 0.20525982 0.29535175
0.64121169 0.97784363 0.43140183 0.68348044 0.61899241 0.83280497 0.26531682 0.17776024 0.84193055 0.38110068 0.54660466 0.62137211 0.22955192 0.68637952 0.10774080 0.04066271 0.67970071 0.41935357 0.41531778 0.49177342 0.77246667 0.76125708 0.72573436 0.90908995 0.32591599 0.36437822 0.33946847 0.68051867 0.94489205 0.84320450 0.94139178 0.52322842
0.31059673 0.44648134 0.07415335 0.98837972 0.72135930 0.14349032 0.50748000 0.58449586 0.31394428 0.34711222 0.63831210 0.07651302 0.46994554 0.89174685 0.08501282 0.99117998 0.14325923 0.68592047 0.32346011 0.73936007 0.23232298 0.66741870 0.55365011 0.05192125 0.66475465 0.30304075 0.98251183 0.61828299 0.56221897 0.89557910 0.36195274 0.91532128
0.70979558 0.38738582 0.93072527 0.21921601 0.56681782 0.18289506 0.87452480 0.70395786 0.22509609 0.75172908 0.04079967 0.34761438 0.04563586 0.41952253 0.92307434 0.09108810 0.18640500 0.80535801 0.86415708 0.32398196 0.87140076 0.82271340 0.01842365 0.30832065 0.04521185 0.02507960 0.86043926 0.59325856 0.00746667 0.34791474 0.93050069 0.82253859
0.72800380 0.97535906 0.06725139 0.59134848 0.80629607 0.14314227 0.59334260 0.17035393 0.45760536 0.17837315 0.79218325 0.98207141 0.48353993 0.97240886 0.54214272 0.68837513 0.91613182 0.38475926 0.15913974 0.62781685 0.91224716 0.78398947 0.33937224 0.12756881 0.51908742 0.04584149 0.59101174 0.90718354 0.13173473 0.84930381 0.69700801 0.38999711
0.82014028 0.03811525 0.56071835 0.24288484 0.21564965 0.14819793 0.25189725 0.87621160 0.31610439 0.94077106 0.19265215 0.95320164 0.39375429 0.92640592 0.20129100 0.18158534 0.17166070 0.41703952 0.54655851 0.79026376 0.57196571 0.60097306 0.25557712 0.12986394 0.63334800 0.50013802 0.66588015 0.77844122 0.64518106 0.43942173 0.61524421 0.38221741
0.15235519 0.83460098 0.72259836 0.21612671 0.24741954 0.68844107 0.92910803 0.11007360 0.48564609 0.17377447 0.84060204 0.95419039 0.83381274 0.07788204 0.44083089 0.47001451 0.29494790 0.68425680 0.42961572 0.31438823 0.23897423 0.87583869 0.78076623 0.86901707 0.01313480 0.85806598 0.11171812 0.26100521 0.10627982 0.92059728 0.11015881 0.25831929
0.99753776 0.08331564 0.57248216 0.68901491 0.83258979 0.30523415 0.57473234 0.94419307 0.23971191 0.17418035 0.91876768 0.94203597 0.92294419 0.64064404 0.27469538 0.65390519 0.15119256 0.41093194 0.37519857 0.92336762 0.89976253 0.07277940 0.20819716 0.84514737 0.19477145 0.89082764 0.40135484 0.41338486 0.16107917 0.47988291 0.89526404 0.49721692
0.38082407 0.24063167 0.56171166 0.45657472 0.43234550 0.52549343 0.63924857 0.87222901 0.89821960 0.99155135 0.73035589 0.93149498 0.70633050 0.49300755 0.63282170 0.98464209 0.39934461 0.16736905 0.46251194 0.66693654 0.81565036 0.07757715 0.36553981 0.76737748 0.70877177 0.88655108 0.61490784 0.71757044 0.03245902 0.56112503 0.04001773 0.17281432
0.97510482 0.02911492 0.54701288 0.66236127 0.33983047 0.04625917 0.95373890 0.69694149 0.53553104 0.26903610 0.48517816 0.03902774 0.26936418 0.67486736 0.05353399 0.06494733 0.01261255 0.02297583 0.88171120 0.27783197 0.44954509 0.00717311 0.11975934 0.06652874 0.41284766 0.11611053 0.85091582 0.74797854 0.25938902 0.98703437 0.28720614 0.77920056
0.24653326 0.21584492 0.01412869 0.77990481 0.23190508 0.16926600 0.85977210 0.66788700 0.93846003 0.33418948 0.33578359 0.77674345 0.10190633 0.13476769 0.62592630 0.29907578 0.04897128 0.94958373 0.78253496 0.77823869 0.64269961 0.26923797 0.13199887 0.65781658 0.07491679 0.54894664 0.88747151 0.09039734 0.68618615 0.33125620 0.62032675 0.30584513
0.85003288 0.64073527 0.55145167 0.84415601 0.97090418 0.48551324 0.58928641 0.86911380 0.81428015 0.53979300 0.66359169 0.59634564 0.71254438 0.72697252 0.18224520 0.59301034 0.67166990 0.47476848 0.37293793 0.33623465 0.04147008 0.87174226 0.86246237 0.95354587 0.20611054 0.81888682 0.09335439 0.51093202 0.70177276 0.54044078 0.08097099 0.56279322
0.27480531 0.49485385 0.57365689 0.93293133 0.65639478 0.80983523 0.89447220 0.85685712 0.24873251 0.85467503 0.61502516 0.68307737 0.49284995 0.45853588 0.74027277 0.30465735 0.41973949 0.58517024 0.26772373 0.37223614 0.77407380 0.98252668 0.82529743 0.12580615 0.14378174 0.43996555 0.58916353 0.37494990 0.72893414 0.80631355 0.83620722 0.75586107
0.73983810 0.84874317 0.29533475 0.89835829 0.92693386 0.36547155 0.92765499 0.54723460 0.41403359 0.70453120 0.88764269 0.99966664 0.83163660 0.98637220 0.19570928 0.44404175 0.72850099 0.87981399 0.08717772 0.91544319 0.37734701 0.73887231 0.09347807 0.61916693 0.38451251 0.27224464 0.65845051 0.31602595 0.96357660 0.68774550 0.49596339 0.31183124
0.33941251 0.43074072 0.95462372 0.34832074 0.51182633 0.21863744 0.37117805 0.35394152 0.52688306 0.06274464 0.76627185 0.58027163 0.47921765 0.36432660 0.26455611 0.12350253 0.70007297 0.97342979 0.30569981 0.21028486 0.97350266 0.30707110 0.05368764 0.91337308 0.16712199 0.23763362 0.40885207 0.15488791 0.36398499 0.48282344 0.68040992 0.95364790
0.43861136 0.65529924 0.28684331 0.87790429 0.03288268 0.96309408 0.81728542 0.57594617 0.05647162 0.79120637 0.40914182 0.07442604 0.16166411 0.04024523 0.67549842 0.25788799 0.12387942 0.14977313 0.35043718 0.57286458 0.69688825 0.19199603 0.41120147 0.53604011 0.30567435 0.28571003 0.68322303 0.06836175 0.89008080 0.85092038 0.83734252 0.02561230
0.31882682 0.90130708 0.24812667 0.55084150 0.05617691 0.65471885 0.39800450 0.03518511 0.18248872 0.23113548 0.38401624 0.54098438 0.44506231 0.10304553 0.61228815 0.51475101 0.74715767 0.26494524 0.94991721 0.49740544 0.37074368 0.79667149 0.44476983 0.32534950 0.27248637 0.60953971 0.22076906 0.00831692 0.99267977 0.68476583 0.30956501 0.06857784
0.07326825 0.04040842 0.98905359 0.63095727 0.39380422 0.99607572 0.66502907 0.96425849 0.50313050 0.04389962 0.45432601 0.49206738 0.84977185 0.77978658 0.40612669 0.51454443 0.79546602 0.90071342 0.73268029 0.01269542 0.43395900 0.23184356 0.51150067 0.94274392 0.53113541 0.11149710 0.06817952 0.37061163 0.35274976 0.23251601 0.65227202 0.64514562
0.75246993 0.21532371 0.07828319 0.56361412 0.65563895 0.77098553 0.71960200 0.14412541 0.99310745 0.30183518 0.61530215 0.18700716 0.21468336 0.18273941 0.47804770 0.28081634 0.74319176 0.76783127 0.07591252 0.28853292 0.11783226 0.37555040 0.80174246 0.63562267 0.11946712 0.11908560 0.24076021 0.91403827 0.87066863 0.46982430 0.20043203 0.41485952
0.75979900 0.86816983 0.97618684 0.20715751 0.05109234 0.52909624 0.59239805 0.29179918 0.21165240 0.82906761 0.38010849 0.17629259 0.31147632 0.30645726 0.53130003 0.94040538 0.33405881 0.35935914 0.20407864 0.49217182 0.87282727 0.18269247 0.34396697 0.25003693 0.48260337 0.35075788 0.63356628 0.92926860 0.90548194 0.72191149 0.88616989 0.45940176