1 solution:
6 3|1 4|4 4|5 3|6 4|4 4|6 3|6 6|5 7|4 1|2 3|4 3|4 1|3 5|6 4|5 8|4 7|5 1|5 7|4 3|4 3|5 5|1 7|5 8|4 4|2 3|6 3|5 4|6 7|6 7|4 5|1 4|1 8|5 5|3 8|5 4|4 5|4 3|1 3|5 3|3 5|5 6|5 3|6 4|5 8|6 5|1 2|6 4|4 3|5 7|fitness = 20.466352824427695|time = 147.30208699533927|true
2 solution:
6 5|5 7|6 7|4 7|6 3|4 3|1 7|4 6|5 3|5 4|2 5|5 6|4 3|5 8|5 3|5 7|1 8|6 4|1 5|6 4|4 4|2 8|1 8|5 2|1 8|4 1|5 2|6 3|6 1|5 5|4 7|6 8|4 8|5 3|1 6|6 4|1 7|1 8|5 3|1 4|6 3|6 3|6 7|1 5|6 5|1 3|2 1|6 3|5 5|6 8|fitness = 20.068370004527587|time = 132.3027902209533|true
3 solution:
1 7|3 3|6 5|5 8|4 4|6 5|5 3|4 5|5 3|5 5|6 4|4 3|1 3|2 3|4 7|5 6|4 6|4 6|4 3|4 4|4 4|6 3|5 3|4 7|6 4|1 4|4 4|6 3|5 5|4 4|5 3|5 5|1 4|3 4|5 1|5 7|4 8|2 1|4 4|2 3|2 1|4 6|6 8|2 1|6 4|4 4|4 7|4 6|1 1|4 1|fitness = 20.354357050833677|time = 144.28650276298032|true
4 solution:
5 8|5 5|4 1|4 4|2 3|6 3|2 7|6 7|4 4|5 8|5 4|6 5|4 2|4 8|6 7|3 4|5 3|1 2|4 3|4 7|5 3|6 4|2 5|6 3|6 3|6 3|6 8|4 3|2 4|5 7|4 7|4 3|6 3|2 1|6 4|5 5|6 4|6 7|4 7|4 1|6 7|4 1|1 6|2 2|6 3|1 4|4 8|6 3|5 5|6 7|fitness = 20.63634111477838|time = 149.59927487265549|true
5 solution:
1 4|1 3|4 6|2 4|2 6|2 3|4 3|1 6|4 3|2 4|6 4|6 6|3 5|1 2|2 7|1 8|5 1|4 0|1 6|2 1|4 3|6 3|1 5|4 4|5 3|4 3|5 6|6 4|4 4|2 5|1 3|4 7|2 1|4 4|5 8|5 7|1 8|6 3|4 8|2 3|6 4|2 2|6 4|1 1|6 3|3 4|4 7|5 8|6 7|6 5|fitness = 20.271338529565018|time = 141.5030732425103|true
6 solution:
5 3|2 3|1 3|5 4|5 3|2 5|4 7|2 3|6 3|6 4|5 7|6 3|1 1|3 1|4 7|5 5|1 6|5 4|4 4|1 3|5 8|6 8|4 3|6 3|4 7|2 6|5 6|5 1|6 1|4 1|1 4|2 2|4 8|4 4|1 3|1 3|6 4|6 8|5 6|5 3|4 7|2 4|1 1|1 6|6 4|6 5|4 7|6 4|1 7|2 1|fitness = 20.376276147831977|time = 140.3009303230877|true
7 solution:
5 6|2 4|3 2|4 1|1 8|5 3|5 2|5 6|6 3|5 3|4 4|6 4|2 3|4 4|4 8|2 1|4 4|1 7|3 3|4 8|5 4|6 1|6 3|4 3|4 5|6 4|1 4|6 3|2 5|6 7|5 6|4 2|3 5|4 7|6 5|5 2|3 4|5 3|6 3|2 3|5 5|4 3|5 5|6 7|4 4|4 4|4 8|3 3|5 1|2 4|fitness = 20.47252402071122|time = 148.06994593211405|true
8 solution:
6 3|6 7|3 2|6 4|6 4|6 6|1 3|5 8|3 3|3 4|6 3|3 8|2 1|1 4|4 1|6 3|4 6|3 2|6 4|1 4|5 8|1 8|4 1|4 1|1 1|2 7|6 1|3 3|4 3|2 5|1 7|5 5|5 8|2 7|4 3|2 8|1 3|1 0|6 1|6 1|4 5|5 7|2 3|2 3|5 8|5 5|4 3|1 7|3 3|4 3|fitness = 19.58047711498745|time = 149.58778938976113|true
9 solution:
4 5|4 3|6 2|5 4|5 3|6 8|1 7|6 1|4 3|4 4|4 4|6 5|4 8|5 2|6 8|2 4|3 4|5 2|5 4|6 8|6 7|1 3|4 8|5 3|4 7|2 4|4 4|6 7|6 4|3 3|6 3|6 2|6 5|6 1|1 4|5 7|3 3|6 3|4 4|3 3|4 1|4 3|6 5|5 5|4 7|3 3|5 8|6 5|5 8|6 4|fitness = 20.176044605062433|time = 144.7295305436775|true
10 solution:
5 7|1 8|3 4|4 7|6 3|4 7|2 7|6 4|4 4|2 4|5 3|6 4|5 6|4 7|6 3|5 8|4 7|4 8|6 3|5 0|5 2|6 3|4 4|5 7|4 8|5 3|4 4|5 8|6 4|4 3|2 3|4 1|6 4|2 3|1 1|5 3|4 6|4 1|3 3|5 6|4 4|4 1|1 6|5 3|5 5|3 1|4 5|2 3|6 7|2 1|fitness = 20.33348907420322|time = 149.40046619402546|true
11 solution:
4 7|3 4|4 7|6 4|1 4|1 3|6 3|6 6|1 1|1 4|1 3|6 3|4 8|1 7|5 7|5 3|4 8|1 2|6 1|6 3|6 4|2 8|6 1|4 3|3 5|6 1|5 3|5 1|1 5|6 7|6 3|4 1|6 3|4 4|6 5|2 3|6 4|6 8|4 1|2 3|6 5|4 4|4 4|5 4|5 5|5 6|6 5|5 5|5 8|4 4|fitness = 20.42200936360797|time = 148.14567794958828|true
12 solution:
6 4|6 3|6 1|2 7|5 7|6 7|6 7|3 7|2 3|2 5|6 4|4 3|4 4|6 4|2 7|6 4|1 4|4 8|1 2|3 4|6 1|3 1|5 8|4 3|4 3|6 3|4 7|6 4|5 8|5 1|4 3|1 3|4 3|5 5|5 2|4 4|5 7|6 2|4 3|4 3|6 7|5 6|4 7|5 3|5 5|5 3|4 7|6 4|6 3|6 7|fitness = 20.46691092680886|time = 143.20715902501735|true
13 solution:
4 3|4 5|4 8|5 8|6 7|3 3|4 7|6 6|5 3|6 3|5 3|4 4|4 7|4 4|4 8|5 5|5 7|4 7|1 7|6 4|5 3|2 7|6 4|6 4|5 1|6 3|2 5|2 4|5 8|6 4|3 3|5 5|4 3|4 8|5 8|5 3|6 5|6 4|6 7|6 3|6 5|5 1|6 8|6 3|5 8|5 7|6 8|6 3|6 7|6 3|fitness = 20.44252419497395|time = 146.86626635389354|true
14 solution:
1 4|4 1|4 8|5 5|4 4|2 4|2 3|6 8|5 8|4 4|2 5|2 8|4 5|3 2|5 2|2 3|6 4|4 8|4 1|4 1|5 3|5 5|1 4|1 3|1 3|4 3|6 4|5 7|6 2|5 5|1 3|4 3|6 7|2 5|6 7|5 4|3 4|1 4|1 3|5 5|5 1|1 6|3 3|6 3|1 7|2 3|2 4|3 3|5 7|6 3|fitness = 20.333612763070594|time = 144.63613312552764|true
15 solution:
3 3|5 4|5 5|4 1|6 3|5 4|6 7|2 3|1 5|2 3|6 3|1 7|6 8|5 2|5 3|6 2|6 8|4 4|1 7|2 3|5 5|6 4|6 4|1 4|5 5|4 7|5 7|6 7|6 4|1 5|6 3|6 3|4 3|5 8|3 3|5 4|6 7|6 7|5 3|4 3|6 5|6 4|4 1|4 7|6 5|6 8|5 8|2 4|6 1|2 4|fitness = 20.308152312546483|time = 147.97151793386598|true
16 solution:
2 5|2 3|4 8|6 3|2 3|4 4|4 7|4 8|2 7|3 4|2 5|4 4|4 3|4 0|3 3|4 4|4 4|6 5|5 4|5 3|5 6|6 4|2 3|1 8|4 3|4 4|4 1|6 4|2 4|5 3|3 3|5 8|5 5|5 5|2 3|6 4|5 2|5 1|6 3|6 8|6 4|5 6|3 7|3 3|4 7|6 5|4 8|4 4|4 1|5 5|fitness = 20.231162139222928|time = 149.70565721899538|true
17 solution:
5 3|4 3|4 1|6 1|4 3|4 3|5 7|6 2|5 6|6 8|2 4|6 8|1 5|6 5|1 1|1 5|6 8|4 8|2 4|3 3|2 4|2 3|4 8|1 5|1 4|6 7|2 4|6 3|1 8|3 3|1 3|2 8|4 3|2 2|4 8|4 4|6 6|5 1|4 7|4 5|6 5|4 1|4 4|4 4|6 1|5 1|4 3|2 3|5 8|6 8|fitness = 20.08936564668813|time = 144.3196406039388|true
18 solution:
1 1|4 1|2 8|4 4|5 4|2 1|4 3|1 8|2 3|5 5|2 5|6 8|2 3|6 3|6 6|6 3|1 6|2 3|5 3|2 3|4 8|5 3|2 4|4 3|2 2|6 3|6 1|4 4|4 7|1 1|4 1|6 4|4 7|5 1|5 1|5 7|2 4|4 4|6 8|5 4|3 3|6 3|6 5|4 1|6 6|3 1|3 7|1 3|1 1|1 6|fitness = 20.23080166384405|time = 149.65816839677933|true
19 solution:
4 3|5 3|4 8|6 3|4 7|5 3|6 3|4 8|3 3|5 6|5 8|1 1|5 5|6 7|4 4|6 4|6 5|5 8|5 8|4 7|6 3|5 5|5 8|2 4|6 8|6 3|5 3|4 4|2 8|5 3|5 8|4 4|6 5|6 8|2 6|5 5|5 7|1 4|6 7|5 3|3 8|6 4|1 1|1 5|4 3|1 5|6 5|5 3|1 3|4 8|fitness = 20.498426896115127|time = 147.15271978389544|true
20 solution:
6 7|4 3|4 2|5 3|5 3|6 3|6 8|3 8|6 3|5 5|1 7|6 6|4 3|5 3|6 8|6 4|6 5|6 8|4 1|6 5|2 5|6 4|5 5|5 3|6 3|6 3|4 2|5 8|5 8|6 3|4 8|6 4|4 3|6 2|5 5|6 4|4 8|6 4|4 7|5 5|6 5|4 1|4 2|1 8|6 3|4 7|4 7|6 4|5 8|6 4|fitness = 20.261379719898496|time = 145.93962329309133|true
21 solution:
3 3|6 4|6 2|4 7|4 3|6 7|2 4|6 7|2 3|5 6|6 3|6 7|6 3|1 2|6 8|6 3|5 6|2 5|4 4|5 8|6 4|5 8|4 3|5 1|2 4|4 4|5 5|4 3|6 5|6 8|1 5|5 5|5 6|5 8|1 5|6 4|2 3|6 3|4 4|4 7|6 3|5 3|6 3|5 4|6 4|4 4|4 8|5 5|6 7|5 5|fitness = 20.402969001949497|time = 145.6705081592957|true
22 solution:
4 1|5 3|6 7|4 4|4 4|4 3|6 5|4 8|5 5|5 8|3 3|4 7|6 4|4 2|2 4|6 5|3 3|6 3|4 4|5 5|1 7|5 7|4 4|5 3|4 7|5 3|5 5|5 3|4 4|5 8|6 5|4 5|2 3|4 4|5 1|5 8|5 7|2 8|4 8|5 3|5 6|4 7|5 3|1 7|6 3|6 4|4 8|5 5|6 8|5 5|fitness = 20.52456469262263|time = 148.62697624430783|true
23 solution:
5 4|2 7|6 2|6 1|4 7|5 3|4 3|6 8|6 3|5 8|5 5|6 7|4 8|6 5|6 6|2 5|6 1|1 4|4 3|6 3|5 8|5 7|4 4|5 3|4 8|4 3|2 4|5 7|5 3|5 4|6 4|3 3|4 7|5 5|4 7|5 5|4 5|6 4|4 4|3 3|5 1|6 7|6 8|6 3|6 3|6 3|4 7|6 3|4 4|6 3|fitness = 20.77345090964335|time = 143.50491061373643|true
24 solution:
5 1|5 8|4 5|2 4|6 3|4 3|6 3|4 6|6 3|5 5|6 3|4 3|6 5|6 6|6 4|6 4|6 3|5 7|5 5|5 6|5 7|6 4|5 5|5 4|4 5|5 3|5 6|4 5|4 4|3 4|4 7|4 4|3 3|5 7|2 5|4 3|5 8|6 7|6 3|6 7|2 6|4 3|4 2|4 3|5 1|6 3|4 6|2 7|6 8|6 1|fitness = 20.528447064691118|time = 146.5916827749392|true
25 solution:
5 3|6 5|6 4|2 7|4 7|2 3|4 4|6 5|5 3|4 8|6 7|5 3|5 5|5 5|1 8|5 3|2 5|1 4|4 1|5 3|4 1|2 6|1 7|6 3|4 7|4 3|6 4|4 7|5 3|1 4|5 8|3 7|6 5|5 5|5 7|2 4|1 1|6 3|2 1|5 3|5 1|3 8|2 3|1 3|6 6|1 5|6 3|1 7|5 8|2 4|fitness = 20.14363809607722|time = 146.1319794551897|true
26 solution:
1 8|5 5|5 8|5 1|6 8|1 7|5 1|1 1|1 4|4 7|3 1|4 8|4 6|4 8|3 1|5 6|3 4|2 6|4 4|4 3|4 3|1 1|1 1|6 4|6 3|6 6|2 3|6 4|4 8|5 7|1 1|6 3|4 7|2 3|6 1|2 5|6 3|2 3|4 3|6 3|1 8|1 5|1 3|1 4|2 1|3 3|6 0|6 3|2 1|6 4|fitness = 20.235181880882426|time = 148.5671231240403|true
27 solution:
3 3|5 5|3 7|6 4|4 3|1 3|4 4|4 6|1 4|4 3|3 7|3 4|4 8|2 3|2 5|5 3|5 3|1 2|6 4|2 4|5 5|4 4|4 7|6 3|5 5|4 3|5 4|3 5|4 3|5 3|2 4|4 4|3 1|5 8|3 1|5 1|4 1|4 3|3 3|2 7|4 5|1 4|6 7|4 4|5 5|5 5|6 5|2 3|2 4|3 3|fitness = 20.60107415659929|time = 147.75649197072735|true
28 solution:
2 3|5 3|5 8|6 1|1 3|1 4|2 4|5 3|1 4|5 7|3 5|1 5|4 7|6 8|4 1|1 4|4 3|1 5|4 1|4 3|5 3|2 3|1 8|5 7|3 1|3 3|3 4|5 5|6 3|4 4|4 3|6 5|2 3|4 5|6 5|5 5|2 2|6 8|5 3|5 6|1 8|4 8|4 1|4 1|4 4|1 1|4 1|4 4|1 8|4 3|fitness = 20.544934966713786|time = 144.66388171914045|true
29 solution:
4 4|6 5|4 5|5 4|2 3|2 5|4 3|6 7|1 3|1 1|4 7|4 4|4 1|4 8|1 2|6 1|4 1|4 5|1 3|4 3|5 1|4 4|5 3|1 8|4 1|4 1|5 3|2 7|2 7|6 3|6 4|4 8|3 5|5 6|6 1|2 1|1 3|4 3|3 3|4 4|4 4|6 1|3 1|1 6|6 3|5 8|3 3|4 3|6 5|4 1|fitness = 20.52770364197011|time = 145.05286799027786|true
30 solution:
4 1|4 1|6 5|6 7|1 3|5 8|5 7|4 8|1 3|3 3|2 3|2 6|2 3|3 2|4 3|2 4|4 7|4 7|5 5|1 1|5 1|2 4|2 3|4 7|6 3|2 3|1 1|5 5|1 8|5 1|4 4|5 8|6 4|4 3|6 8|5 7|4 1|6 5|4 3|5 3|4 7|1 7|2 3|1 8|4 4|1 8|4 2|5 2|5 5|2 7|fitness = 20.63286724457692|time = 148.6040454446892|true
The final result:
fmax = 20.77345090964335
fmin = 19.58047711498745
fmean = 20.364491592314387
standard std = 0.22602735757582912
-1 solution:
5 4|2 7|6 2|6 1|4 7|5 3|4 3|6 8|6 3|5 8|5 5|6 7|4 8|6 5|6 6|2 5|6 1|1 4|4 3|6 3|5 8|5 7|4 4|5 3|4 8|4 3|2 4|5 7|5 3|5 4|6 4|3 3|4 7|5 5|4 7|5 5|4 5|6 4|4 4|3 3|5 1|6 7|6 8|6 3|6 3|6 3|4 7|6 3|4 4|6 3|fitness = 20.77345090964335|time = 143.50491061373643|true
