1 solution:
2 3|2 2|2 2|2 3|3 3|2 4|2 3|1 2|2 4|2 2|2 3|2 3|3 3|3 2|2 2|2 2|1 3|3 2|1 1|3 2|2 3|2 4|2 1|3 2|fitness = 10.131243320426476|time = 110.80103000778378|true
2 solution:
1 2|1 2|2 3|3 4|3 3|2 4|2 4|2 1|2 3|2 1|2 2|2 4|3 2|3 2|2 3|3 2|1 2|2 3|1 2|2 3|1 3|2 3|2 4|2 3|fitness = 10.23057839191338|time = 115.86849547802483|true
3 solution:
2 3|2 3|2 4|2 2|3 2|2 4|2 3|2 3|1 3|1 2|2 2|2 4|2 2|3 2|1 4|2 4|1 3|3 3|1 3|3 2|3 3|2 4|2 2|1 1|fitness = 10.209560835649087|time = 105.14774441479521|true
4 solution:
2 3|1 2|2 4|2 3|3 3|2 4|2 2|2 3|2 4|2 2|2 2|3 2|2 2|3 2|2 4|1 3|2 2|1 2|2 3|2 4|2 2|2 4|2 3|2 1|fitness = 10.1205834897014|time = 102.1631676539794|true
5 solution:
3 3|1 3|2 4|2 4|1 3|2 4|2 4|3 2|1 3|2 3|1 3|1 2|2 2|3 2|2 1|2 3|3 3|3 3|1 4|3 4|3 3|1 2|1 1|2 2|fitness = 10.153647695413106|time = 97.64143025175886|true
6 solution:
2 2|2 3|2 4|2 3|3 3|2 2|1 4|2 1|1 2|2 3|2 4|2 3|2 3|3 2|3 3|2 2|3 3|3 2|1 2|3 2|1 2|2 3|1 4|2 4|fitness = 10.251150077329916|time = 102.44984639134299|true
7 solution:
2 3|2 2|2 2|2 3|3 3|1 2|2 1|2 3|2 4|2 2|1 3|2 2|2 3|1 3|2 2|2 2|2 1|2 2|2 3|2 2|2 3|2 3|2 4|2 2|fitness = 10.144060616481225|time = 117.07102128852877|true
8 solution:
1 3|2 2|2 3|3 3|3 3|2 3|2 2|2 1|1 3|2 2|2 2|2 2|2 4|3 2|2 4|2 4|3 2|2 1|2 3|2 2|2 1|3 3|1 2|2 4|fitness = 10.171670671794427|time = 93.97905664503179|true
9 solution:
3 2|3 2|2 3|2 4|3 3|2 3|2 2|3 2|2 3|1 2|2 3|2 2|2 4|2 1|2 1|1 2|3 3|1 3|3 2|2 4|3 3|3 3|2 4|2 4|fitness = 10.117275023812839|time = 110.55206797949509|true
10 solution:
2 3|1 3|2 4|1 2|3 3|2 3|2 4|2 1|1 2|3 2|2 3|2 2|2 3|3 2|2 4|3 4|3 3|3 2|2 3|3 2|1 1|2 3|2 4|2 1|fitness = 10.283585573487489|time = 101.96747771636062|true
11 solution:
2 3|3 2|2 3|1 2|3 3|2 3|2 3|2 3|1 3|2 2|2 2|2 3|2 2|3 2|2 4|2 2|3 3|2 4|2 4|3 2|3 3|2 2|2 4|1 2|fitness = 10.216306672418135|time = 110.65499170297234|true
12 solution:
2 3|2 3|1 4|2 1|3 3|2 3|2 4|3 2|2 4|2 3|3 3|2 3|3 2|3 2|2 4|2 2|3 3|3 2|1 4|2 1|1 3|3 3|2 4|2 4|fitness = 10.136341602300082|time = 99.6311763263182|true
13 solution:
3 2|2 2|1 4|1 4|3 3|2 2|2 2|2 2|2 3|2 3|2 3|2 3|2 2|3 2|2 4|2 3|3 3|3 3|2 3|1 2|3 3|3 3|2 4|2 4|fitness = 10.136224018239288|time = 115.05958340681666|true
14 solution:
1 2|2 4|2 3|2 4|3 3|2 2|1 1|2 1|1 2|3 3|2 3|2 3|2 4|3 2|1 3|3 4|1 3|3 2|1 2|3 2|3 3|1 2|1 4|3 2|fitness = 10.221245103091874|time = 111.16813750738616|true
15 solution:
1 2|2 3|2 4|2 3|3 3|2 2|2 4|3 2|1 3|2 2|2 2|2 3|2 3|3 2|2 4|2 3|3 3|2 3|3 3|1 1|3 2|1 2|2 2|2 4|fitness = 10.26115214802826|time = 102.67016373479453|true
16 solution:
3 2|2 4|2 3|3 2|3 3|2 3|2 3|2 3|2 3|2 1|2 2|2 3|1 2|3 2|2 2|3 4|3 3|2 4|2 4|3 2|3 2|3 3|2 3|2 2|fitness = 10.151922961376899|time = 115.07690654353881|true
17 solution:
1 3|1 2|1 1|2 1|3 2|2 3|2 3|3 2|2 3|2 2|3 2|2 3|2 4|3 2|1 1|2 4|3 3|1 4|2 4|2 1|2 3|1 2|2 1|2 3|fitness = 10.27637663582127|time = 87.61876910826895|true
18 solution:
1 3|3 2|1 2|2 4|3 2|2 4|2 2|2 3|2 3|2 2|2 3|2 4|2 3|2 2|2 3|3 2|3 2|1 3|1 4|2 2|3 3|2 4|2 1|1 3|fitness = 10.131647906424273|time = 107.96559890784552|true
19 solution:
2 2|1 2|2 3|2 2|3 3|2 4|2 2|3 2|3 3|1 1|2 3|2 3|2 3|3 2|2 1|2 1|1 2|2 3|2 4|3 2|3 3|2 2|1 1|1 4|fitness = 10.20880661093202|time = 95.87053609822208|true
20 solution:
2 3|2 2|3 3|2 4|3 3|2 4|2 4|2 3|1 3|2 2|2 3|2 4|2 3|3 2|1 1|3 4|2 3|3 2|3 2|3 2|3 3|2 2|2 3|2 4|fitness = 10.071685147584565|time = 110.34530225874295|true
21 solution:
2 3|2 2|2 3|3 4|3 3|2 2|2 4|2 3|1 2|2 1|1 2|2 3|2 4|3 2|2 2|3 2|3 2|3 3|2 3|3 2|1 3|3 2|1 4|2 3|fitness = 10.193692870215108|time = 116.02824116678235|true
22 solution:
3 3|1 2|2 2|2 3|3 3|1 2|2 4|2 2|2 2|3 3|2 3|2 3|2 3|3 2|1 4|2 2|1 3|1 2|2 3|2 4|3 2|2 3|3 1|2 4|fitness = 10.13255189688306|time = 114.83588932855412|true
23 solution:
2 3|3 2|3 2|3 2|3 3|2 3|1 2|2 1|1 3|2 2|1 3|2 2|3 2|3 3|1 2|3 2|3 3|2 3|1 3|2 4|1 3|2 4|3 2|1 4|fitness = 10.192073960894339|time = 118.44391174121073|true
24 solution:
1 2|2 2|1 4|2 2|3 3|2 3|2 4|2 1|1 2|2 1|2 4|2 3|2 3|3 2|1 2|1 3|3 3|3 4|1 3|2 1|2 2|2 2|1 4|3 2|fitness = 10.30210904045482|time = 108.87167435379982|true
25 solution:
2 3|2 3|1 4|2 1|3 3|2 2|2 3|3 2|1 3|2 2|1 2|2 4|2 3|3 2|1 1|3 2|3 3|3 3|1 2|3 2|3 3|2 3|2 4|2 4|fitness = 10.299735105436822|time = 112.44301737598256|true
26 solution:
2 4|2 2|2 4|2 3|3 3|2 3|2 4|2 2|2 3|2 3|1 2|1 2|2 3|3 2|1 4|3 4|2 1|3 3|1 1|3 2|3 3|2 3|2 4|2 4|fitness = 10.167221438910175|time = 102.88227535248203|true
27 solution:
1 2|2 3|2 4|2 2|3 2|2 2|2 4|3 2|2 3|3 2|1 2|2 3|2 3|3 2|3 2|3 2|1 3|3 3|3 3|3 4|1 3|1 2|2 3|2 4|fitness = 10.236722029009147|time = 112.14475588495365|true
28 solution:
2 3|2 3|1 2|2 3|3 3|2 4|2 4|2 3|2 3|3 3|3 3|2 2|1 3|3 2|2 4|3 2|2 2|1 1|1 4|3 2|3 3|2 3|2 4|2 1|fitness = 10.159351975557541|time = 119.5862669686993|true
29 solution:
2 3|3 2|2 2|2 3|3 3|1 2|2 3|3 2|1 3|2 1|2 3|2 1|2 4|3 2|1 4|3 4|3 3|2 3|2 4|3 2|3 3|2 3|2 2|1 2|fitness = 10.196347237248862|time = 103.58780811456373|true
30 solution:
3 2|1 2|1 4|3 2|3 3|2 2|2 4|3 2|1 3|2 2|2 4|2 4|2 2|3 2|2 2|3 2|1 2|2 3|1 3|2 1|3 4|2 1|2 4|2 4|fitness = 10.15615353207631|time = 108.9127354293857|true
The final result:
fmax = 10.30210904045482
fmin = 10.071685147584565
fmean = 10.18870078629707
standard std = 0.059806951970578566
-1 solution:
1 2|2 2|1 4|2 2|3 3|2 3|2 4|2 1|1 2|2 1|2 4|2 3|2 3|3 2|1 2|1 3|3 3|3 4|1 3|2 1|2 2|2 2|1 4|3 2|fitness = 10.30210904045482|time = 108.87167435379982|true
