1 solution:
3 2|3 2|2 3|2 3|3 3|2 2|1 3|2 1|2 3|2 3|1 2|1 3|2 4|2 3|2 3|1 2|1 3|3 2|1 1|2 2|3 2|2 2|1 4|1 3|fitness = 10.210370694514777|time = 115.64362266418719|true
2 solution:
1 2|2 2|1 2|2 3|3 1|2 3|2 1|2 3|1 3|2 4|2 2|1 2|1 2|3 3|2 3|2 2|3 3|2 1|2 4|3 2|2 3|1 3|1 4|2 0|fitness = 10.156099222315929|time = 114.83005147553644|true
3 solution:
1 3|2 3|2 3|2 3|3 2|2 1|2 4|2 3|2 4|1 2|2 3|2 3|1 2|3 2|2 2|2 3|2 3|2 3|2 4|2 2|2 2|3 2|3 2|3 4|fitness = 10.106280066383034|time = 100.25292864224211|true
4 solution:
1 3|1 2|3 4|2 3|3 2|2 3|2 4|2 1|1 3|3 3|1 3|2 2|2 4|3 2|2 4|2 3|3 2|3 2|1 4|2 3|3 3|2 2|2 3|3 2|fitness = 10.163287966065713|time = 92.00103631011122|true
5 solution:
2 3|2 4|3 2|3 4|3 2|2 2|2 1|2 4|2 3|2 2|2 3|1 2|2 3|2 1|1 1|3 2|3 2|2 1|2 3|3 2|2 1|3 3|3 3|2 3|fitness = 10.068225483135684|time = 94.35297855814635|true
6 solution:
2 4|2 3|2 4|2 3|3 3|2 4|2 4|2 2|2 3|3 2|1 2|2 3|2 2|3 2|1 4|3 4|3 3|3 4|1 4|3 4|3 3|2 1|2 3|2 3|fitness = 10.108097722475929|time = 96.43927623501266|true
7 solution:
3 2|2 3|3 2|2 2|3 3|1 3|2 4|2 3|2 3|2 3|2 3|2 1|2 2|3 2|2 4|3 4|1 3|1 2|2 3|2 4|3 2|3 4|2 1|2 4|fitness = 10.064358013826864|time = 105.17497417855692|true
8 solution:
2 3|2 3|3 2|2 3|3 3|2 3|2 3|2 1|3 3|3 2|1 3|2 2|2 4|3 2|2 4|3 4|3 3|3 3|2 2|3 2|2 3|2 4|2 2|3 2|fitness = 10.091582946768899|time = 115.8300072921114|true
9 solution:
2 2|1 3|2 4|3 2|3 3|2 1|2 4|2 3|1 2|2 2|3 2|2 2|2 4|2 2|2 3|3 2|2 4|1 4|1 3|3 2|3 2|3 3|3 3|2 4|fitness = 10.080474678910386|time = 90.18064631475805|true
10 solution:
2 3|3 2|1 4|2 4|3 3|2 3|1 3|2 4|2 3|2 3|3 3|2 2|2 2|3 3|1 3|3 2|1 4|3 2|1 2|2 1|3 2|3 3|2 4|2 4|fitness = 10.051664825273816|time = 110.29480423066275|true
11 solution:
3 2|2 3|2 4|2 3|3 2|2 3|2 4|2 3|2 2|3 3|2 2|3 2|2 3|2 1|2 2|2 2|1 3|2 2|2 4|3 4|2 3|1 1|3 2|2 2|fitness = 10.074178656538866|time = 99.07288568365092|true
12 solution:
2 4|2 4|1 4|2 1|3 3|2 4|2 2|2 3|1 3|2 2|2 3|2 2|2 3|2 1|2 4|3 2|3 3|3 2|2 4|2 1|1 2|2 3|3 4|3 2|fitness = 10.126339178053756|time = 86.18044130790774|true
13 solution:
1 2|2 3|2 3|1 3|3 3|2 3|2 3|2 1|2 2|2 2|2 4|2 3|1 3|3 2|2 3|2 1|3 2|2 4|2 4|2 0|3 2|2 3|3 2|2 0|fitness = 10.135582577613569|time = 113.08829572762505|true
14 solution:
1 2|2 4|1 4|2 3|3 3|2 2|1 2|3 2|1 2|3 3|3 3|2 3|3 3|2 2|1 2|3 4|3 3|3 2|1 3|2 1|1 3|1 3|1 4|3 4|fitness = 10.127699297519317|time = 102.58819892934427|true
15 solution:
1 2|2 3|1 1|1 3|3 3|1 4|1 4|2 2|1 2|2 3|2 3|2 2|2 2|3 2|2 3|3 2|2 3|2 4|1 3|2 4|3 3|2 4|1 4|3 2|fitness = 10.181615023013638|time = 94.56373118875366|true
16 solution:
3 2|2 2|2 1|2 3|3 3|1 3|1 4|2 2|1 2|2 3|3 3|2 4|2 4|2 3|1 1|2 3|1 4|1 2|1 3|3 4|3 3|2 3|3 4|2 2|fitness = 10.047478235451022|time = 110.9055121247376|true
17 solution:
3 2|2 3|2 3|2 4|3 3|2 3|1 0|2 3|1 2|2 1|2 3|2 2|2 3|3 2|2 4|2 2|3 2|3 4|1 4|3 4|3 3|3 2|1 4|3 3|fitness = 10.083848717253534|time = 117.7083446915151|true
18 solution:
2 3|3 4|2 2|2 3|3 3|2 2|2 4|2 2|3 3|2 3|1 2|2 3|2 3|3 3|2 3|2 2|3 3|1 4|1 0|2 1|1 1|3 3|3 2|2 2|fitness = 10.054957118415501|time = 108.59568269883022|true
19 solution:
2 2|3 2|1 3|1 2|3 3|2 2|2 3|2 1|1 2|2 3|1 2|2 3|2 2|2 2|2 4|2 4|3 2|2 1|1 4|1 4|3 3|3 2|2 4|2 4|fitness = 10.160012028200919|time = 111.46333971374968|true
20 solution:
2 3|2 4|2 4|3 4|3 2|2 2|2 2|3 2|1 3|3 2|2 4|2 2|3 2|3 2|1 4|3 4|1 3|1 1|2 3|3 1|3 3|2 3|3 2|2 2|fitness = 10.07682519556043|time = 109.99295537343018|true
21 solution:
1 3|2 3|2 4|3 2|3 3|2 1|1 3|2 3|3 2|3 2|2 3|2 2|2 3|3 2|2 4|2 2|2 3|2 4|2 2|2 2|3 3|3 3|3 4|2 4|fitness = 10.05775200120991|time = 110.79889297374461|true
22 solution:
3 3|2 2|2 3|2 3|3 2|1 2|2 3|2 3|1 4|3 3|1 3|2 2|2 4|3 2|2 1|2 4|2 3|3 3|1 3|3 2|1 4|3 3|2 2|1 1|fitness = 10.061134139962627|time = 110.58863226094165|true
23 solution:
3 2|3 2|2 4|3 3|3 2|2 4|2 4|2 1|2 3|2 2|2 1|2 2|2 1|2 2|2 3|2 3|3 3|1 1|1 1|3 4|1 3|1 2|2 1|3 3|fitness = 10.079547235904766|time = 77.06851772217914|true
24 solution:
1 3|2 2|2 3|2 2|3 3|1 4|2 4|2 3|1 2|2 2|2 4|2 2|2 3|2 1|3 2|3 2|3 2|3 4|2 4|2 1|3 3|2 4|3 4|3 2|fitness = 10.039726482080075|time = 85.78144254423026|true
25 solution:
2 3|2 4|2 3|2 3|3 3|2 4|2 4|3 2|3 3|3 3|1 2|2 2|1 2|3 2|2 2|2 3|3 3|3 4|1 4|2 2|1 2|2 3|3 4|2 3|fitness = 10.126183385216873|time = 96.47924746879939|true
26 solution:
2 2|2 4|2 3|1 2|3 2|2 1|2 3|3 2|3 4|2 2|2 3|2 2|1 3|3 2|2 1|3 4|3 2|2 0|3 3|3 2|3 3|2 2|3 2|2 2|fitness = 9.989020805061157|time = 114.6532501297856|true
27 solution:
1 2|1 3|2 3|2 2|3 3|2 1|2 3|2 2|1 1|3 2|3 2|2 2|2 3|2 3|2 1|2 4|1 2|3 4|1 3|3 2|3 3|1 4|3 4|1 4|fitness = 10.1414087253915|time = 105.08481678326204|true
28 solution:
2 4|1 2|2 3|2 4|3 2|2 2|1 4|2 2|2 3|2 4|2 3|2 3|2 3|3 2|2 3|2 4|3 3|2 4|3 4|3 4|1 3|2 3|3 2|2 2|fitness = 10.073855678421825|time = 109.80427531248365|true
29 solution:
1 3|3 2|2 4|2 2|3 3|2 2|1 4|2 1|2 4|2 4|2 3|2 3|3 3|2 1|3 2|2 2|3 3|3 3|2 3|2 3|3 2|3 2|3 3|2 3|fitness = 10.028106176496747|time = 108.4049296304474|true
30 solution:
2 3|2 4|2 4|3 2|1 3|1 3|3 4|2 2|2 3|2 4|2 3|2 3|2 3|3 2|1 4|3 2|1 2|1 2|3 3|1 1|1 3|2 2|2 3|2 2|fitness = 10.071680445786528|time = 112.6063049258951|true
The final result:
fmax = 10.210370694514777
fmin = 9.989020805061157
fmean = 10.094579757427452
standard std = 0.04968360536526856
-1 solution:
3 2|3 2|2 3|2 3|3 3|2 2|1 3|2 1|2 3|2 3|1 2|1 3|2 4|2 3|2 3|1 2|1 3|3 2|1 1|2 2|3 2|2 2|1 4|1 3|fitness = 10.210370694514777|time = 115.64362266418719|true
