1 solution:
1 2|2 2|1 2|2 1|1 1|2 1|2 2|2 1|1 2|2 1|2 2|1 2|2 2|2 1|2 1|1 2|1 1|1 1|1 3|1 2|1 2|1 3|1 1|2 1|fitness = 10.415368206307944|time = 118.19629096141296|true
2 solution:
1 2|1 2|2 0|2 2|2 1|2 3|1 2|1 2|1 2|1 2|2 1|1 2|2 2|1 1|1 1|1 2|1 1|3 2|1 3|1 1|1 1|1 1|1 1|1 2|fitness = 10.360257396011127|time = 116.38398031555948|true
3 solution:
1 2|1 2|1 1|1 2|1 1|1 2|1 2|2 1|1 1|1 2|1 3|2 2|1 2|2 1|1 1|1 2|1 2|1 0|1 2|2 1|1 1|1 1|1 3|1 2|fitness = 10.381807788843618|time = 118.76569300400676|true
4 solution:
1 2|1 2|1 3|1 2|1 1|2 1|1 2|2 2|1 2|1 2|1 1|1 2|1 2|2 1|1 1|1 2|1 2|1 1|1 1|2 1|1 1|1 2|1 1|1 0|fitness = 10.402552005687316|time = 119.91401506082249|true
5 solution:
1 2|1 2|1 2|1 1|1 1|1 2|2 3|2 1|1 2|2 2|1 1|1 2|1 2|2 1|2 3|1 2|1 1|1 1|1 2|2 3|1 1|1 2|1 1|1 3|fitness = 10.455295051992826|time = 118.53317392581077|true
6 solution:
2 2|1 2|1 2|1 2|1 1|2 3|1 2|2 1|1 2|2 1|2 3|2 3|2 2|1 2|1 1|1 2|1 1|1 1|1 3|1 1|1 1|1 2|1 1|1 1|fitness = 10.469363476771694|time = 108.25873943367401|true
7 solution:
1 2|1 2|1 0|1 1|1 2|2 3|1 2|2 1|1 2|2 1|2 2|2 2|1 2|3 2|1 1|1 2|1 1|1 1|1 2|2 1|1 3|1 1|1 1|1 1|fitness = 10.471676885931306|time = 116.53899069591174|true
8 solution:
1 2|1 2|1 1|1 1|1 3|1 2|1 0|1 1|1 2|2 1|1 2|1 2|1 2|1 3|1 1|1 2|1 1|1 1|1 2|2 1|1 1|1 2|1 1|1 1|fitness = 10.424077229118398|time = 115.58891954130927|true
9 solution:
1 2|1 2|1 1|1 1|2 1|2 3|1 2|1 1|1 2|2 3|1 3|1 2|1 2|2 1|1 1|1 2|1 1|1 1|1 3|1 1|1 2|1 2|1 1|2 0|fitness = 10.440238401013183|time = 106.85461714734724|true
10 solution:
1 2|1 2|2 1|2 1|1 1|1 2|2 3|1 2|1 3|1 2|2 2|1 2|1 2|1 2|1 1|1 1|1 3|1 1|1 2|1 1|1 3|1 1|2 1|1 1|fitness = 10.372208925414059|time = 108.15964135468226|true
11 solution:
1 2|1 2|2 1|1 2|1 2|2 2|1 2|2 1|1 2|1 2|2 1|1 2|1 2|2 1|1 0|2 2|1 1|1 1|1 3|1 1|1 2|2 1|1 1|1 1|fitness = 10.39439720912025|time = 119.77205181020011|true
12 solution:
1 3|1 2|1 2|1 2|1 2|2 1|1 1|2 1|1 2|1 2|1 2|2 2|1 2|2 1|1 1|2 3|1 1|1 3|1 2|1 1|1 3|1 3|1 2|1 3|fitness = 10.425205647403777|time = 115.38419145160759|true
13 solution:
1 2|2 2|1 2|1 2|1 1|1 2|1 2|2 1|1 2|1 2|1 2|2 3|1 3|1 3|2 3|1 2|1 3|1 1|1 3|1 1|1 3|1 1|1 1|1 1|fitness = 10.413977791085172|time = 96.09743515907448|true
14 solution:
1 2|1 2|1 1|1 1|1 1|1 2|1 2|2 1|1 2|1 1|1 1|1 2|1 2|1 1|1 1|1 1|1 2|1 1|1 3|2 1|2 3|1 2|1 1|2 0|fitness = 10.376708616206203|time = 119.56413087114981|true
15 solution:
1 2|1 2|1 1|1 2|1 1|2 3|1 2|2 1|1 2|2 2|1 2|2 1|2 2|2 1|1 1|1 1|1 1|1 1|1 1|2 1|1 2|1 2|2 3|2 2|fitness = 10.440784312790456|time = 119.57920753176522|true
16 solution:
2 2|1 2|1 2|2 3|1 1|2 3|2 3|2 2|1 2|2 2|2 1|2 1|1 2|3 2|2 3|3 2|2 1|1 1|1 1|1 1|1 1|2 1|2 3|2 2|fitness = 10.309948581138164|time = 110.57725341436216|true
17 solution:
1 3|1 3|1 2|1 1|1 3|2 3|1 2|1 2|1 2|3 2|1 1|1 2|1 2|3 2|1 3|1 3|1 3|1 1|1 3|1 1|1 2|1 2|1 4|2 1|fitness = 10.39052202536431|time = 119.60024772650945|true
18 solution:
1 2|1 2|1 2|2 1|3 2|1 2|1 2|2 1|1 2|2 1|1 1|2 2|1 2|2 1|1 1|2 3|1 1|1 1|1 2|1 1|2 3|1 3|1 1|1 1|fitness = 10.505964766324803|time = 113.7422166838398|true
19 solution:
1 2|1 2|1 1|1 2|1 3|1 2|1 2|1 2|1 2|1 2|1 1|1 2|1 3|1 1|1 1|1 2|1 1|1 2|1 3|1 1|1 3|1 1|1 1|1 2|fitness = 10.398209738166802|time = 118.6078821653282|true
20 solution:
1 2|1 2|1 1|1 1|1 2|1 2|2 2|2 1|1 3|1 2|1 2|1 2|2 3|2 1|2 1|1 2|2 1|1 1|1 3|2 1|1 3|1 2|1 2|1 1|fitness = 10.46122985209639|time = 102.42666007816797|true
21 solution:
1 2|2 3|1 3|1 2|1 2|1 2|1 1|2 1|1 3|1 1|1 1|1 1|1 2|1 2|1 1|1 2|1 2|1 2|1 2|2 1|1 1|1 2|1 1|1 1|fitness = 10.400524866545767|time = 115.49655051679798|true
22 solution:
1 2|1 1|1 1|1 2|3 3|2 2|1 2|2 1|1 2|2 1|1 1|1 2|2 2|1 1|2 3|1 2|1 2|1 2|2 2|1 1|1 1|2 3|1 1|1 1|fitness = 10.344640033285554|time = 115.14401006753604|true
23 solution:
1 2|1 2|1 2|1 2|1 1|1 1|2 3|1 2|2 2|1 2|1 2|1 2|1 2|2 1|1 3|1 2|1 1|1 1|1 3|2 1|1 1|1 3|1 3|1 1|fitness = 10.415725437600948|time = 105.01993029047377|true
24 solution:
1 2|2 3|2 2|2 2|2 2|1 2|1 3|2 1|1 2|1 1|1 2|2 2|1 3|2 1|1 2|2 3|1 1|2 2|1 1|2 1|1 1|1 1|1 1|1 2|fitness = 10.366955942844958|time = 117.76782845879666|true
25 solution:
1 2|1 2|1 3|1 2|1 3|1 2|2 1|2 1|1 2|1 2|2 3|1 2|1 2|1 2|1 0|1 2|1 1|2 3|1 3|2 1|1 1|1 2|1 1|2 1|fitness = 10.415726406765167|time = 110.28507366375773|true
26 solution:
1 2|1 2|1 2|1 2|2 1|1 2|1 2|1 2|1 3|1 3|1 3|1 2|1 2|1 1|1 1|1 3|1 3|1 1|1 1|1 2|1 1|1 3|2 1|2 2|fitness = 10.394405135509583|time = 116.94376438795636|true
27 solution:
1 2|2 3|1 2|1 1|1 2|1 2|2 3|2 1|1 2|1 2|1 2|2 2|1 2|1 2|1 1|2 1|1 1|1 2|1 1|2 1|1 3|2 1|1 1|2 1|fitness = 10.422872611293307|time = 118.39164738768844|true
28 solution:
2 2|2 2|1 2|2 2|2 1|1 2|1 2|2 1|2 3|1 2|1 3|1 2|1 2|1 3|1 1|2 1|1 1|1 1|1 2|1 1|2 3|1 2|1 1|1 1|fitness = 10.389076553807417|time = 113.32612036059331|true
29 solution:
1 2|1 2|1 3|1 2|2 1|1 2|1 2|2 1|1 2|1 1|1 2|1 2|2 3|2 1|1 1|1 2|1 1|3 2|1 1|1 1|3 2|1 1|1 2|1 1|fitness = 10.440176564899115|time = 117.89478655931465|true
30 solution:
1 2|1 2|1 1|1 2|1 1|1 2|1 2|1 1|1 2|1 2|1 2|1 2|1 2|1 1|1 1|2 1|1 3|2 1|1 3|2 1|1 1|1 2|1 2|1 1|fitness = 10.408274605249265|time = 119.20298988608484|true
The final result:
fmax = 10.505964766324803
fmin = 10.309948581138164
fmean = 10.41027240215296
standard std = 0.04077729499840717
-1 solution:
1 2|1 2|1 2|2 1|3 2|1 2|1 2|2 1|1 2|2 1|1 1|2 2|1 2|2 1|1 1|2 3|1 1|1 1|1 2|1 1|2 3|1 3|1 1|1 1|fitness = 10.505964766324803|time = 113.7422166838398|true
