1 solution:
2 3|1 2|1 2|2 1|1 2|1 2|2 3|2 1|1 1|1 2|1 1|2 2|1 3|1 2|1 2|2 0|1 2|1 2|1 3|1 1|2 1|1 1|1 2|1 1|fitness = 10.29231145120224|time = 114.2912521795698|true
2 solution:
2 1|1 2|2 0|1 2|2 1|2 2|1 2|2 1|1 2|2 1|2 1|1 3|2 2|1 2|1 1|1 0|2 1|1 1|1 2|2 0|1 2|1 1|1 1|1 3|fitness = 10.220893148570523|time = 117.19013285406764|true
3 solution:
1 2|1 2|1 2|1 2|1 1|2 1|1 2|2 1|1 2|2 1|1 2|1 2|1 3|2 1|1 1|1 1|1 1|1 1|1 3|1 1|2 2|1 1|1 2|1 2|fitness = 10.44186197664867|time = 118.0166192029396|true
4 solution:
1 1|1 3|1 3|1 3|3 3|1 2|2 3|1 2|1 2|2 1|2 1|1 2|1 2|1 2|1 1|1 2|1 1|2 1|1 0|1 2|1 2|1 1|1 1|2 1|fitness = 10.303998105620643|time = 107.16479945598134|true
5 solution:
1 2|1 2|1 1|1 3|1 3|1 2|2 3|1 1|1 3|2 1|1 2|1 2|1 2|1 2|1 1|1 2|1 1|1 1|1 1|1 1|1 2|2 3|1 1|1 1|fitness = 10.434067087303013|time = 110.13942160620546|true
6 solution:
1 2|1 2|1 1|1 2|1 3|1 1|1 1|2 2|1 2|2 1|1 1|1 2|1 2|3 2|1 1|2 1|1 1|1 1|1 3|1 2|1 2|1 3|1 0|1 1|fitness = 10.381575280663046|time = 109.23355662785659|true
7 solution:
1 2|1 2|1 1|1 1|1 2|1 1|2 2|1 3|1 3|1 2|1 3|1 2|1 3|1 2|2 2|3 2|1 1|1 1|1 2|1 1|1 1|2 2|1 1|1 1|fitness = 10.312844235253316|time = 110.50642043508279|true
8 solution:
1 2|1 3|1 1|1 2|1 1|1 2|1 2|1 2|1 3|2 1|1 3|1 2|2 1|1 3|1 1|1 2|1 2|1 1|1 3|2 1|1 2|1 3|1 1|2 1|fitness = 10.406334969281776|time = 94.48452232070456|true
9 solution:
1 2|2 2|1 1|2 2|1 1|1 1|1 1|2 1|1 3|1 2|1 2|1 2|1 2|2 3|1 1|1 3|1 2|1 1|1 2|2 1|1 1|1 2|2 0|1 2|fitness = 10.352607239376631|time = 108.99831340800488|true
10 solution:
1 2|1 2|1 1|1 1|1 1|1 3|1 2|2 1|1 2|1 2|1 2|1 2|1 2|1 2|1 1|1 2|1 1|1 1|1 3|1 2|1 1|1 1|1 1|1 0|fitness = 10.400365831652923|time = 114.32395811078777|true
11 solution:
1 2|1 2|1 3|1 1|1 2|2 1|1 2|2 1|1 3|1 1|1 2|1 2|1 2|1 1|1 1|1 2|1 2|1 2|1 2|1 1|1 1|1 1|1 1|1 0|fitness = 10.363483170464656|time = 115.35089154444442|true
12 solution:
1 2|1 3|1 2|1 1|2 1|1 1|1 2|2 1|1 3|1 1|1 2|1 2|1 2|1 2|1 1|1 2|1 2|1 1|1 2|1 1|1 1|1 2|1 1|1 3|fitness = 10.432580427803202|time = 116.8561338196813|true
13 solution:
1 2|1 2|1 3|1 2|3 1|1 2|1 2|3 2|1 2|1 1|1 3|1 2|1 1|2 1|1 2|1 2|1 1|1 1|1 3|1 3|2 2|1 3|1 1|1 1|fitness = 10.330571307910724|time = 116.80981010292328|true
14 solution:
1 2|1 2|2 0|1 2|1 2|2 1|1 2|1 1|1 2|2 1|2 1|1 2|2 1|2 1|1 2|1 1|2 1|1 2|1 3|1 1|1 1|1 2|1 1|2 0|fitness = 10.28540089215357|time = 115.72219708307182|true
15 solution:
1 2|2 2|1 1|2 1|2 1|1 2|1 2|1 1|1 2|1 2|1 2|2 3|1 2|2 1|1 1|1 3|1 3|1 1|1 2|2 1|2 1|1 2|1 3|1 3|fitness = 10.41876543217842|time = 117.03716360789691|true
16 solution:
1 2|1 2|1 3|2 1|1 1|1 2|1 3|2 1|1 2|1 2|2 2|1 2|1 2|1 2|1 1|1 1|1 1|1 1|1 3|1 1|1 1|2 3|1 0|2 1|fitness = 10.392557198995599|time = 106.06766743131699|true
17 solution:
1 2|1 1|1 1|1 1|1 1|1 2|2 4|1 2|1 3|1 2|1 2|1 2|1 2|2 1|2 1|1 2|2 3|1 1|1 3|2 1|1 2|1 2|1 1|2 1|fitness = 10.372272034717506|time = 111.44607937092341|true
18 solution:
1 2|1 2|1 1|1 2|1 3|2 1|1 1|2 3|1 2|1 2|1 2|1 2|1 3|3 3|1 1|2 2|1 1|1 0|1 2|2 1|1 2|1 1|1 2|1 2|fitness = 10.343953659304447|time = 117.6310787691985|true
19 solution:
1 2|1 2|2 3|1 2|3 2|2 3|1 1|1 1|1 3|1 1|1 3|2 3|1 3|3 2|1 1|2 4|1 1|1 2|1 2|1 1|1 2|1 3|1 1|1 1|fitness = 10.436271313954368|time = 88.05839745866255|true
20 solution:
1 3|1 3|1 2|1 1|2 1|1 2|1 1|2 2|1 2|1 1|2 2|2 3|1 2|2 3|1 1|2 2|1 2|1 2|1 1|2 2|1 1|1 3|1 1|1 1|fitness = 10.353543445662092|time = 112.12467070460508|true
21 solution:
1 2|1 2|1 2|1 2|1 1|1 1|1 0|2 1|2 3|1 1|1 2|1 2|1 2|1 2|1 1|1 2|3 2|2 3|1 1|2 1|1 1|1 2|1 1|1 1|fitness = 10.341553615500688|time = 118.17478189597308|true
22 solution:
1 3|1 2|1 1|1 2|3 2|2 3|2 2|2 1|1 1|1 2|1 2|1 2|1 2|1 1|1 2|1 2|1 2|1 1|1 2|2 1|1 1|1 4|2 3|1 1|fitness = 10.402920353509254|time = 114.34684934320022|true
23 solution:
1 2|1 3|1 2|1 1|3 2|2 2|1 2|2 2|1 3|2 3|1 1|2 3|2 2|2 1|1 0|2 1|1 1|1 3|1 3|2 1|1 3|2 3|1 1|2 1|fitness = 10.372804559886488|time = 95.51937753798835|true
24 solution:
1 2|1 2|1 2|2 2|1 2|2 1|1 2|2 1|2 3|1 2|1 2|2 1|1 2|2 1|1 3|1 2|1 3|1 1|1 3|1 1|1 1|1 1|1 2|1 1|fitness = 10.412271352422058|time = 113.39565768429999|true
25 solution:
1 2|1 2|1 2|1 3|1 2|2 3|1 1|2 1|2 2|2 1|1 3|2 2|1 2|1 1|1 1|2 1|1 1|1 1|1 3|1 1|1 2|1 2|2 1|1 2|fitness = 10.397805945003933|time = 119.83432965329324|true
26 solution:
1 1|2 3|1 2|1 2|2 1|2 1|2 1|2 1|1 2|1 2|2 1|1 2|2 1|1 2|1 2|1 2|1 3|1 3|2 0|1 2|1 1|1 2|1 1|1 1|fitness = 10.239057179100417|time = 113.119750972584|true
27 solution:
1 2|1 2|1 2|1 2|1 3|1 2|1 1|1 1|1 3|2 1|1 2|1 2|2 1|1 2|1 1|1 1|1 1|1 1|1 1|2 1|1 2|1 2|2 2|1 1|fitness = 10.416033332473132|time = 118.61784350637512|true
28 solution:
1 2|1 2|1 3|1 2|1 1|2 1|2 3|2 2|1 2|2 1|1 1|1 2|1 2|2 1|1 2|1 2|2 1|1 1|1 3|1 1|1 2|1 3|1 1|1 1|fitness = 10.415398061906439|time = 105.28012742864462|true
29 solution:
1 2|1 2|1 2|1 2|1 2|1 2|1 0|2 1|1 3|1 1|2 1|1 3|1 3|3 2|1 2|2 2|1 1|1 2|1 1|1 1|1 1|1 3|1 1|2 0|fitness = 10.338253534555806|time = 103.98336353246886|true
30 solution:
1 2|1 3|1 2|2 1|1 3|1 2|1 3|2 1|1 2|1 2|1 3|2 2|2 2|1 2|1 1|1 3|1 2|1 2|1 1|1 1|1 1|1 2|1 1|1 0|fitness = 10.357242665951452|time = 118.98954088674839|true
The final result:
fmax = 10.44186197664867
fmin = 10.220893148570523
fmean = 10.365653293634235
standard std = 0.05727526369657865
-1 solution:
1 2|1 2|1 2|1 2|1 1|2 1|1 2|2 1|1 2|2 1|1 2|1 2|1 3|2 1|1 1|1 1|1 1|1 1|1 3|1 1|2 2|1 1|1 2|1 2|fitness = 10.44186197664867|time = 118.0166192029396|true
