1 solution:
1 2|2 2|1 2|2 2|2 1|2 2|2 3|2 3|1 2|2 2|2 2|2 1|1 2|2 1|1 2|2 1|2 1|2 1|2 3|2 1|2 1|1 1|1 1|2 3|fitness = 10.310641907931485|time = 105.04879620020914|true
2 solution:
1 2|1 2|1 1|1 2|3 2|2 2|1 2|2 1|1 3|1 2|1 3|1 2|1 2|2 1|1 1|1 2|1 1|1 1|1 3|2 1|1 1|1 2|1 1|1 1|fitness = 10.554900422847913|time = 118.49437509780198|true
3 solution:
1 2|1 2|2 3|1 2|1 2|2 3|2 3|2 1|1 2|2 1|2 3|2 3|1 2|3 2|1 1|1 2|1 3|1 3|1 2|2 1|1 1|2 3|1 1|1 2|fitness = 10.52376925032101|time = 111.11490433309086|true
4 solution:
1 2|2 3|1 2|2 3|2 1|2 2|2 1|2 1|1 3|2 2|2 1|2 2|1 2|1 2|2 2|2 2|3 3|1 1|1 3|2 3|1 3|2 3|2 3|2 2|fitness = 10.356457981600299|time = 103.60019534938132|true
5 solution:
1 2|2 3|1 1|2 1|2 1|2 3|2 3|2 1|1 3|2 1|1 2|2 2|2 2|3 2|1 1|1 2|1 1|1 1|1 3|2 1|1 1|1 2|1 1|1 2|fitness = 10.5198396155042|time = 111.4742833166309|true
6 solution:
1 2|1 2|1 2|1 2|2 1|2 3|2 3|2 1|1 3|2 1|2 2|2 3|2 3|1 2|1 2|1 1|3 3|1 1|1 3|2 1|1 1|1 2|1 3|2 3|fitness = 10.464487140059816|time = 103.90267336845658|true
7 solution:
1 2|1 2|1 2|1 2|2 1|2 3|2 1|2 1|1 3|2 1|2 3|1 2|2 3|3 2|2 1|1 1|1 3|2 1|1 3|3 2|2 3|1 2|1 1|2 1|fitness = 10.446203404313383|time = 97.75699893022721|true
8 solution:
2 3|2 2|2 3|1 2|3 2|2 3|1 2|2 1|1 2|2 2|1 3|1 2|2 3|3 2|1 2|1 1|3 3|2 3|1 2|2 1|2 3|2 3|1 3|1 1|fitness = 10.415613678296587|time = 109.9886813640562|true
9 solution:
1 2|1 2|2 3|2 1|2 1|2 3|1 2|2 1|1 2|2 1|1 2|2 3|1 2|2 1|1 1|2 3|1 2|1 1|1 3|2 1|1 1|1 2|1 2|1 1|fitness = 10.529497069345853|time = 111.36492625869252|true
10 solution:
1 2|1 2|2 2|1 1|1 1|2 2|1 2|1 1|1 2|2 1|2 1|2 2|2 2|2 1|2 1|1 2|1 2|1 1|1 1|1 1|1 3|2 2|1 1|1 3|fitness = 10.358232713760724|time = 119.6259270775449|true
11 solution:
2 2|1 2|2 1|2 3|2 1|1 2|2 2|1 2|1 3|1 2|1 2|2 3|2 3|1 2|2 1|1 2|1 1|1 1|1 3|2 1|1 3|2 3|1 3|1 1|fitness = 10.40299613930628|time = 93.2866221456465|true
12 solution:
1 2|1 2|1 2|1 2|1 2|2 3|2 3|2 1|1 2|1 2|2 3|1 2|2 3|3 2|1 1|1 2|1 3|1 1|1 3|2 1|1 2|1 1|1 1|2 1|fitness = 10.536031705290016|time = 107.56835422980123|true
13 solution:
1 2|1 2|2 3|2 2|1 2|1 3|2 0|2 1|1 2|2 2|2 2|1 2|2 2|2 1|1 1|2 3|1 1|1 1|1 2|2 1|1 1|1 1|1 2|1 3|fitness = 10.409775872669224|time = 105.65907747237024|true
14 solution:
1 2|1 2|1 2|2 1|2 1|2 2|1 3|2 1|1 2|2 1|1 2|2 1|1 2|2 1|1 1|3 2|1 2|1 1|1 3|2 1|1 1|1 2|1 1|2 3|fitness = 10.509746607496798|time = 111.48815085143951|true
15 solution:
2 2|2 3|2 1|2 3|2 3|2 3|2 3|1 2|2 3|1 2|1 2|2 3|2 2|2 3|2 2|2 2|2 1|1 1|1 2|2 2|1 2|1 1|2 3|1 1|fitness = 10.265732372090762|time = 105.40281982630799|true
16 solution:
1 2|1 3|1 2|2 2|1 2|1 2|1 2|2 1|1 2|2 2|1 2|1 2|2 3|2 1|1 1|2 2|2 3|1 1|2 3|2 1|1 1|1 2|1 1|1 1|fitness = 10.46528171079494|time = 115.32456250314117|true
17 solution:
1 2|1 2|2 1|1 1|1 1|2 3|1 2|2 2|1 3|1 2|1 2|1 2|1 2|2 1|1 1|2 3|1 1|1 1|1 3|3 2|2 1|1 3|1 1|2 3|fitness = 10.439009608613713|time = 97.8965911344378|true
18 solution:
2 3|2 3|1 2|2 2|2 1|1 2|2 2|2 1|1 3|2 1|1 2|1 2|2 2|2 3|1 1|1 2|1 3|1 1|1 2|2 1|1 1|1 1|1 2|2 1|fitness = 10.45702988950642|time = 104.97412456527603|true
19 solution:
2 1|2 3|2 2|1 1|1 2|1 2|2 3|2 1|1 3|1 2|1 2|1 2|1 2|2 1|1 1|1 1|2 2|1 2|1 3|1 1|2 1|1 1|1 1|1 2|fitness = 10.341575162953864|time = 105.65639977706047|true
20 solution:
1 2|1 2|1 1|1 1|2 1|2 1|1 2|2 1|1 2|2 1|1 2|1 2|1 2|3 2|1 2|1 2|1 1|2 3|2 3|1 1|1 1|1 2|2 1|2 1|fitness = 10.436502545517348|time = 117.66131056185691|true
21 solution:
2 2|1 2|1 2|2 3|1 3|2 2|2 3|2 2|2 3|2 1|1 2|2 2|1 2|2 1|1 1|2 1|1 3|1 1|2 3|2 1|1 2|1 2|2 3|2 1|fitness = 10.412528316820682|time = 117.38962277256394|true
22 solution:
1 3|1 2|2 3|2 3|1 2|1 1|2 1|2 1|1 2|1 2|1 2|2 3|1 2|1 2|1 1|1 3|2 3|1 1|1 3|3 2|2 1|2 2|1 1|1 1|fitness = 10.36521305620816|time = 102.87368726038265|true
23 solution:
1 2|1 2|1 1|2 3|2 1|2 2|1 2|2 2|1 3|1 1|1 2|1 2|2 3|2 1|1 1|2 3|2 1|3 2|2 3|2 1|1 2|2 1|2 3|1 2|fitness = 10.372393066613867|time = 111.11351529433503|true
24 solution:
2 3|1 2|1 3|2 2|3 3|2 2|2 3|2 2|1 2|2 2|2 3|2 2|1 2|2 1|2 1|2 1|1 1|1 1|1 1|1 2|2 1|1 2|2 3|2 1|fitness = 10.375769069774048|time = 109.88915884115357|true
25 solution:
2 2|1 2|1 2|2 1|3 3|1 2|2 1|2 1|1 2|2 1|1 2|1 2|2 3|1 2|1 1|1 1|1 2|1 1|2 3|1 1|1 1|1 3|2 2|2 1|fitness = 10.42612580909255|time = 111.2512704299439|true
26 solution:
1 2|1 2|1 2|2 3|2 1|2 3|2 3|2 1|1 2|1 2|2 1|1 2|1 2|2 1|2 1|1 2|3 3|1 1|1 3|2 1|3 2|1 2|1 1|1 1|fitness = 10.493014336273193|time = 105.14981980426793|true
27 solution:
1 2|1 2|1 2|1 1|2 1|1 2|1 2|2 1|1 2|2 1|1 1|1 2|1 2|1 3|1 1|2 2|1 1|1 1|1 3|2 2|1 3|1 2|1 1|1 1|fitness = 10.481389487712251|time = 119.01854145846478|true
28 solution:
1 2|1 2|2 3|1 2|3 3|2 2|2 3|2 1|1 3|1 2|2 3|1 2|1 2|1 2|1 1|2 3|1 1|1 1|1 2|2 1|1 1|1 2|1 2|2 1|fitness = 10.523444778804837|time = 112.71369110598658|true
29 solution:
1 2|1 2|1 2|1 2|2 1|1 2|2 3|2 1|1 2|2 1|1 2|2 2|2 3|1 3|1 1|1 2|1 2|2 1|1 3|2 1|1 1|1 2|1 1|1 3|fitness = 10.488009043234243|time = 110.31324340313063|true
30 solution:
1 2|1 2|1 2|2 3|2 1|2 1|2 2|2 1|1 2|2 1|1 2|1 2|2 3|2 1|2 3|1 2|1 1|1 1|1 3|1 1|1 2|1 3|1 3|1 2|fitness = 10.482946993048984|time = 108.80076722695041|true
The final result:
fmax = 10.554900422847913
fmin = 10.265732372090762
fmean = 10.438805291860112
standard std = 0.0729745304224206
-1 solution:
1 2|1 2|1 1|1 2|3 2|2 2|1 2|2 1|1 3|1 2|1 3|1 2|1 2|2 1|1 1|1 2|1 1|1 1|1 3|2 1|1 1|1 2|1 1|1 1|fitness = 10.554900422847913|time = 118.49437509780198|true
