1 solution:
1 1 1 0 1(3,4)|1 1 0 1 1(3,4)|1 1 0 1 1(3,4)|0 1 1 1 1(3,4)|1 1 0 1 1(3,4)|0 1 1 1 1(3,4)|0 1 1 1 1(3,4)|1 0 1 1 1(3,4)|1 1 0 1 1(3,4)|1 0 1 1 1(3,4)|0 1 1 1 1(3,4)|0 1 1 1 1(3,4)|fitness = 0.19664653186557018|td = 24.183135704874836|tp = 301.9079210747236|valid
2 solution:
1 0 1 1 1(3,4)|1 1 0 1 1(3,4)|1 1 0 1 1(3,4)|0 1 1 1 1(3,4)|0 1 1 1 1(3,4)|0 1 1 1 1(3,4)|1 1 0 1 1(3,4)|1 1 0 1 1(3,4)|1 1 0 1 1(3,4)|0 1 1 1 1(3,4)|0 1 1 1 1(3,4)|1 0 1 1 1(3,4)|fitness = 0.1968206926869582|td = 22.52042160737813|tp = 301.9079210747236|valid
3 solution:
0 1 1 1 1(3,4)|1 1 0 1 1(3,4)|1 0 1 1 1(3,4)|0 1 1 1 1(3,4)|1 0 1 1 1(3,4)|0 1 1 1 1(3,4)|0 1 1 1 1(3,4)|0 1 1 1 1(3,4)|0 1 1 1 1(3,4)|1 1 0 1 1(3,4)|1 1 0 1 1(3,4)|1 1 0 1 1(3,4)|fitness = 0.1968183730934905|td = 25.34722222222222|tp = 301.9079210747236|valid
4 solution:
0 1 1 1 1(3,4)|1 0 1 1 1(3,4)|0 1 1 1 1(3,4)|1 1 1 0 1(3,4)|0 1 1 1 1(3,4)|1 0 1 1 1(3,4)|1 1 0 1 1(3,4)|1 1 0 1 1(3,4)|0 1 1 1 1(3,4)|0 1 1 1 1(3,4)|1 1 0 1 1(3,4)|1 1 0 1 1(3,4)|fitness = 0.1966465318655702|td = 23.38888888888889|tp = 301.9079210747236|valid
5 solution:
1 0 1 1 1(3,4)|1 1 0 1 1(3,4)|1 0 1 1 1(3,4)|1 1 0 1 1(3,4)|1 1 0 1 1(3,4)|1 0 1 1 1(3,4)|1 0 1 1 1(3,4)|0 1 1 1 1(3,4)|1 0 1 1 1(3,4)|0 1 1 1 1(3,4)|1 1 0 1 1(3,4)|0 1 1 1 1(3,4)|fitness = 0.19671579539026518|td = 21.38064516129032|tp = 301.9079210747236|valid
6 solution:
0 1 1 1 1(3,4)|0 1 1 1 1(3,4)|0 1 1 1 1(3,4)|0 1 1 1 1(3,4)|0 1 1 1 1(3,4)|0 1 1 1 1(3,4)|0 1 1 1 1(3,4)|0 1 1 1 1(3,4)|0 1 1 1 1(3,4)|0 1 1 1 1(3,4)|0 1 1 1 1(3,4)|0 1 1 1 1(3,4)|fitness = 0.19687747985510345|td = 34.520833333333336|tp = 301.9079210747236|valid
7 solution:
0 1 1 1 1(3,4)|0 1 1 1 1(3,4)|1 1 0 1 1(3,4)|1 1 0 1 1(3,4)|1 1 0 1 1(3,4)|1 0 1 1 1(3,4)|1 0 1 1 1(3,4)|0 1 1 1 1(3,4)|0 1 1 1 1(3,4)|0 1 1 1 1(3,4)|1 0 1 1 1(3,4)|0 1 1 1 1(3,4)|fitness = 0.1967818609322811|td = 25.01909722222222|tp = 301.9079210747236|valid
8 solution:
0 1 1 1 0(3,3)|1 1 0 1 1(3,4)|1 1 0 1 1(3,4)|1 1 0 1 1(3,4)|0 1 1 1 1(3,4)|1 1 0 1 1(3,4)|1 0 1 1 1(3,4)|0 1 1 1 1(3,4)|1 1 0 1 1(3,4)|1 1 0 1 1(3,4)|0 1 1 1 1(3,4)|1 1 0 1 1(3,4)|fitness = 0.1967536268597911|td = 24.266139657444004|tp = 234.4154170677377|valid
9 solution:
0 1 1 1 1(3,4)|1 0 1 1 1(3,4)|1 0 1 1 1(3,4)|0 1 1 1 1(3,4)|0 1 1 1 1(3,4)|0 1 1 1 1(3,4)|0 1 1 1 1(3,4)|0 1 1 1 1(3,4)|0 1 1 1 1(3,4)|1 1 0 1 1(3,4)|0 1 1 1 1(3,4)|1 1 0 1 1(3,4)|fitness = 0.1968137339065552|td = 32.880208333333336|tp = 301.9079210747236|valid
10 solution:
1 1 0 1 1(3,4)|1 1 0 1 1(3,4)|1 1 0 1 1(3,4)|1 1 0 1 1(3,4)|1 1 0 1 1(3,4)|1 1 0 1 1(3,4)|1 1 0 1 1(3,4)|1 1 0 1 1(3,4)|1 1 0 1 1(3,4)|1 1 0 1 1(3,4)|1 1 0 1 1(3,4)|1 1 0 1 1(3,4)|fitness = 0.19690531497671543|td = 26.197628458498023|tp = 301.9079210747236|valid
11 solution:
0 1 1 1 1(3,4)|1 0 1 1 1(3,4)|1 0 1 1 1(3,4)|1 1 0 1 1(3,4)|1 0 1 1 1(3,4)|1 1 0 1 1(3,4)|1 1 0 1 1(3,4)|1 1 0 1 1(3,4)|0 1 1 1 1(3,4)|1 1 0 1 1(3,4)|0 1 1 1 1(3,4)|1 1 0 1 1(3,4)|fitness = 0.19678881971268408|td = 21.38064516129032|tp = 301.9079210747236|valid
12 solution:
0 1 1 1 1(3,4)|0 1 1 1 1(3,4)|0 1 1 1 1(3,4)|1 1 0 1 1(3,4)|0 1 1 1 1(3,4)|1 0 1 1 1(3,4)|0 1 1 1 1(3,4)|1 1 0 1 1(3,4)|1 1 0 1 1(3,4)|0 1 1 1 1(3,4)|1 1 0 1 1(3,4)|1 1 0 1 1(3,4)|fitness = 0.1968548852547|td = 22.885375494071145|tp = 301.9079210747236|valid
13 solution:
0 1 1 1 1(3,4)|1 1 0 1 1(3,4)|1 1 0 1 1(3,4)|1 1 0 1 1(3,4)|1 1 0 1 1(3,4)|0 1 1 1 1(3,4)|1 1 1 0 1(3,4)|1 0 1 1 1(3,4)|1 1 0 1 1(3,4)|0 1 1 1 1(3,4)|1 1 0 1 1(3,4)|1 0 1 1 1(3,4)|fitness = 0.1966511710525055|td = 23.07509881422925|tp = 301.9079210747236|valid
14 solution:
1 1 0 1 1(3,4)|1 0 1 1 1(3,4)|1 1 0 1 1(3,4)|1 0 1 1 1(3,4)|1 0 1 1 1(3,4)|0 1 1 1 1(3,4)|1 0 1 1 1(3,4)|1 1 0 1 1(3,4)|1 1 0 1 1(3,4)|0 1 1 1 1(3,4)|1 0 1 1 1(3,4)|1 1 0 1 1(3,4)|fitness = 0.19671811498373282|td = 21.38064516129032|tp = 301.9079210747236|valid
15 solution:
1 0 1 1 1(3,4)|0 1 1 1 1(3,4)|1 1 0 1 1(3,4)|1 1 0 1 1(3,4)|1 1 0 1 1(3,4)|1 1 0 1 1(3,4)|1 1 0 1 1(3,4)|1 1 0 1 1(3,4)|0 1 1 1 1(3,4)|0 1 1 1 1(3,4)|1 1 0 1 1(3,4)|0 1 1 1 1(3,4)|fitness = 0.19685952444163535|td = 23.696969696969695|tp = 301.9079210747236|valid
16 solution:
1 1 0 1 1(3,4)|1 1 0 1 1(3,4)|1 1 0 1 1(3,4)|0 1 1 1 1(3,4)|1 1 0 1 1(3,4)|0 1 1 1 1(3,4)|1 0 1 1 1(3,4)|1 1 0 1 1(3,4)|1 0 1 1 1(3,4)|0 1 1 1 1(3,4)|1 1 0 1 1(3,4)|0 1 1 1 1(3,4)|fitness = 0.19682301228042587|td = 21.931488801054016|tp = 301.9079210747236|valid
17 solution:
0 1 1 1 1(3,4)|0 1 1 1 1(3,4)|0 1 1 1 1(3,4)|0 1 1 1 1(3,4)|0 1 1 1 1(3,4)|0 1 1 1 1(3,4)|0 1 1 1 1(3,4)|0 1 1 1 1(3,4)|0 1 1 1 1(3,4)|0 1 1 1 1(3,4)|0 1 1 1 1(3,4)|0 1 1 1 1(3,4)|fitness = 0.19687747985510345|td = 34.520833333333336|tp = 301.9079210747236|valid
18 solution:
0 1 1 1 1(3,4)|1 1 0 1 1(3,4)|1 1 0 1 1(3,4)|1 0 1 1 1(3,4)|1 1 0 1 1(3,4)|1 1 0 1 1(3,4)|1 1 0 1 1(3,4)|1 0 1 1 1(3,4)|1 0 1 1 1(3,4)|0 1 1 1 1(3,4)|0 1 1 1 1(3,4)|1 1 1 0 1(3,4)|fitness = 0.19661465889129606|td = 20.42043010752688|tp = 301.9079210747236|valid
19 solution:
1 1 0 1 1(3,4)|1 1 0 1 1(3,4)|1 1 0 1 1(3,4)|1 1 0 1 1(3,4)|1 1 0 1 1(3,4)|1 1 0 1 1(3,4)|1 1 0 1 1(3,4)|1 1 0 1 1(3,4)|1 1 0 1 1(3,4)|1 1 0 1 1(3,4)|1 1 0 1 1(3,4)|1 1 0 1 1(3,4)|fitness = 0.19690531497671543|td = 26.197628458498023|tp = 301.9079210747236|valid
20 solution:
0 1 1 1 1(3,4)|0 1 1 1 1(3,4)|1 1 0 1 1(3,4)|0 1 1 1 1(3,4)|1 1 0 1 1(3,4)|1 1 0 1 1(3,4)|1 0 1 1 1(3,4)|0 1 1 1 1(3,4)|1 1 0 1 1(3,4)|1 0 1 1 1(3,4)|1 1 0 1 1(3,4)|1 1 0 1 1(3,4)|fitness = 0.19682301228042587|td = 24.197628458498023|tp = 301.9079210747236|valid
21 solution:
1 1 0 1 1(3,4)|1 1 0 1 1(3,4)|1 1 0 1 1(3,4)|1 1 0 1 1(3,4)|1 1 0 1 1(3,4)|1 1 0 1 1(3,4)|1 1 0 1 1(3,4)|1 1 0 1 1(3,4)|1 1 0 1 1(3,4)|1 1 0 1 1(3,4)|1 1 0 1 1(3,4)|1 1 0 1 1(3,4)|fitness = 0.19690531497671543|td = 26.197628458498023|tp = 301.9079210747236|valid
22 solution:
1 1 0 1 1(3,4)|1 1 0 1 1(3,4)|1 1 0 1 1(3,4)|1 1 0 1 1(3,4)|1 1 0 1 1(3,4)|1 1 0 1 1(3,4)|1 1 0 1 1(3,4)|1 1 0 1 1(3,4)|1 0 1 1 1(3,4)|1 0 1 1 1(3,4)|1 0 1 1 1(3,4)|1 1 0 1 1(3,4)|fitness = 0.19679577849308705|td = 22.11790878754171|tp = 301.9079210747236|valid
23 solution:
1 1 0 1 1(3,4)|0 1 1 1 1(3,4)|1 0 1 1 1(3,4)|0 1 1 1 1(3,4)|0 1 1 1 1(3,4)|0 1 1 1 1(3,4)|0 1 1 1 1(3,4)|1 0 1 1 1(3,4)|1 1 0 1 1(3,4)|0 1 1 1 1(3,4)|1 0 1 1 1(3,4)|1 1 0 1 1(3,4)|fitness = 0.1967818609322811|td = 26.598958333333332|tp = 301.9079210747236|valid
24 solution:
1 1 0 1 1(3,4)|1 1 0 1 1(3,4)|1 1 0 1 1(3,4)|1 1 0 1 1(3,4)|1 1 0 1 1(3,4)|1 1 0 1 1(3,4)|1 1 0 1 1(3,4)|1 1 1 0 1(3,4)|0 1 1 1 1(3,4)|0 1 1 1 1(3,4)|1 1 0 1 1(3,4)|1 0 1 1 1(3,4)|fitness = 0.19669000280718263|td = 25.021080368906457|tp = 301.9079210747236|valid
25 solution:
1 1 0 1 1(3,4)|0 1 1 1 1(3,4)|1 0 1 1 1(3,4)|1 1 0 1 1(3,4)|1 1 0 1 1(3,4)|0 1 1 1 1(3,4)|0 1 1 1 1(3,4)|1 1 0 1 1(3,4)|1 1 0 1 1(3,4)|0 1 1 1 1(3,4)|1 1 0 1 1(3,4)|1 1 0 1 1(3,4)|fitness = 0.19685952444163532|td = 24.02239789196311|tp = 301.9079210747236|valid
26 solution:
1 1 1 0 1(3,4)|1 0 1 1 1(3,4)|1 1 1 0 1(3,4)|1 1 0 1 1(3,4)|1 1 0 1 1(3,4)|1 1 0 1 1(3,4)|1 1 0 1 1(3,4)|1 1 0 1 1(3,4)|0 1 1 1 1(3,4)|0 1 1 1 1(3,4)|1 1 0 1 1(3,4)|1 1 0 1 1(3,4)|fitness = 0.19651584198579464|td = 23.874835309617914|tp = 301.9079210747236|valid
27 solution:
1 1 0 1 1(3,4)|1 1 0 1 1(3,4)|1 1 0 1 1(3,4)|1 1 0 1 1(3,4)|1 1 0 1 1(3,4)|1 1 0 1 1(3,4)|1 1 0 1 1(3,4)|1 1 0 1 1(3,4)|1 1 0 1 1(3,4)|1 1 0 1 1(3,4)|1 1 0 1 1(3,4)|1 1 0 1 1(3,4)|fitness = 0.19690531497671543|td = 26.197628458498023|tp = 301.9079210747236|valid
28 solution:
1 1 0 1 1(3,4)|1 1 0 1 1(3,4)|1 1 0 1 1(3,4)|0 1 1 1 1(3,4)|1 0 1 1 1(3,4)|0 1 1 1 1(3,4)|1 1 0 1 1(3,4)|0 1 1 1 1(3,4)|1 1 0 1 1(3,4)|1 1 0 1 1(3,4)|0 1 1 1 1(3,4)|0 1 1 1 1(3,4)|fitness = 0.19685720484816766|td = 22.877470355731223|tp = 301.9079210747236|valid
29 solution:
0 1 1 1 1(3,4)|0 1 1 1 1(3,4)|0 1 1 1 1(3,4)|0 1 1 1 1(3,4)|0 1 1 1 1(3,4)|0 1 1 1 1(3,4)|0 1 1 1 1(3,4)|0 1 1 1 1(3,4)|0 1 1 1 1(3,4)|0 1 1 1 1(3,4)|0 1 1 1 1(3,4)|0 1 1 1 1(3,4)|fitness = 0.19687747985510345|td = 34.520833333333336|tp = 301.9079210747236|valid
30 solution:
1 1 0 1 1(3,4)|0 1 1 1 1(3,4)|1 1 0 1 1(3,4)|1 1 0 1 1(3,4)|1 0 1 1 1(3,4)|0 1 1 1 1(3,4)|1 0 1 1 1(3,4)|0 1 1 1 1(3,4)|1 1 0 1 1(3,4)|1 0 1 1 1(3,4)|1 0 1 1 1(3,4)|1 1 0 1 1(3,4)|fitness = 0.19675230755147463|td = 21.47222222222222|tp = 301.9079210747236|valid
The final result:
fmax = 0.19690531497671543
fmin = 0.19651584198579464
fmean = 0.1967878855343227
standard std = 9.979792077609343E-5
-1 solution:
1 1 0 1 1(3,4)|1 1 0 1 1(3,4)|1 1 0 1 1(3,4)|1 1 0 1 1(3,4)|1 1 0 1 1(3,4)|1 1 0 1 1(3,4)|1 1 0 1 1(3,4)|1 1 0 1 1(3,4)|1 1 0 1 1(3,4)|1 1 0 1 1(3,4)|1 1 0 1 1(3,4)|1 1 0 1 1(3,4)|fitness = 0.19690531497671543|td = 26.197628458498023|tp = 301.9079210747236|valid
