1 solution:
1 1 0 0(2,2)|1 0 1 0(2,2)|1 0 0 1(1,2)|0 1 0 1(1,2)|0 1 1 1(2,3)|1 0 1 1(2,3)|1 0 0 1(1,2)|1 1 0 1(2,3)|1 1 0 1(2,3)|0 1 0 1(1,2)|1 0 1 0(2,2)|1 1 0 0(2,2)|fitness = 0.1434578969077554|td = 38.600819672131145|tp = 177.87542214329784|valid
2 solution:
1 0 0 0(1,1)|0 1 0 0(1,1)|1 0 0 0(1,1)|0 1 0 0(1,1)|1 0 1 1(2,3)|1 0 1 1(2,3)|1 0 0 1(1,2)|1 0 1 1(2,3)|1 1 0 1(2,3)|1 0 1 1(2,3)|1 1 0 1(2,3)|1 1 0 1(2,3)|fitness = 0.13781823119077768|td = 43.3172131147541|tp = 169.6447747133705|valid
3 solution:
1 0 0 0(1,1)|0 1 0 0(1,1)|0 1 0 0(1,1)|0 1 0 0(1,1)|1 0 1 1(2,3)|1 0 1 1(2,3)|1 0 0 1(1,2)|1 0 1 1(2,3)|1 1 0 1(2,3)|0 1 1 1(2,3)|1 1 0 1(2,3)|1 1 0 1(2,3)|fitness = 0.13619506882839078|td = 35.9483606557377|tp = 169.6447747133705|valid
4 solution:
0 1 0 0(1,1)|0 1 0 0(1,1)|1 0 0 0(1,1)|0 1 0 0(1,1)|1 0 1 1(2,3)|1 0 1 1(2,3)|1 0 0 1(1,2)|1 0 1 1(2,3)|1 1 0 1(2,3)|1 0 1 1(2,3)|1 1 0 1(2,3)|1 1 0 1(2,3)|fitness = 0.13666836864011483|td = 38.45245901639344|tp = 169.6447747133705|valid
5 solution:
1 0 0 0(1,1)|1 0 0 0(1,1)|1 0 0 0(1,1)|0 1 0 0(1,1)|1 0 1 1(2,3)|1 0 1 1(2,3)|1 0 0 1(1,2)|1 0 1 1(2,3)|1 1 0 1(2,3)|0 1 1 1(2,3)|1 1 0 1(2,3)|1 1 0 1(2,3)|fitness = 0.1384947939297165|td = 44.410655737704914|tp = 169.6447747133705|valid
6 solution:
1 0 1 1(2,3)|1 0 0 0(1,1)|1 1 0 0(2,2)|1 1 0 1(2,3)|1 0 0 1(1,2)|1 1 0 0(2,2)|1 0 1 1(2,3)|1 1 0 0(2,2)|1 0 0 1(1,2)|0 1 0 0(1,1)|1 0 0 1(1,2)|1 1 0 0(2,2)|fitness = 0.13890185398132357|td = 47.473770491803286|tp = 173.44547486547356|valid
7 solution:
0 1 0 0(1,1)|0 1 0 0(1,1)|1 0 0 0(1,1)|0 1 0 0(1,1)|1 0 1 1(2,3)|1 0 1 1(2,3)|1 0 0 1(1,2)|1 0 1 1(2,3)|1 1 0 1(2,3)|1 1 0 1(2,3)|1 1 0 1(2,3)|1 1 0 1(2,3)|fitness = 0.13791475949221035|td = 38.45245901639344|tp = 169.6447747133705|valid
8 solution:
1 0 0 0(1,1)|0 1 0 0(1,1)|1 0 0 0(1,1)|0 1 0 0(1,1)|1 0 1 1(2,3)|1 0 1 1(2,3)|1 0 0 1(1,2)|1 0 1 1(2,3)|1 1 0 1(2,3)|1 0 1 1(2,3)|1 1 0 1(2,3)|1 0 1 1(2,3)|fitness = 0.13657184033868214|td = 43.3172131147541|tp = 169.6447747133705|valid
9 solution:
1 0 0 0(1,1)|1 0 0 0(1,1)|0 1 0 0(1,1)|0 1 0 0(1,1)|1 0 1 1(2,3)|1 0 1 1(2,3)|1 0 0 1(1,2)|1 0 1 1(2,3)|1 1 0 1(2,3)|1 1 0 1(2,3)|1 1 0 1(2,3)|1 1 0 1(2,3)|fitness = 0.1390646220428732|td = 41.65327868852459|tp = 169.6447747133705|valid
10 solution:
0 1 0 0(1,1)|1 0 0 0(1,1)|0 1 0 0(1,1)|0 1 0 0(1,1)|1 0 1 1(2,3)|1 0 1 1(2,3)|1 0 0 1(1,2)|1 0 1 1(2,3)|1 1 0 1(2,3)|1 0 1 1(2,3)|1 1 0 1(2,3)|1 1 0 1(2,3)|fitness = 0.13666836864011483|td = 36.78852459016394|tp = 169.6447747133705|valid
11 solution:
1 1 0 0(2,2)|1 1 0 0(2,2)|1 0 1 1(2,3)|0 0 1 1(1,2)|1 0 1 1(2,3)|1 0 1 0(2,2)|0 1 1 0(2,2)|1 1 0 1(2,3)|1 1 0 0(2,2)|1 1 0 0(2,2)|1 1 0 1(2,3)|0 0 1 1(1,2)|fitness = 0.13839318968187445|td = 39.12131147540984|tp = 144.74685635151712|valid
12 solution:
1 0 1 1(2,3)|1 1 0 1(2,3)|1 0 0 0(1,1)|1 1 0 0(2,2)|0 1 1 0(2,2)|1 0 1 1(2,3)|0 1 1 1(2,3)|0 1 1 1(2,3)|1 1 0 0(2,2)|0 1 1 1(2,3)|1 0 0 1(1,2)|1 1 0 0(2,2)|fitness = 0.14234231784501195|td = 32.195901639344264|tp = 178.09192146208753|valid
13 solution:
1 0 0 0(1,1)|1 0 0 0(1,1)|1 0 0 0(1,1)|0 1 0 0(1,1)|1 0 1 1(2,3)|1 0 1 1(2,3)|1 0 0 1(1,2)|1 0 1 1(2,3)|1 1 0 1(2,3)|1 1 0 1(2,3)|1 1 0 1(2,3)|1 1 0 1(2,3)|fitness = 0.14021448459353605|td = 46.71639344262295|tp = 169.6447747133705|valid
14 solution:
0 1 0 0(1,1)|1 0 0 0(1,1)|0 1 0 0(1,1)|0 1 0 0(1,1)|1 0 1 1(2,3)|1 0 1 1(2,3)|1 0 0 1(1,2)|1 0 1 1(2,3)|1 1 0 1(2,3)|1 1 0 1(2,3)|1 1 0 1(2,3)|1 1 0 1(2,3)|fitness = 0.13791475949221035|td = 36.78852459016394|tp = 169.6447747133705|valid
15 solution:
1 0 0 0(1,1)|1 0 0 0(1,1)|1 0 0 0(1,1)|0 1 0 0(1,1)|1 0 1 1(2,3)|1 0 1 1(2,3)|1 0 0 1(1,2)|1 0 1 1(2,3)|1 1 0 1(2,3)|1 1 0 1(2,3)|1 1 0 1(2,3)|1 1 0 1(2,3)|fitness = 0.14021448459353605|td = 46.71639344262295|tp = 169.6447747133705|valid
16 solution:
0 1 0 0(1,1)|1 0 0 0(1,1)|1 0 0 0(1,1)|0 1 0 0(1,1)|1 0 1 1(2,3)|1 0 1 1(2,3)|1 0 0 1(1,2)|1 0 1 1(2,3)|1 1 0 1(2,3)|1 1 0 1(2,3)|1 1 0 1(2,3)|0 1 1 1(2,3)|fitness = 0.13734493137905363|td = 36.68688524590164|tp = 169.6447747133705|valid
17 solution:
1 0 0 0(1,1)|1 0 0 0(1,1)|1 0 0 0(1,1)|0 1 0 0(1,1)|1 0 1 1(2,3)|1 0 1 1(2,3)|1 0 0 1(1,2)|1 0 1 1(2,3)|1 1 0 1(2,3)|0 1 1 1(2,3)|1 1 0 1(2,3)|1 1 0 1(2,3)|fitness = 0.1384947939297165|td = 44.410655737704914|tp = 169.6447747133705|valid
18 solution:
0 0 1 1(1,2)|0 0 1 1(1,2)|0 0 1 0(1,1)|0 1 1 1(2,3)|0 1 1 1(2,3)|1 1 0 1(2,3)|1 1 0 1(2,3)|1 1 0 0(2,2)|1 0 1 1(2,3)|1 1 0 0(2,2)|1 1 0 0(2,2)|1 1 0 1(2,3)|fitness = 0.1381688354776415|td = 27.579508196721314|tp = 179.43387423088103|valid
19 solution:
1 0 0 0(1,1)|1 0 0 0(1,1)|1 0 0 0(1,1)|0 1 0 0(1,1)|1 0 1 1(2,3)|1 0 1 1(2,3)|1 0 0 1(1,2)|1 0 1 1(2,3)|1 1 0 1(2,3)|1 1 0 1(2,3)|1 1 0 1(2,3)|0 1 1 1(2,3)|fitness = 0.1384947939297165|td = 41.5516393442623|tp = 169.6447747133705|valid
20 solution:
1 0 0 0(1,1)|0 1 0 0(1,1)|0 1 0 0(1,1)|0 1 0 0(1,1)|1 0 1 1(2,3)|1 0 1 1(2,3)|1 0 0 1(1,2)|1 0 1 1(2,3)|1 1 0 1(2,3)|0 1 1 1(2,3)|1 1 0 1(2,3)|1 1 0 1(2,3)|fitness = 0.13619506882839078|td = 35.9483606557377|tp = 169.6447747133705|valid
21 solution:
1 0 0 0(1,1)|1 0 0 0(1,1)|1 0 0 0(1,1)|0 1 0 0(1,1)|1 0 1 1(2,3)|1 0 1 1(2,3)|1 0 0 1(1,2)|1 0 1 1(2,3)|1 1 0 1(2,3)|1 0 1 1(2,3)|1 1 0 1(2,3)|1 1 0 1(2,3)|fitness = 0.1389680937414405|td = 46.71639344262295|tp = 169.6447747133705|valid
22 solution:
1 0 0 0(1,1)|0 1 0 0(1,1)|1 0 0 0(1,1)|0 1 0 1(1,2)|1 0 1 1(2,3)|1 0 1 1(2,3)|1 0 0 1(1,2)|1 0 1 1(2,3)|1 1 0 0(2,2)|1 1 0 1(2,3)|1 1 0 1(2,3)|1 0 0 1(1,2)|fitness = 0.13843980763904135|td = 43.3172131147541|tp = 165.06478645329406|valid
23 solution:
0 1 0 0(1,1)|0 1 0 0(1,1)|1 0 0 0(1,1)|0 1 0 0(1,1)|1 0 1 1(2,3)|1 0 1 1(2,3)|1 0 0 1(1,2)|1 0 1 1(2,3)|1 1 0 1(2,3)|1 1 0 1(2,3)|1 1 0 1(2,3)|1 1 0 1(2,3)|fitness = 0.13791475949221035|td = 38.45245901639344|tp = 169.6447747133705|valid
24 solution:
0 1 0 0(1,1)|1 0 0 0(1,1)|1 0 0 0(1,1)|0 1 0 0(1,1)|1 0 1 1(2,3)|1 0 1 1(2,3)|1 0 0 1(1,2)|1 0 1 1(2,3)|1 1 0 1(2,3)|0 1 1 1(2,3)|1 1 0 1(2,3)|1 1 0 1(2,3)|fitness = 0.13734493137905363|td = 39.54590163934426|tp = 169.6447747133705|valid
25 solution:
1 0 0 0(1,1)|1 0 0 0(1,1)|1 0 0 0(1,1)|0 1 0 0(1,1)|0 1 0 1(1,2)|1 0 1 1(2,3)|1 0 0 1(1,2)|1 0 1 1(2,3)|1 1 0 1(2,3)|1 1 0 1(2,3)|1 1 0 1(2,3)|1 1 0 0(2,2)|fitness = 0.13594345901362268|td = 40.906557377049175|tp = 163.95315031368875|valid
26 solution:
1 1 0 0(2,2)|1 0 0 1(1,2)|1 1 0 0(2,2)|1 0 1 1(2,3)|1 1 0 0(2,2)|1 0 1 1(2,3)|0 1 0 1(1,2)|1 0 0 1(1,2)|1 1 0 0(2,2)|0 1 0 1(1,2)|0 1 1 1(2,3)|1 0 1 1(2,3)|fitness = 0.14538491681658203|td = 37.42213114754098|tp = 173.8594592090031|valid
27 solution:
1 1 0 0(2,2)|1 0 1 1(2,3)|0 1 1 0(2,2)|1 1 0 0(2,2)|0 1 1 1(2,3)|1 1 0 1(2,3)|0 0 1 1(1,2)|1 0 1 1(2,3)|0 1 1 0(2,2)|0 0 1 1(1,2)|1 1 0 1(2,3)|1 0 0 1(1,2)|fitness = 0.1385107365280928|td = 32.54262295081967|tp = 173.56268424327737|valid
28 solution:
0 1 0 0(1,1)|1 0 0 0(1,1)|1 0 0 0(1,1)|0 1 0 0(1,1)|1 0 1 1(2,3)|1 0 1 1(2,3)|1 0 0 1(1,2)|1 0 1 1(2,3)|1 1 0 1(2,3)|1 1 0 1(2,3)|1 1 0 1(2,3)|1 1 0 1(2,3)|fitness = 0.1390646220428732|td = 41.851639344262296|tp = 169.6447747133705|valid
29 solution:
1 0 0 0(1,1)|1 0 0 0(1,1)|1 0 0 0(1,1)|0 1 0 0(1,1)|1 0 1 1(2,3)|1 0 1 1(2,3)|1 0 0 1(1,2)|1 0 1 1(2,3)|1 1 0 1(2,3)|1 1 0 1(2,3)|1 1 0 1(2,3)|1 1 0 1(2,3)|fitness = 0.14021448459353605|td = 46.71639344262295|tp = 169.6447747133705|valid
30 solution:
1 0 0 0(1,1)|1 0 0 0(1,1)|1 0 0 0(1,1)|0 1 0 0(1,1)|1 0 1 1(2,3)|1 0 1 1(2,3)|1 0 0 1(1,2)|1 0 1 1(2,3)|1 1 0 1(2,3)|1 1 0 1(2,3)|1 1 0 1(2,3)|1 1 0 1(2,3)|fitness = 0.14021448459353605|td = 46.71639344262295|tp = 169.6447747133705|valid
The final result:
fmax = 0.14538491681658203
fmin = 0.13594345901362268
fmean = 0.13871779198608788
standard std = 0.002117038500790949
-1 solution:
1 1 0 0(2,2)|1 0 0 1(1,2)|1 1 0 0(2,2)|1 0 1 1(2,3)|1 1 0 0(2,2)|1 0 1 1(2,3)|0 1 0 1(1,2)|1 0 0 1(1,2)|1 1 0 0(2,2)|0 1 0 1(1,2)|0 1 1 1(2,3)|1 0 1 1(2,3)|fitness = 0.14538491681658203|td = 37.42213114754098|tp = 173.8594592090031|valid
