1 solution:
1 1 0 1 1(3,4)|1 0 1 1 1(3,4)|1 1 1 0 1(3,4)|1 1 0 1 0(3,3)|0 1 1 1 1(3,4)|0 1 1 1 1(3,4)|1 1 1 0 1(3,4)|0 1 1 1 1(3,4)|1 1 0 1 0(3,3)|0 1 1 1 1(3,4)|1 0 1 1 1(3,4)|1 1 0 1 1(3,4)|fitness = 0.19628890748649042|td = 24.338541666666668|tp = 245.38466618689637|valid
2 solution:
1 1 1 0 1(3,4)|0 1 1 1 0(3,3)|0 1 1 1 0(3,3)|1 1 1 0 1(3,4)|1 0 1 1 1(3,4)|1 0 1 1 1(3,4)|1 1 1 0 1(3,4)|1 0 0 1 1(2,3)|0 1 1 1 0(3,3)|1 1 0 1 1(3,4)|1 1 0 1 1(3,4)|1 1 0 1 1(3,4)|fitness = 0.19567658449251105|td = 25.84375|tp = 224.94783208931588|valid
3 solution:
0 1 1 1 1(3,4)|1 1 1 0 1(3,4)|1 1 0 1 1(3,4)|1 1 0 1 1(3,4)|1 1 0 1 0(3,3)|1 1 0 1 1(3,4)|0 1 1 1 1(3,4)|1 1 0 1 1(3,4)|1 1 0 1 1(3,4)|1 0 1 1 1(3,4)|0 1 1 1 1(3,4)|0 1 1 1 0(3,3)|fitness = 0.1964865744628234|td = 26.129117259552043|tp = 221.95428335144737|valid
4 solution:
0 1 1 1 1(3,4)|1 0 0 1 1(2,3)|1 0 1 1 1(3,4)|1 1 0 1 1(3,4)|1 1 0 1 0(3,3)|1 0 1 1 1(3,4)|1 1 1 0 1(3,4)|1 1 0 1 0(3,3)|0 1 1 1 1(3,4)|1 0 1 1 1(3,4)|1 0 1 1 1(3,4)|1 0 1 1 1(3,4)|fitness = 0.19604959883949954|td = 22.260416666666668|tp = 225.94158452881663|valid
5 solution:
1 1 0 1 1(3,4)|1 1 0 1 0(3,3)|1 0 1 1 1(3,4)|1 1 0 1 1(3,4)|1 0 1 1 1(3,4)|0 1 1 1 1(3,4)|1 0 0 1 1(2,3)|1 1 0 1 0(3,3)|0 1 1 1 1(3,4)|1 1 0 1 1(3,4)|1 0 1 1 1(3,4)|0 1 1 1 1(3,4)|fitness = 0.1962944643898388|td = 21.38064516129032|tp = 225.94158452881663|valid
6 solution:
0 1 1 1 1(3,4)|1 0 1 1 1(3,4)|1 0 1 1 0(3,3)|1 0 1 1 0(3,3)|1 1 1 0 1(3,4)|1 0 0 1 1(2,3)|1 1 1 0 1(3,4)|1 1 0 1 0(3,3)|1 1 1 0 1(3,4)|1 0 1 1 0(3,3)|0 1 0 1 1(2,3)|1 1 0 1 1(3,4)|fitness = 0.1951771392447003|td = 21.569444444444446|tp = 168.4245772014886|valid
7 solution:
1 0 1 1 1(3,4)|1 1 1 0 1(3,4)|1 1 1 0 1(3,4)|1 1 1 0 1(3,4)|1 0 0 1 1(2,3)|1 1 1 0 1(3,4)|1 1 0 1 1(3,4)|0 1 1 1 1(3,4)|1 1 1 0 1(3,4)|0 1 1 1 1(3,4)|1 0 1 1 1(3,4)|1 1 0 1 0(3,3)|fitness = 0.1955553836131556|td = 26.05034722222222|tp = 222.65719506076957|valid
8 solution:
1 1 0 1 1(3,4)|1 0 1 1 1(3,4)|0 1 1 1 0(3,3)|1 1 0 1 1(3,4)|1 1 0 1 1(3,4)|1 1 0 1 1(3,4)|1 1 0 1 1(3,4)|1 1 0 1 1(3,4)|1 1 0 1 0(3,3)|0 1 1 1 0(3,3)|1 1 0 1 0(3,3)|1 1 0 1 1(3,4)|fitness = 0.19646658531372277|td = 23.874835309617914|tp = 159.22259650092388|valid
9 solution:
1 1 0 1 1(3,4)|0 1 1 1 1(3,4)|1 1 0 1 0(3,3)|1 1 0 1 1(3,4)|1 1 0 1 1(3,4)|1 1 1 0 1(3,4)|1 1 0 1 1(3,4)|0 1 1 1 1(3,4)|0 1 1 0 1(2,3)|1 0 1 1 0(3,3)|0 1 1 1 1(3,4)|1 1 1 0 0(3,3)|fitness = 0.19536577312294442|td = 26.129117259552043|tp = 215.74585138875113|valid
10 solution:
1 1 0 1 0(3,3)|1 1 0 1 1(3,4)|1 1 0 1 1(3,4)|1 1 0 1 1(3,4)|1 0 1 1 1(3,4)|0 1 1 1 1(3,4)|1 0 1 1 1(3,4)|1 1 1 0 1(3,4)|1 0 1 1 1(3,4)|1 1 0 1 1(3,4)|1 1 0 1 1(3,4)|1 1 0 1 1(3,4)|fitness = 0.19652640650265168|td = 19.792473118279567|tp = 234.4154170677377|valid
11 solution:
0 1 1 1 1(3,4)|1 1 1 0 1(3,4)|1 1 1 0 0(3,3)|1 1 0 1 1(3,4)|1 1 0 1 1(3,4)|0 1 1 1 0(3,3)|1 1 1 0 1(3,4)|1 1 0 1 1(3,4)|1 1 0 1 1(3,4)|1 1 1 0 1(3,4)|1 1 0 1 0(3,3)|1 1 0 1 1(3,4)|fitness = 0.19578794004938854|td = 26.197628458498023|tp = 209.36702490572443|valid
12 solution:
1 1 0 1 0(3,3)|1 0 1 1 1(3,4)|0 1 1 1 0(3,3)|1 1 0 1 0(3,3)|1 1 0 1 1(3,4)|0 1 1 1 1(3,4)|1 1 0 1 1(3,4)|0 1 1 1 0(3,3)|1 1 0 1 1(3,4)|1 1 0 1 1(3,4)|0 1 1 1 0(3,3)|0 1 1 1 1(3,4)|fitness = 0.1963537289514756|td = 23.874835309617914|tp = 147.9657727447546|valid
13 solution:
1 0 1 1 1(3,4)|1 0 1 1 1(3,4)|1 0 1 1 1(3,4)|1 1 0 1 1(3,4)|1 1 0 1 1(3,4)|1 0 0 1 1(2,3)|1 1 0 1 1(3,4)|1 0 1 1 1(3,4)|1 0 1 1 1(3,4)|0 1 1 1 0(3,3)|1 1 0 1 1(3,4)|0 1 1 1 1(3,4)|fitness = 0.1963036452302028|td = 21.38064516129032|tp = 226.19361133379294|valid
14 solution:
1 1 0 1 1(3,4)|1 1 0 1 1(3,4)|0 1 1 1 1(3,4)|1 0 1 1 0(3,3)|1 1 0 1 1(3,4)|1 1 0 1 1(3,4)|1 1 0 1 0(3,3)|1 0 1 1 1(3,4)|1 0 1 1 1(3,4)|1 1 0 1 1(3,4)|0 1 1 1 0(3,3)|1 1 1 0 0(3,3)|fitness = 0.1960528848856079|td = 20.42043010752688|tp = 159.22259650092388|valid
15 solution:
1 1 0 1 1(3,4)|1 1 1 0 1(3,4)|1 1 1 0 1(3,4)|0 1 1 1 1(3,4)|0 1 1 1 1(3,4)|0 1 1 1 1(3,4)|1 1 0 1 1(3,4)|1 1 0 1 1(3,4)|1 1 0 1 1(3,4)|1 1 0 1 0(3,3)|1 0 1 1 1(3,4)|0 1 1 1 1(3,4)|fitness = 0.1964183112232796|td = 22.949652777777775|tp = 226.19361133379294|valid
16 solution:
1 1 0 1 1(3,4)|0 1 1 1 1(3,4)|1 1 1 0 1(3,4)|1 1 0 1 1(3,4)|1 0 1 1 1(3,4)|1 0 1 1 0(3,3)|1 1 0 1 1(3,4)|1 1 1 0 1(3,4)|1 0 1 1 0(3,3)|1 0 1 1 1(3,4)|1 1 0 1 1(3,4)|0 1 1 1 1(3,4)|fitness = 0.19611030321353368|td = 21.947916666666668|tp = 216.02634177276656|valid
17 solution:
1 0 1 1 1(3,4)|1 0 0 1 1(2,3)|0 1 1 1 1(3,4)|1 1 0 1 1(3,4)|1 0 1 1 1(3,4)|1 0 1 1 0(3,3)|1 0 1 1 1(3,4)|1 1 1 0 1(3,4)|0 0 1 1 0(2,2)|1 0 1 1 1(3,4)|0 1 1 1 1(3,4)|1 0 1 1 1(3,4)|fitness = 0.19522920172554373|td = 29.19965277777778|tp = 216.02634177276656|valid
18 solution:
0 1 1 1 1(3,4)|1 1 0 1 1(3,4)|1 1 1 0 0(3,3)|1 0 1 1 1(3,4)|1 1 1 0 0(3,3)|1 0 1 1 1(3,4)|0 1 1 1 1(3,4)|1 1 0 1 1(3,4)|0 1 1 1 1(3,4)|0 1 1 1 1(3,4)|1 1 0 1 1(3,4)|0 1 1 1 1(3,4)|fitness = 0.19603776444935098|td = 24.42361111111111|tp = 225.94158452881663|valid
19 solution:
1 1 0 1 1(3,4)|1 0 1 1 1(3,4)|1 1 1 0 1(3,4)|1 1 0 1 1(3,4)|1 1 1 0 1(3,4)|0 1 1 1 1(3,4)|1 1 0 1 1(3,4)|1 1 0 1 1(3,4)|1 1 0 1 1(3,4)|1 1 0 1 1(3,4)|1 1 0 1 1(3,4)|1 1 0 1 1(3,4)|fitness = 0.1965181615792623|td = 23.874835309617914|tp = 301.9079210747236|valid
20 solution:
1 1 0 1 1(3,4)|1 1 0 1 1(3,4)|1 1 1 0 1(3,4)|1 1 0 1 1(3,4)|1 1 0 1 1(3,4)|1 1 0 1 1(3,4)|0 1 1 1 1(3,4)|1 1 0 1 0(3,3)|0 1 0 1 1(2,3)|1 1 0 1 1(3,4)|0 1 1 1 1(3,4)|1 1 0 1 1(3,4)|fitness = 0.1964217655434812|td = 26.197628458498023|tp = 234.4154170677377|valid
21 solution:
1 0 1 1 1(3,4)|0 1 1 1 0(3,3)|1 1 0 1 0(3,3)|1 1 0 1 1(3,4)|0 1 1 1 1(3,4)|1 1 0 1 1(3,4)|0 1 1 1 1(3,4)|0 1 1 1 0(3,3)|0 1 1 1 0(3,3)|0 1 1 1 0(3,3)|1 1 0 1 1(3,4)|1 0 1 1 0(3,3)|fitness = 0.19615389004621767|td = 22.52042160737813|tp = 139.436482937787|valid
22 solution:
0 1 1 1 0(3,3)|0 1 1 1 0(3,3)|1 0 1 1 0(3,3)|0 1 1 1 0(3,3)|1 1 1 0 1(3,4)|1 0 1 1 0(3,3)|0 1 0 1 1(2,3)|1 1 0 1 1(3,4)|1 1 1 0 1(3,4)|1 1 0 1 0(3,3)|1 0 0 1 1(2,3)|1 1 0 1 1(3,4)|fitness = 0.19524999360035555|td = 23.29861111111111|tp = 136.17768438860327|valid
23 solution:
1 1 0 1 1(3,4)|0 1 1 1 1(3,4)|1 1 0 1 1(3,4)|1 1 0 1 1(3,4)|1 1 0 1 1(3,4)|0 1 1 1 1(3,4)|1 0 1 1 1(3,4)|1 0 1 1 1(3,4)|1 1 0 1 0(3,3)|0 1 1 1 1(3,4)|0 1 0 1 1(2,3)|1 0 1 1 1(3,4)|fitness = 0.19648407028777318|td = 21.38064516129032|tp = 245.38466618689637|valid
24 solution:
1 1 0 1 0(3,3)|1 1 1 0 1(3,4)|1 1 0 1 1(3,4)|1 1 0 1 1(3,4)|1 1 0 1 0(3,3)|1 1 0 1 1(3,4)|1 0 1 1 1(3,4)|1 1 0 1 1(3,4)|1 1 0 1 1(3,4)|0 1 1 1 1(3,4)|1 1 0 1 1(3,4)|1 1 1 0 1(3,4)|fitness = 0.19633237842810286|td = 24.266139657444004|tp = 225.49069962447075|valid
25 solution:
1 1 1 0 1(3,4)|0 1 1 1 1(3,4)|1 0 1 1 1(3,4)|0 1 1 1 1(3,4)|0 1 1 1 0(3,3)|0 1 1 1 1(3,4)|1 1 0 1 1(3,4)|1 1 0 1 1(3,4)|0 0 1 1 1(2,3)|1 1 1 0 1(3,4)|0 1 1 1 1(3,4)|1 0 1 1 1(3,4)|fitness = 0.1960297066846616|td = 29.411458333333332|tp = 226.19361133379294|valid
26 solution:
0 1 1 1 1(3,4)|1 1 0 1 1(3,4)|1 1 1 0 1(3,4)|1 1 0 0 1(2,3)|1 0 1 1 1(3,4)|1 1 0 1 1(3,4)|0 1 1 1 1(3,4)|1 0 1 1 1(3,4)|1 1 1 0 1(3,4)|1 1 0 1 1(3,4)|0 1 1 1 1(3,4)|1 1 0 1 0(3,3)|fitness = 0.19564774789885975|td = 23.194444444444446|tp = 222.65719506076957|valid
27 solution:
1 0 1 1 1(3,4)|0 1 1 1 0(3,3)|0 1 1 1 0(3,3)|1 0 1 1 1(3,4)|0 1 1 1 1(3,4)|1 1 1 0 1(3,4)|1 1 0 1 0(3,3)|0 1 1 1 1(3,4)|0 1 1 1 0(3,3)|0 1 1 1 1(3,4)|1 1 0 1 1(3,4)|1 1 0 1 1(3,4)|fitness = 0.1962336279509902|td = 25.953125|tp = 168.4245772014886|valid
28 solution:
0 1 1 1 1(3,4)|1 0 1 1 0(3,3)|1 1 0 1 1(3,4)|1 1 0 1 0(3,3)|0 1 1 1 1(3,4)|1 1 0 1 1(3,4)|0 1 1 1 1(3,4)|0 1 1 1 1(3,4)|1 1 0 1 1(3,4)|0 1 1 1 1(3,4)|0 1 0 1 1(2,3)|1 1 1 0 1(3,4)|fitness = 0.19623029345755244|td = 23.874835309617914|tp = 226.19361133379294|valid
29 solution:
0 1 1 1 1(3,4)|1 1 0 1 1(3,4)|0 1 1 1 0(3,3)|1 1 0 1 1(3,4)|0 1 0 1 1(2,3)|0 1 1 1 1(3,4)|1 1 0 1 1(3,4)|1 1 0 1 1(3,4)|0 1 0 1 1(2,3)|0 1 1 1 1(3,4)|1 0 1 1 1(3,4)|0 1 1 1 0(3,3)|fitness = 0.1962216939858169|td = 22.80368906455863|tp = 222.40516825579326|valid
30 solution:
1 1 1 0 0(3,3)|1 0 1 1 0(3,3)|0 1 1 1 1(3,4)|1 1 0 1 0(3,3)|1 1 0 1 1(3,4)|0 1 0 1 1(2,3)|0 1 1 1 1(3,4)|1 1 0 1 1(3,4)|1 0 1 1 1(3,4)|0 1 1 1 1(3,4)|1 1 1 0 0(3,3)|1 1 0 1 1(3,4)|fitness = 0.1955896530670591|td = 21.540184453227926|tp = 158.93502186391325|valid
The final result:
fmax = 0.19652640650265168
fmin = 0.1951771392447003
fmean = 0.1960431393242284
standard std = 4.1957584763906657E-4
-1 solution:
1 1 0 1 0(3,3)|1 1 0 1 1(3,4)|1 1 0 1 1(3,4)|1 1 0 1 1(3,4)|1 0 1 1 1(3,4)|0 1 1 1 1(3,4)|1 0 1 1 1(3,4)|1 1 1 0 1(3,4)|1 0 1 1 1(3,4)|1 1 0 1 1(3,4)|1 1 0 1 1(3,4)|1 1 0 1 1(3,4)|fitness = 0.19652640650265168|td = 19.792473118279567|tp = 234.4154170677377|valid
