1 solution:
1 0 1 1(2,3)|0 1 1 1(2,3)|1 0 1 0(2,2)|1 1 0 1(2,3)|1 1 0 1(2,3)|1 0 1 1(2,3)|1 0 1 1(2,3)|0 1 1 1(2,3)|1 1 0 1(2,3)|1 1 0 0(2,2)|0 1 1 0(2,2)|1 1 0 0(2,2)|fitness = 0.14889937999429598|td = 31.721311475409838|tp = 179.1370992651553|valid
2 solution:
1 0 1 1(2,3)|1 1 0 1(2,3)|0 1 1 0(2,2)|1 1 0 1(2,3)|0 1 1 1(2,3)|1 1 0 1(2,3)|1 1 0 1(2,3)|1 1 0 0(2,2)|1 0 1 1(2,3)|1 1 0 0(2,2)|1 1 0 0(2,2)|1 0 1 1(2,3)|fitness = 0.15282897146462437|td = 38.906557377049175|tp = 179.43387423088103|valid
3 solution:
1 1 0 0(2,2)|1 0 1 1(2,3)|0 1 1 1(2,3)|1 1 0 0(2,2)|1 1 0 1(2,3)|1 0 1 0(2,2)|1 1 0 1(2,3)|1 1 0 1(2,3)|1 0 1 0(2,2)|1 1 0 1(2,3)|1 1 0 1(2,3)|1 1 0 0(2,2)|fitness = 0.15151027812382548|td = 44.71639344262295|tp = 176.83024434023008|valid
4 solution:
1 1 0 0(2,2)|1 0 1 0(2,2)|1 0 1 1(2,3)|0 1 1 1(2,3)|1 1 0 1(2,3)|1 1 0 1(2,3)|1 0 1 1(2,3)|0 1 0 1(1,2)|1 0 1 0(2,2)|1 1 0 1(2,3)|1 1 0 0(2,2)|1 0 1 1(2,3)|fitness = 0.14852233019729374|td = 39.678688524590164|tp = 173.2954338832214|valid
5 solution:
0 1 1 1(2,3)|1 1 0 1(2,3)|1 0 1 1(2,3)|1 1 0 0(2,2)|1 0 1 0(2,2)|1 1 0 0(2,2)|1 1 0 1(2,3)|1 1 0 1(2,3)|0 1 1 1(2,3)|1 1 0 0(2,2)|1 1 0 1(2,3)|1 0 1 0(2,2)|fitness = 0.14979058746000595|td = 43.28688524590164|tp = 179.05628347266097|valid
6 solution:
1 1 0 1(2,3)|1 1 0 1(2,3)|1 1 0 1(2,3)|1 1 0 0(2,2)|0 1 0 1(1,2)|1 1 0 0(2,2)|1 1 0 1(2,3)|1 1 0 1(2,3)|1 0 1 1(2,3)|1 1 0 0(2,2)|1 1 0 0(2,2)|1 1 0 0(2,2)|fitness = 0.154643479073488|td = 43.96967213114754|tp = 177.3633843953804|valid
7 solution:
1 1 0 1(2,3)|1 1 0 0(2,2)|1 1 0 0(2,2)|1 1 0 1(2,3)|1 0 1 1(2,3)|0 1 1 1(2,3)|1 1 0 1(2,3)|1 0 1 0(2,2)|1 0 1 1(2,3)|0 1 1 1(2,3)|1 1 0 0(2,2)|1 0 0 1(1,2)|fitness = 0.15098976068597603|td = 46.08196721311476|tp = 179.43387423088103|valid
8 solution:
0 1 1 1(2,3)|1 0 1 0(2,2)|1 1 0 0(2,2)|1 1 0 0(2,2)|1 1 0 1(2,3)|1 0 1 1(2,3)|1 1 0 1(2,3)|1 1 0 1(2,3)|1 1 0 0(2,2)|1 1 0 1(2,3)|1 0 1 1(2,3)|1 1 0 0(2,2)|fitness = 0.1524737880782388|td = 44.91475409836065|tp = 178.09192146208753|valid
9 solution:
1 0 0 1(1,2)|1 1 0 0(2,2)|1 0 1 1(2,3)|0 1 1 1(2,3)|1 0 1 0(2,2)|1 1 0 0(2,2)|0 1 1 1(2,3)|1 0 1 1(2,3)|1 0 1 0(2,2)|1 1 0 1(2,3)|1 1 0 0(2,2)|0 1 1 1(2,3)|fitness = 0.1445490441108135|td = 39.12131147540984|tp = 178.09192146208753|valid
10 solution:
1 0 1 1(2,3)|1 1 0 0(2,2)|0 1 1 1(2,3)|0 1 1 1(2,3)|1 0 1 1(2,3)|1 1 0 0(2,2)|0 1 1 1(2,3)|1 1 0 1(2,3)|1 1 0 0(2,2)|1 0 1 1(2,3)|1 1 0 0(2,2)|1 0 1 0(2,2)|fitness = 0.14778801589850415|td = 39.22295081967213|tp = 178.09192146208753|valid
11 solution:
1 1 0 1(2,3)|1 0 1 1(2,3)|1 0 1 0(2,2)|1 1 0 0(2,2)|0 1 1 1(2,3)|1 1 0 0(2,2)|1 1 0 1(2,3)|1 1 0 1(2,3)|1 1 0 0(2,2)|1 1 0 1(2,3)|1 1 0 0(2,2)|1 1 0 1(2,3)|fitness = 0.15372017893033438|td = 43.96967213114754|tp = 177.3633843953804|valid
12 solution:
1 1 0 0(2,2)|1 1 0 1(2,3)|1 0 1 0(2,2)|1 0 1 1(2,3)|1 1 0 1(2,3)|1 1 0 1(2,3)|0 1 1 1(2,3)|1 1 0 0(2,2)|1 1 0 0(2,2)|1 0 1 1(2,3)|1 1 0 1(2,3)|1 1 0 1(2,3)|fitness = 0.15498491318307292|td = 47.349180327868844|tp = 173.8594592090031|valid
13 solution:
1 1 0 0(2,2)|0 1 1 1(2,3)|1 1 0 0(2,2)|1 1 0 0(2,2)|1 1 0 1(2,3)|1 1 0 0(2,2)|1 1 0 1(2,3)|1 1 0 1(2,3)|1 0 1 1(2,3)|1 1 0 1(2,3)|1 1 0 1(2,3)|1 0 1 1(2,3)|fitness = 0.15719481398958174|td = 46.380327868852454|tp = 173.56268424327737|valid
14 solution:
1 1 0 0(2,2)|1 0 1 1(2,3)|1 1 0 0(2,2)|0 1 1 1(2,3)|1 0 1 1(2,3)|1 0 1 0(2,2)|1 0 0 1(1,2)|1 1 0 0(2,2)|1 1 0 1(2,3)|1 0 1 1(2,3)|0 1 1 1(2,3)|1 0 1 1(2,3)|fitness = 0.148496978981785|td = 39.09508196721311|tp = 173.8594592090031|valid
15 solution:
1 1 0 1(2,3)|1 1 0 0(2,2)|1 1 0 0(2,2)|1 1 0 0(2,2)|1 1 0 1(2,3)|0 1 1 1(2,3)|1 0 1 1(2,3)|0 1 1 1(2,3)|1 1 0 1(2,3)|1 1 0 0(2,2)|1 1 0 1(2,3)|1 1 0 1(2,3)|fitness = 0.15672151417785773|td = 41.35|tp = 179.1370992651553|valid
16 solution:
1 0 0 1(1,2)|1 1 0 0(2,2)|1 0 1 0(2,2)|1 1 0 1(2,3)|1 1 0 1(2,3)|1 1 0 0(2,2)|1 1 0 1(2,3)|0 1 0 1(1,2)|1 1 0 1(2,3)|1 1 0 1(2,3)|1 1 0 0(2,2)|1 1 0 1(2,3)|fitness = 0.15391563239063144|td = 42.74180327868853|tp = 179.1370992651553|valid
17 solution:
0 1 1 0(2,2)|0 1 1 1(2,3)|1 1 0 0(2,2)|1 1 0 1(2,3)|1 1 0 1(2,3)|1 1 0 0(2,2)|1 1 0 1(2,3)|1 0 1 1(2,3)|1 0 1 0(2,2)|1 0 1 1(2,3)|0 1 1 1(2,3)|0 1 0 1(1,2)|fitness = 0.14713947951921666|td = 28.729508196721312|tp = 173.56268424327737|valid
18 solution:
1 0 1 1(2,3)|1 1 0 1(2,3)|1 1 0 0(2,2)|1 0 1 1(2,3)|1 1 0 0(2,2)|1 1 0 0(2,2)|0 1 1 1(2,3)|1 1 0 1(2,3)|1 1 0 1(2,3)|1 1 0 0(2,2)|1 0 1 1(2,3)|1 1 0 0(2,2)|fitness = 0.15343729803265213|td = 47.349180327868844|tp = 177.3633843953804|valid
19 solution:
1 1 0 0(2,2)|1 1 0 0(2,2)|1 1 0 0(2,2)|1 1 0 1(2,3)|1 1 0 1(2,3)|0 1 1 1(2,3)|0 1 1 1(2,3)|0 1 1 1(2,3)|1 1 0 0(2,2)|0 1 1 1(2,3)|1 1 0 1(2,3)|1 0 1 1(2,3)|fitness = 0.15328213285021852|td = 36.61393442622951|tp = 165.06478645329406|valid
20 solution:
1 0 1 0(2,2)|1 0 1 1(2,3)|1 1 0 1(2,3)|0 1 1 1(2,3)|1 1 0 1(2,3)|0 1 1 1(2,3)|1 0 1 1(2,3)|1 1 0 0(2,2)|0 1 1 1(2,3)|1 1 0 0(2,2)|1 0 1 0(2,2)|1 1 0 1(2,3)|fitness = 0.14933563104892497|td = 43.69672131147541|tp = 178.17219710902359|valid
21 solution:
1 1 0 1(2,3)|1 1 0 0(2,2)|1 1 0 0(2,2)|1 0 1 1(2,3)|1 1 0 0(2,2)|1 0 1 1(2,3)|1 0 1 1(2,3)|1 0 1 1(2,3)|1 1 0 1(2,3)|1 0 1 1(2,3)|1 1 0 0(2,2)|1 1 0 1(2,3)|fitness = 0.1551753320971147|td = 49.779508196721316|tp = 179.43387423088103|valid
22 solution:
1 1 0 1(2,3)|1 1 0 0(2,2)|1 1 0 0(2,2)|0 1 1 1(2,3)|1 1 0 1(2,3)|1 1 0 1(2,3)|0 1 1 1(2,3)|1 0 0 0(1,1)|1 0 1 1(2,3)|1 0 1 0(2,2)|1 1 0 1(2,3)|1 1 0 1(2,3)|fitness = 0.15100453716539144|td = 44.28606557377049|tp = 179.43387423088103|valid
23 solution:
1 1 0 0(2,2)|1 0 0 1(1,2)|1 1 0 0(2,2)|1 1 0 1(2,3)|1 0 0 1(1,2)|1 1 0 0(2,2)|1 1 0 1(2,3)|1 1 0 0(2,2)|1 1 0 1(2,3)|1 1 0 1(2,3)|1 1 0 1(2,3)|1 0 1 1(2,3)|fitness = 0.15560997183894226|td = 49.779508196721316|tp = 173.8594592090031|valid
24 solution:
1 1 0 0(2,2)|1 1 0 1(2,3)|0 1 1 0(2,2)|1 1 0 1(2,3)|1 0 1 1(2,3)|1 1 0 0(2,2)|1 0 1 1(2,3)|1 0 1 1(2,3)|1 1 0 1(2,3)|1 1 0 1(2,3)|1 1 0 1(2,3)|1 1 0 0(2,2)|fitness = 0.1545486621284439|td = 44.71639344262295|tp = 173.56268424327737|valid
25 solution:
1 1 0 0(2,2)|1 0 1 0(2,2)|1 0 1 1(2,3)|0 1 1 1(2,3)|0 1 0 1(1,2)|1 0 1 1(2,3)|1 1 0 1(2,3)|1 1 0 1(2,3)|1 0 1 0(2,2)|1 1 0 1(2,3)|1 0 1 0(2,2)|1 1 0 1(2,3)|fitness = 0.1475588202428804|td = 40.906557377049175|tp = 173.2954338832214|valid
26 solution:
1 0 1 1(2,3)|1 1 0 1(2,3)|0 1 1 0(2,2)|1 1 0 1(2,3)|0 1 1 1(2,3)|1 1 0 0(2,2)|1 1 0 1(2,3)|1 1 0 1(2,3)|0 1 1 1(2,3)|1 1 0 0(2,2)|1 1 0 0(2,2)|1 1 0 1(2,3)|fitness = 0.15360206250499586|td = 37.27868852459016|tp = 179.1370992651553|valid
27 solution:
1 1 0 0(2,2)|1 1 0 1(2,3)|1 1 0 1(2,3)|1 1 0 1(2,3)|1 1 0 1(2,3)|1 1 0 0(2,2)|1 0 1 1(2,3)|1 1 0 1(2,3)|1 1 0 1(2,3)|1 1 0 0(2,2)|1 0 1 0(2,2)|1 0 1 1(2,3)|fitness = 0.15670460384689247|td = 49.779508196721316|tp = 177.87542214329784|valid
28 solution:
0 1 1 0(2,2)|1 0 1 0(2,2)|0 1 1 1(2,3)|1 1 0 1(2,3)|1 0 1 1(2,3)|1 1 0 0(2,2)|1 0 1 1(2,3)|1 0 1 1(2,3)|0 1 1 1(2,3)|1 1 0 0(2,2)|1 0 1 1(2,3)|1 0 1 1(2,3)|fitness = 0.14640659829010488|td = 38.22377049180328|tp = 177.87542214329784|valid
29 solution:
1 1 0 0(2,2)|0 1 1 1(2,3)|1 0 1 0(2,2)|1 1 0 1(2,3)|1 0 1 1(2,3)|1 1 0 1(2,3)|1 1 0 1(2,3)|0 1 1 1(2,3)|1 1 0 0(2,2)|1 1 0 0(2,2)|1 0 1 1(2,3)|1 1 0 1(2,3)|fitness = 0.15326522251925337|td = 39.34262295081967|tp = 165.06478645329406|valid
30 solution:
0 1 1 0(2,2)|1 1 0 1(2,3)|1 1 0 1(2,3)|1 1 0 1(2,3)|1 1 0 0(2,2)|1 1 0 0(2,2)|1 0 1 1(2,3)|0 1 1 1(2,3)|1 1 0 0(2,2)|0 1 1 1(2,3)|1 1 0 0(2,2)|1 1 0 1(2,3)|fitness = 0.15109093740016175|td = 35.571311475409836|tp = 176.10170727352295|valid
The final result:
fmax = 0.15719481398958174
fmin = 0.1445490441108135
fmean = 0.15183969854085075
standard std = 0.003365629214066249
-1 solution:
1 1 0 0(2,2)|0 1 1 1(2,3)|1 1 0 0(2,2)|1 1 0 0(2,2)|1 1 0 1(2,3)|1 1 0 0(2,2)|1 1 0 1(2,3)|1 1 0 1(2,3)|1 0 1 1(2,3)|1 1 0 1(2,3)|1 1 0 1(2,3)|1 0 1 1(2,3)|fitness = 0.15719481398958174|td = 46.380327868852454|tp = 173.56268424327737|valid
