1 solution:
3 3|1 2|2 2|2 3|3 3|2 4|2 3|2 1|1 3|3 3|1 3|1 2|2 2|3 2|3 4|2 4|1 4|3 3|2 2|3 4|3 3|3 2|2 3|2 4|fitness = 10.04679102043865|time = 93.9499365570896|true
2 solution:
1 2|1 2|1 4|2 2|2 3|2 4|1 3|2 1|1 2|2 4|2 4|2 4|2 3|3 2|3 4|1 4|3 3|2 3|1 0|3 4|3 3|3 2|2 3|3 4|fitness = 9.979805549900817|time = 90.02444479005403|true
3 solution:
2 3|2 4|2 3|3 4|3 3|2 4|1 3|3 2|2 4|2 3|1 2|2 4|1 2|3 2|1 4|3 4|3 3|3 2|1 3|3 1|3 2|2 2|2 4|1 3|fitness = 10.038110838366974|time = 90.62680949785714|true
4 solution:
2 3|2 3|2 4|1 3|3 3|2 2|1 4|2 3|2 2|2 3|1 2|3 2|2 2|3 2|1 4|3 3|3 3|1 1|3 3|2 2|1 4|3 2|3 4|3 3|fitness = 10.042495483713438|time = 96.06048004917847|true
5 solution:
3 3|1 2|2 2|1 3|3 2|2 4|2 4|2 3|1 3|3 3|1 2|2 2|2 4|3 2|3 2|2 3|3 3|2 1|1 4|3 2|2 4|2 3|3 2|2 4|fitness = 10.098421036094026|time = 96.7272737418165|true
6 solution:
2 2|2 4|2 3|2 1|3 3|1 3|2 4|2 1|1 3|2 3|3 4|2 3|1 2|3 2|2 4|3 3|3 3|3 4|2 4|3 3|3 2|2 2|2 4|2 1|fitness = 9.975576034485167|time = 86.457301438613|true
7 solution:
1 3|2 4|1 1|2 1|2 3|2 3|1 2|2 1|3 3|3 3|2 2|2 1|1 2|2 4|3 3|1 2|2 3|2 1|2 3|2 4|3 1|2 3|2 2|2 1|fitness = 9.93672843038306|time = 98.81496927546235|true
8 solution:
1 3|2 4|1 1|2 2|2 3|1 1|1 1|2 1|3 3|3 2|2 3|2 2|2 2|3 2|2 3|3 3|3 2|2 3|3 4|2 2|3 3|1 3|1 2|2 2|fitness = 10.035176603299556|time = 97.71016027747237|true
9 solution:
1 2|2 2|2 4|3 3|3 2|1 2|2 2|2 4|3 3|2 3|2 4|2 4|3 2|3 3|2 4|2 2|2 4|2 3|1 4|2 1|3 2|2 3|1 2|2 3|fitness = 9.990676584351984|time = 93.62531772974936|true
10 solution:
2 2|2 1|1 4|1 2|3 2|2 4|2 4|3 2|3 3|3 3|2 3|2 4|2 4|3 2|2 2|3 2|3 2|2 3|2 4|3 4|3 2|2 3|2 3|3 3|fitness = 9.954076659742416|time = 90.82971351493116|true
11 solution:
2 3|2 4|2 2|3 2|3 3|2 1|1 3|2 1|2 3|2 4|2 3|2 3|2 3|3 2|2 1|2 3|3 3|2 4|1 4|3 4|2 2|1 2|3 3|3 2|fitness = 10.123947998619956|time = 94.0577295359059|true
12 solution:
2 3|2 3|2 3|2 2|3 1|2 3|3 2|2 1|2 4|3 2|2 4|2 4|2 3|2 3|3 2|3 4|3 2|3 3|1 3|2 4|1 1|1 2|2 4|2 2|fitness = 9.99110839171267|time = 97.10333426536926|true
13 solution:
2 3|2 3|1 1|2 2|3 3|2 2|2 4|2 1|2 3|3 4|2 3|2 2|3 2|2 1|1 2|2 3|2 4|3 2|3 3|2 3|2 1|2 2|3 4|2 4|fitness = 10.031746336456386|time = 82.43583472178035|true
14 solution:
2 2|2 1|2 4|3 2|3 3|1 2|2 3|2 4|1 3|1 3|2 4|2 2|3 2|3 3|1 4|1 2|2 2|2 4|1 4|2 4|1 3|2 1|2 4|1 0|fitness = 9.997831733796566|time = 93.08577859273304|true
15 solution:
2 3|2 3|2 4|2 3|3 2|2 2|3 2|2 3|3 2|2 3|2 2|3 2|1 3|2 4|1 4|2 2|1 2|2 3|1 1|2 1|3 4|3 3|3 3|2 4|fitness = 9.96983814411165|time = 87.13656262525274|true
16 solution:
1 3|2 2|2 1|3 3|3 3|2 4|2 2|2 4|2 3|2 2|3 2|2 2|3 2|2 2|3 3|3 1|2 3|3 2|2 1|2 1|3 3|3 3|1 1|1 1|fitness = 9.950006383451754|time = 85.92187916633596|true
17 solution:
3 2|2 2|1 4|1 3|3 3|2 3|2 2|2 3|1 3|3 2|1 2|2 4|2 4|2 3|3 4|2 4|2 4|1 4|3 2|2 4|3 2|1 1|3 3|3 4|fitness = 9.94458788508256|time = 91.01150673084578|true
18 solution:
2 2|2 3|2 3|3 2|3 2|1 3|2 3|2 2|3 3|2 2|2 2|3 3|1 3|3 2|3 4|2 2|1 2|3 4|1 4|2 2|1 1|1 4|2 3|1 1|fitness = 10.03509948738501|time = 94.25370085172207|true
19 solution:
1 3|1 2|3 4|2 4|3 2|2 3|1 4|3 2|1 2|1 3|2 1|2 2|2 3|2 2|2 3|2 3|3 3|3 4|3 4|3 4|1 3|2 4|2 2|2 2|fitness = 10.047472999566882|time = 96.67372559524583|true
20 solution:
2 3|3 2|3 2|2 4|3 3|2 4|2 4|3 2|2 4|3 2|1 2|2 3|2 3|3 2|2 1|2 1|2 2|2 2|2 4|2 0|3 3|1 4|2 4|2 3|fitness = 10.005151199482535|time = 86.91342290884144|true
21 solution:
2 3|2 4|1 2|2 3|3 3|2 1|1 2|3 2|3 3|2 3|3 2|2 3|2 3|3 2|2 2|3 4|1 3|3 4|3 3|3 4|1 2|2 4|2 4|3 4|fitness = 10.021024354714395|time = 89.50513883997795|true
22 solution:
2 4|2 4|2 4|3 2|3 3|2 4|2 4|2 1|2 2|2 1|3 3|3 3|2 2|3 2|2 3|2 2|2 3|3 3|2 3|2 4|3 2|2 2|2 1|2 4|fitness = 9.982260731482693|time = 86.99845206976977|true
23 solution:
2 2|1 3|2 3|3 2|3 3|2 2|1 2|2 1|1 3|2 3|2 4|3 2|2 3|1 2|1 3|1 2|1 4|3 2|2 1|3 4|2 4|2 3|3 4|3 4|fitness = 10.016970237379862|time = 95.3766593409176|true
24 solution:
2 2|2 2|2 2|2 4|3 3|2 2|2 4|2 1|2 2|3 2|2 4|2 3|2 3|3 2|1 1|1 2|3 1|3 4|1 4|2 2|3 3|3 3|2 4|2 3|fitness = 10.093375943143876|time = 93.34685180106214|true
25 solution:
2 3|2 3|1 3|3 3|3 3|2 4|2 2|2 1|1 2|3 4|2 2|2 3|2 3|2 1|2 2|1 2|3 2|3 2|1 4|2 3|1 1|3 3|1 3|2 4|fitness = 10.116450360091246|time = 96.84720676275091|true
26 solution:
1 3|2 3|3 2|2 3|3 2|2 1|2 3|2 2|3 2|2 4|2 3|1 2|2 4|2 1|1 3|2 4|3 4|3 3|1 2|2 3|2 3|3 2|2 4|2 4|fitness = 10.005053703983714|time = 90.30619592805739|true
27 solution:
3 2|2 1|2 1|1 3|2 1|1 4|1 2|3 2|1 2|1 2|2 1|2 3|1 2|3 2|3 3|2 3|3 2|3 3|2 4|2 1|1 1|1 4|3 4|2 3|fitness = 10.045365931663094|time = 82.35477428684203|true
28 solution:
2 4|2 3|1 4|3 2|3 2|1 2|3 2|2 1|2 1|2 4|2 1|2 3|2 3|3 2|1 1|3 2|2 4|2 2|1 3|3 4|3 3|3 4|3 4|3 2|fitness = 9.950842093305212|time = 86.451458496356|true
29 solution:
1 3|1 3|1 2|2 2|3 4|2 3|2 2|2 2|2 1|2 1|2 3|2 4|2 2|2 3|1 1|1 3|3 3|3 2|2 4|2 2|2 2|3 3|2 4|3 4|fitness = 10.023779036963083|time = 90.11391758144796|true
30 solution:
2 4|2 2|2 4|2 4|3 3|3 2|2 3|3 2|2 3|3 2|2 3|2 2|2 3|2 2|2 4|3 2|1 3|3 2|1 4|2 3|2 4|2 4|3 3|2 1|fitness = 10.020964153114596|time = 83.49465739037774|true
The final result:
fmax = 10.123947998619956
fmin = 9.93672843038306
fmean = 10.015691178209462
standard std = 0.049641788424282005
-1 solution:
2 3|2 4|2 2|3 2|3 3|2 1|1 3|2 1|2 3|2 4|2 3|2 3|2 3|3 2|2 1|2 3|3 3|2 4|1 4|3 4|2 2|1 2|3 3|3 2|fitness = 10.123947998619956|time = 94.0577295359059|true
