1 solution:
6 3|5 3|3 4|6 2|6 7|5 1|3 1|4 4|4 3|6 3|5 6|6 8|2 5|4 6|4 6|5 5|6 3|6 3|6 4|5 7|5 6|6 7|4 3|4 4|3 8|4 7|5 4|5 5|6 8|5 7|2 4|6 5|6 5|6 5|6 2|5 8|6 8|6 8|3 3|5 3|6 5|4 7|1 2|6 4|6 7|5 7|6 4|6 3|6 1|6 3|fitness = 20.11429052086825|time = 106.9782821037422|true
2 solution:
1 1|6 4|1 8|5 7|6 3|2 4|6 4|4 5|5 3|6 4|4 3|4 5|6 1|5 3|3 5|4 4|6 3|6 8|4 3|5 5|6 3|6 7|5 0|1 8|3 8|4 3|6 2|4 7|6 4|5 4|6 3|6 5|6 1|1 4|5 1|6 8|4 7|6 8|4 3|6 4|4 3|6 4|5 8|5 5|6 4|1 8|1 8|6 3|6 1|6 7|fitness = 20.0413767632632|time = 144.27288474658747|true
3 solution:
4 4|6 5|6 8|6 3|6 3|6 3|6 3|3 6|6 4|5 4|6 7|6 7|2 3|6 7|6 6|6 8|6 7|1 8|6 3|6 5|6 4|5 5|6 4|6 3|6 3|5 3|6 6|5 7|5 1|5 6|6 3|5 8|6 4|6 8|3 7|5 3|6 7|6 7|6 3|6 8|6 8|5 8|4 7|5 7|6 6|5 6|5 8|6 3|6 7|5 7|fitness = 19.996141039871034|time = 150.00548683987313|false
4 solution:
6 4|2 4|4 4|6 7|6 1|5 4|5 8|6 3|6 4|5 4|6 5|3 3|4 6|6 2|3 2|5 3|6 7|4 4|4 4|6 3|4 7|5 3|6 5|6 1|5 2|5 3|6 4|6 3|6 3|6 8|4 3|6 6|3 3|6 5|4 8|5 6|5 5|6 3|5 3|6 7|4 8|6 7|4 8|5 6|6 7|6 5|3 4|6 8|5 6|6 3|fitness = 19.8992819050148|time = 132.66477890829634|true
5 solution:
6 3|6 3|5 1|2 8|4 6|6 3|6 4|6 4|5 3|6 3|5 7|4 0|3 3|6 5|6 8|5 3|2 5|4 6|5 7|6 8|6 3|6 1|6 4|6 4|4 4|6 8|6 8|6 3|1 7|5 4|6 6|5 5|4 8|6 7|4 7|5 4|6 5|1 8|4 4|5 7|2 4|2 3|6 6|6 3|6 8|4 5|4 3|4 4|6 7|5 3|fitness = 19.98438907519688|time = 146.27186272315294|true
6 solution:
4 3|5 1|6 8|6 8|4 3|6 3|6 2|6 8|2 3|6 4|6 5|5 5|4 2|3 8|5 8|3 3|6 7|1 8|6 7|5 5|6 3|6 4|6 7|5 4|6 4|5 3|5 5|6 5|2 2|5 5|5 7|5 8|6 4|5 5|5 8|5 7|6 7|6 5|5 3|6 3|6 4|5 3|5 2|6 3|6 4|4 3|4 4|6 8|6 4|5 8|fitness = 20.02234306778486|time = 122.11666843115731|true
7 solution:
5 4|6 4|6 3|6 7|4 7|6 3|6 4|6 5|6 3|5 7|5 6|6 3|4 4|5 8|6 6|6 4|4 5|6 6|5 3|6 4|5 5|6 8|6 4|5 3|5 7|5 3|3 4|6 4|4 4|5 7|6 3|5 8|6 6|6 7|6 6|5 3|5 2|1 5|6 3|6 5|5 4|6 5|2 3|6 6|6 3|3 5|5 6|6 6|6 3|5 5|fitness = 19.932682306418837|time = 137.39536955234385|true
8 solution:
6 3|5 6|4 7|5 8|3 5|6 3|2 3|4 7|6 3|6 4|6 4|4 8|2 1|6 2|6 5|5 3|6 5|4 6|4 3|6 5|5 2|6 5|6 3|6 3|5 6|5 7|4 5|6 5|6 7|5 8|6 3|5 5|4 8|4 8|4 8|6 8|6 2|6 5|6 3|6 1|6 4|6 7|5 3|6 4|5 3|4 4|4 5|6 3|5 6|5 7|fitness = 20.025625120263033|time = 143.29042323593742|true
9 solution:
6 3|5 7|4 8|2 3|6 1|6 1|5 3|1 7|1 4|5 8|5 8|6 7|5 3|1 7|6 5|6 4|6 1|5 7|1 6|4 5|5 5|2 6|3 8|5 5|6 1|4 3|5 4|6 3|6 5|2 4|6 7|4 8|6 4|6 4|4 1|6 3|6 2|2 4|2 3|6 2|6 6|5 4|4 3|5 4|1 1|4 4|6 2|3 3|6 3|1 4|fitness = 19.94244600190284|time = 121.77691854611751|true
10 solution:
4 3|6 5|6 1|6 4|6 3|6 5|5 3|4 6|4 3|4 1|5 4|6 3|1 8|6 4|6 8|3 3|4 5|5 5|5 8|5 3|5 8|5 1|5 8|5 8|6 3|6 3|6 4|2 4|6 4|6 8|4 7|6 7|4 5|4 7|2 8|5 5|6 8|6 7|4 4|5 3|6 7|6 5|6 5|5 8|1 8|4 4|5 6|6 8|6 4|6 1|fitness = 20.150467353590116|time = 142.9075848083826|true
11 solution:
2 5|4 3|6 8|6 5|6 8|1 3|5 3|6 5|6 7|6 4|2 3|6 5|1 4|6 8|6 8|5 8|6 1|6 3|1 7|4 4|4 5|2 4|4 4|5 3|1 5|5 5|6 7|2 5|6 8|3 3|5 3|6 7|6 3|5 6|3 4|6 1|4 6|5 8|5 3|5 8|6 8|4 4|4 4|5 2|4 3|5 6|5 8|6 6|6 3|3 1|fitness = 19.906511055157967|time = 143.03676607637715|true
12 solution:
2 3|4 3|4 1|5 8|4 7|5 3|6 5|5 2|5 7|4 8|4 7|4 0|4 4|6 6|6 2|2 4|4 1|4 4|5 2|6 3|5 3|6 8|4 3|6 3|4 4|3 5|6 6|5 3|4 3|3 8|6 4|6 7|1 5|6 2|6 1|4 3|6 8|6 5|6 7|4 8|3 2|5 8|5 5|6 3|2 4|6 3|3 4|6 4|5 8|6 4|fitness = 19.726609227251522|time = 138.70907842021313|true
13 solution:
1 4|5 7|4 5|5 3|5 1|5 5|4 5|4 0|2 4|1 8|5 4|2 4|5 6|4 7|6 7|6 3|5 5|3 3|5 3|4 3|6 4|6 8|4 5|4 4|1 3|5 3|5 1|6 3|2 3|5 8|4 8|6 4|1 8|6 8|6 8|5 4|5 3|6 4|6 3|6 8|6 5|6 3|1 8|4 6|6 4|5 8|1 4|6 1|6 6|6 4|fitness = 19.89166094116066|time = 135.66080644485467|true
14 solution:
6 5|6 4|2 6|6 4|6 3|5 3|4 3|4 2|6 4|5 4|6 8|6 7|4 6|4 2|2 7|5 7|6 5|6 7|6 4|6 7|1 4|4 7|2 8|6 3|5 7|4 3|5 7|6 5|6 5|5 8|6 3|6 7|2 6|6 5|6 8|5 6|5 6|6 3|6 3|5 3|5 6|6 3|5 3|5 7|2 5|4 7|6 8|4 8|6 8|6 5|fitness = 19.9241314688841|time = 127.1280959926922|true
15 solution:
3 3|6 4|5 4|6 3|6 5|5 2|6 3|4 8|5 3|6 4|5 8|2 5|6 3|6 3|6 7|4 6|4 5|6 4|6 6|6 7|5 8|5 7|6 3|5 4|4 8|3 4|5 8|6 1|6 8|5 3|5 8|2 4|6 8|5 5|6 5|6 3|6 5|3 3|6 7|6 3|5 6|4 1|6 5|4 3|4 8|4 4|6 6|6 4|6 3|6 3|fitness = 19.975829343745907|time = 149.55778003327967|true
16 solution:
5 1|2 4|6 8|5 8|5 3|4 3|6 5|2 6|6 3|2 4|5 3|4 7|1 8|1 7|6 3|6 3|2 4|4 7|4 1|5 5|5 8|5 4|5 3|5 4|6 6|4 6|6 5|6 6|4 7|6 5|6 3|4 3|4 8|1 3|5 1|5 5|6 7|2 3|6 7|5 4|5 8|4 5|6 4|4 7|5 5|5 2|4 1|6 2|6 4|4 5|fitness = 19.825225505602972|time = 122.91165784283108|true
17 solution:
4 4|6 5|6 4|4 7|1 7|5 3|6 3|1 8|6 4|5 4|6 4|6 4|6 5|6 8|6 6|6 6|6 7|5 5|6 5|1 5|6 7|5 8|4 4|5 3|5 4|1 4|5 8|5 8|6 3|6 3|6 1|6 7|5 8|6 7|4 4|5 3|6 5|2 3|5 7|5 2|6 7|6 4|4 4|5 4|5 3|5 4|5 6|2 3|6 1|6 4|fitness = 19.92428017939239|time = 148.3574299473863|true
18 solution:
6 3|6 4|6 4|5 3|4 8|5 3|6 5|6 0|2 7|4 4|3 3|6 1|6 5|3 4|6 2|6 7|4 0|6 4|4 1|5 5|5 8|6 3|6 1|6 3|6 6|4 3|6 4|6 3|6 3|6 4|6 3|2 8|3 8|6 8|6 6|4 1|4 4|6 6|6 4|5 3|5 6|5 8|4 1|5 8|4 5|5 1|5 2|1 8|4 3|6 6|fitness = 19.798104320492513|time = 141.6601435799491|true
19 solution:
2 7|6 3|6 6|6 8|4 3|6 3|6 3|4 5|6 3|4 4|6 3|6 6|5 4|4 5|3 3|6 5|6 2|1 8|4 7|6 3|6 5|6 2|6 3|5 3|4 5|6 7|6 8|4 4|6 3|4 3|5 4|5 6|6 7|1 8|4 5|6 7|1 5|4 4|5 5|6 4|6 8|6 3|4 8|6 4|6 7|5 1|6 5|6 4|4 7|6 5|fitness = 20.059731735205997|time = 144.13747364948952|true
20 solution:
3 4|6 8|5 2|5 4|4 8|6 5|5 4|4 8|6 3|6 5|6 4|6 8|6 6|6 8|4 6|6 7|6 5|6 3|6 4|6 3|5 5|5 4|4 3|1 4|6 3|2 4|5 6|6 3|6 7|5 3|4 3|5 3|5 7|5 1|4 7|5 5|6 3|4 1|6 3|6 3|6 7|3 4|6 8|1 6|6 4|6 7|2 5|5 8|4 4|6 5|fitness = 19.900998334177576|time = 129.94056088088217|true
21 solution:
5 4|4 7|6 5|5 1|1 6|6 3|6 3|6 7|6 5|4 7|6 4|5 3|4 4|5 5|6 6|5 3|6 7|5 1|4 4|6 4|5 8|6 3|6 5|6 4|4 7|6 3|6 7|4 3|3 4|5 5|6 7|6 7|4 7|5 4|4 8|6 4|6 3|4 4|6 3|6 3|4 3|5 8|3 7|4 1|5 4|5 1|6 3|6 8|6 5|5 7|fitness = 20.080580837763087|time = 136.26236504070866|true
22 solution:
2 4|1 4|6 8|4 3|4 8|1 1|1 3|6 7|6 3|5 4|3 5|1 8|6 5|5 5|4 0|2 7|6 2|6 1|1 1|6 8|5 1|4 5|5 3|4 3|4 5|4 7|5 8|5 3|5 3|4 7|1 8|5 7|5 5|6 1|3 5|6 3|6 8|5 6|4 7|5 3|6 8|5 7|6 8|6 1|5 3|5 4|6 3|6 4|6 7|6 3|fitness = 19.89335475352487|time = 137.50112063905934|true
23 solution:
5 5|6 4|3 8|6 3|6 3|6 4|4 3|4 8|6 3|5 4|4 7|4 8|6 5|4 7|6 2|6 4|6 5|6 7|6 5|3 3|6 8|6 8|4 4|6 3|4 3|6 4|6 1|4 3|6 6|6 7|6 3|4 0|5 3|6 1|6 8|6 4|6 8|6 4|6 7|6 4|6 7|3 5|5 6|6 7|6 4|6 7|6 8|5 8|6 1|5 5|fitness = 19.988222119742726|time = 122.33879082955077|true
24 solution:
5 6|6 3|2 5|6 4|4 3|4 4|6 6|4 7|4 5|3 5|5 3|2 4|6 3|6 3|6 0|5 5|4 1|5 6|5 7|6 3|6 4|6 7|5 4|6 1|5 6|6 8|5 8|4 7|6 8|5 7|4 1|6 5|6 4|5 8|4 7|5 6|4 4|6 4|6 7|5 6|6 7|6 3|6 7|4 2|5 3|3 3|3 2|5 3|5 3|5 4|fitness = 19.798297954524344|time = 133.8622107149541|true
25 solution:
4 1|6 1|3 5|6 5|5 4|6 3|6 4|6 8|6 3|6 3|5 8|4 6|6 5|5 5|4 1|6 5|3 4|6 8|6 7|5 4|6 5|5 3|4 3|6 4|3 3|5 6|5 6|6 3|6 8|1 3|6 3|6 2|5 6|4 5|4 7|6 1|5 8|1 8|6 4|5 8|6 5|1 4|6 8|5 3|6 3|6 5|6 8|4 3|5 7|2 8|fitness = 20.009617680003903|time = 140.81571982493173|true
26 solution:
6 4|4 4|6 5|5 3|5 5|1 4|6 8|6 2|5 3|5 4|4 7|4 8|2 3|6 6|6 8|6 3|6 8|4 5|4 4|4 3|5 4|6 7|1 3|6 4|4 8|6 8|5 7|4 3|5 5|5 4|4 4|6 8|6 1|6 8|6 4|5 7|5 3|1 3|6 7|6 3|5 5|6 2|6 8|4 3|6 4|5 4|6 8|6 5|5 8|6 7|fitness = 20.168417270643005|time = 145.71903845502433|true
27 solution:
6 3|5 7|3 8|6 2|6 3|6 3|6 3|6 5|6 3|6 5|5 6|6 5|5 5|6 8|6 7|6 3|6 1|3 4|6 7|6 3|2 1|5 5|6 4|6 3|2 7|3 3|6 4|6 5|6 3|6 6|5 8|6 4|4 7|6 8|6 3|6 4|6 4|6 8|6 4|6 4|6 8|4 4|6 4|6 5|4 7|4 4|4 4|6 3|6 8|6 4|fitness = 20.116332576366187|time = 143.09762699483002|true
28 solution:
6 3|5 7|4 4|6 4|6 2|4 3|6 3|6 8|6 3|6 7|6 7|3 3|4 4|1 7|2 7|5 3|6 3|1 4|4 3|2 3|5 8|6 5|3 8|4 4|6 2|4 1|6 4|4 1|6 4|5 7|5 0|6 7|6 3|6 1|3 3|5 7|4 5|6 7|4 4|6 4|6 6|5 4|3 7|6 4|6 1|5 5|4 3|5 8|1 8|6 4|fitness = 19.924839159824202|time = 130.51401192858665|true
29 solution:
6 3|6 3|6 5|6 1|6 5|4 3|2 4|5 1|5 8|5 4|3 3|4 8|5 3|6 6|6 7|5 3|5 7|1 4|5 6|6 4|1 3|5 8|6 3|5 3|5 7|6 4|5 8|5 7|6 7|5 3|6 7|6 6|6 2|4 5|3 8|5 7|4 8|6 8|1 7|6 4|2 6|6 4|5 3|1 5|5 6|5 6|2 5|4 7|6 8|6 7|fitness = 20.051355080044864|time = 133.01995888393836|true
30 solution:
6 4|5 5|2 8|5 8|1 4|6 3|6 5|5 3|2 3|3 7|5 8|6 5|5 8|4 6|6 1|6 4|6 3|3 5|5 5|6 3|6 4|6 5|6 5|6 4|5 7|4 4|6 1|6 3|5 3|2 8|4 3|6 8|4 4|4 7|6 1|5 1|6 6|6 3|4 3|6 4|2 3|6 8|6 4|4 8|5 1|6 4|6 6|5 3|4 2|4 5|fitness = 19.88585567498226|time = 120.92902803961317|true
The final result:
fmax = 20.168417270643005
fmin = 19.726609227251522
fmean = 19.965299945755497
standard std = 0.1074244190808119
-1 solution:
6 4|4 4|6 5|5 3|5 5|1 4|6 8|6 2|5 3|5 4|4 7|4 8|2 3|6 6|6 8|6 3|6 8|4 5|4 4|4 3|5 4|6 7|1 3|6 4|4 8|6 8|5 7|4 3|5 5|5 4|4 4|6 8|6 1|6 8|6 4|5 7|5 3|1 3|6 7|6 3|5 5|6 2|6 8|4 3|6 4|5 4|6 8|6 5|5 8|6 7|fitness = 20.168417270643005|time = 145.71903845502433|true
