1 solution:
5 3|4 4|2 6|2 7|6 3|5 1|6 2|4 3|5 3|3 3|5 3|4 4|2 6|4 5|3 6|5 5|6 4|6 6|5 5|6 5|6 2|5 5|4 7|6 7|4 2|4 5|2 4|2 3|6 3|3 3|4 4|6 4|5 1|1 1|5 3|4 5|6 3|4 4|4 4|5 3|6 5|5 0|3 5|4 6|6 4|4 3|1 4|4 4|6 5|6 4|fitness = 19.86587072969522|time = 145.0695891587482|true
2 solution:
6 4|6 6|6 5|5 5|4 1|6 7|4 3|4 1|6 1|5 4|6 7|6 3|4 5|4 5|4 7|6 3|5 3|5 2|2 3|4 4|5 3|4 5|6 8|6 5|6 4|6 3|5 4|5 5|6 4|6 8|5 5|5 6|4 3|5 5|5 2|5 5|4 7|5 3|5 5|4 3|6 6|4 7|6 7|5 3|3 4|6 4|3 4|6 3|6 7|5 4|fitness = 20.010370675733938|time = 143.24491191604073|true
3 solution:
4 1|4 3|1 5|6 4|6 3|4 1|5 5|1 0|1 4|5 5|1 4|6 5|4 2|4 6|2 3|1 3|6 1|4 7|1 4|1 1|5 4|5 3|4 3|5 1|5 1|5 1|5 4|1 1|5 5|4 3|4 3|6 3|6 1|4 4|6 4|4 1|4 7|2 4|6 4|5 7|2 5|2 4|4 1|4 3|5 3|4 1|4 5|4 4|4 3|5 1|fitness = 21.10587252110967|time = 145.41292046385766|true
4 solution:
2 3|4 1|5 6|5 4|5 4|3 1|3 5|5 3|3 3|4 5|5 5|4 6|4 4|5 6|5 6|5 1|1 7|3 3|4 5|3 3|4 1|2 3|4 3|5 4|5 5|2 4|4 4|5 2|3 4|5 6|1 5|4 3|2 4|5 5|4 2|5 4|4 4|5 5|4 5|5 3|4 5|1 4|4 3|4 3|5 5|3 4|2 5|2 1|4 3|4 3|fitness = 20.072697028305626|time = 149.41069123328163|true
5 solution:
2 3|2 7|4 6|5 8|4 3|4 3|6 5|1 5|5 3|4 4|5 5|4 3|6 3|3 6|6 5|6 5|5 7|6 5|1 1|5 5|5 3|4 4|6 3|2 4|5 6|4 3|5 4|5 4|5 6|6 4|6 5|5 3|5 4|6 4|6 5|6 1|6 2|6 3|4 7|4 4|6 5|6 4|5 3|3 3|6 4|4 6|6 6|5 5|2 3|5 3|fitness = 20.536051158710876|time = 149.10857296976258|true
6 solution:
1 3|4 1|4 5|5 5|4 1|2 3|6 7|1 5|1 3|5 1|6 4|5 6|6 4|4 2|4 6|5 7|5 3|5 2|5 4|2 4|5 3|5 3|1 3|2 3|6 1|5 1|5 2|6 4|6 4|4 4|6 0|3 8|5 3|5 5|5 1|5 4|5 4|1 1|5 3|2 3|6 1|1 5|6 3|2 3|6 7|6 5|4 7|6 5|6 2|6 1|fitness = 20.664460925496307|time = 147.5345010253513|true
7 solution:
4 3|5 5|4 5|4 3|6 3|5 3|3 3|4 6|4 3|2 4|5 3|1 3|4 3|4 1|4 1|4 4|6 4|1 4|5 4|6 1|4 1|6 5|2 3|4 1|4 1|2 3|2 7|4 4|5 3|5 7|4 7|5 6|6 3|1 4|1 1|5 1|5 1|5 3|2 3|4 1|4 5|4 4|3 4|1 4|5 5|4 4|4 5|4 1|2 5|5 3|fitness = 21.191859413596603|time = 149.3502592679367|true
8 solution:
2 3|6 4|4 2|6 7|6 7|4 3|5 3|1 5|6 3|5 5|6 4|4 7|6 1|4 1|4 5|2 3|5 1|4 2|5 3|6 7|4 4|4 4|6 3|6 5|6 4|6 3|5 1|4 4|6 3|4 3|6 4|6 3|6 7|6 4|4 7|6 1|6 7|5 5|6 4|5 3|6 3|5 7|6 7|5 4|4 3|6 3|6 7|6 7|6 1|6 3|fitness = 20.930476562045087|time = 149.69219718669612|true
9 solution:
2 3|4 3|4 6|5 5|6 3|5 6|5 6|4 4|5 3|1 1|1 6|5 6|4 5|5 6|2 2|4 4|3 4|5 5|5 3|4 3|2 4|5 4|5 3|5 3|4 5|5 2|5 4|6 5|5 6|5 3|4 2|4 3|4 5|5 1|4 6|5 1|5 4|4 5|5 6|5 3|4 5|3 3|4 5|3 4|5 3|5 2|6 5|4 1|5 5|5 3|fitness = 20.24166386509811|time = 142.05529593627884|true
10 solution:
5 5|5 3|1 4|5 6|5 3|5 7|5 5|2 5|4 3|5 2|2 7|4 6|4 1|5 5|1 6|4 4|4 3|5 3|5 3|4 4|5 3|2 4|3 3|4 3|2 4|5 4|5 2|3 3|4 1|5 3|5 2|5 5|5 5|2 4|4 7|5 7|4 4|3 1|5 3|2 3|4 1|3 4|4 5|4 4|5 5|1 4|4 2|5 5|5 4|6 3|fitness = 20.485247573423568|time = 146.64136676469764|true
11 solution:
5 3|6 3|6 5|2 7|2 3|5 2|4 7|4 5|3 3|1 3|4 4|6 4|4 7|6 5|4 4|1 7|6 1|1 1|4 3|5 3|5 5|4 7|6 3|6 3|5 6|6 3|1 1|5 6|5 5|4 3|4 4|6 4|4 4|6 3|6 4|5 1|4 3|4 3|6 7|5 6|2 1|4 4|1 5|4 1|5 5|4 1|1 5|6 4|2 4|5 1|fitness = 20.86547623375129|time = 144.8282847338667|true
12 solution:
5 7|4 1|6 1|5 4|6 2|6 3|6 1|4 0|6 4|4 1|5 7|6 5|6 3|4 5|6 4|4 4|1 5|6 5|5 4|6 7|1 3|5 5|6 5|6 4|5 6|6 3|2 4|5 3|6 3|5 4|6 4|6 2|6 3|1 7|4 5|6 1|6 4|5 3|6 4|4 3|6 5|4 3|4 6|5 3|5 5|1 3|6 6|6 7|4 7|6 3|fitness = 20.535450278571894|time = 144.7510796812763|true
13 solution:
6 1|4 4|4 5|5 3|5 2|6 7|5 8|4 7|4 7|6 7|5 4|4 4|4 3|4 5|4 6|4 7|6 4|4 2|5 3|6 3|5 2|5 3|4 3|5 5|5 5|2 3|6 3|6 4|5 1|5 1|6 4|4 5|4 7|6 7|6 4|5 3|5 3|5 3|6 4|6 4|4 3|4 5|6 1|6 5|5 3|3 4|6 5|6 4|2 6|5 3|fitness = 20.514461479354708|time = 148.00555128184885|true
14 solution:
2 3|2 1|6 2|5 2|5 3|2 3|2 4|1 1|4 3|5 2|4 3|2 1|4 4|4 4|2 5|3 4|5 2|1 2|5 5|3 7|2 2|5 4|6 1|4 4|5 1|4 3|5 1|4 1|5 5|3 3|6 3|4 3|6 2|5 1|2 2|2 3|4 5|2 3|5 3|2 4|6 5|5 3|4 7|3 4|4 3|4 2|1 4|4 1|6 1|3 5|fitness = 20.340410408171405|time = 140.70828191134316|true
15 solution:
5 3|2 4|6 5|5 7|5 5|6 3|5 1|5 5|6 3|4 1|6 3|4 3|5 3|2 4|4 5|5 3|5 2|6 3|5 6|2 4|4 3|4 4|4 4|5 3|6 1|6 3|3 4|6 4|6 7|6 4|6 7|6 3|4 5|5 4|6 5|5 6|5 1|5 6|5 3|5 7|5 4|5 5|5 3|4 3|6 4|4 5|6 7|5 5|6 7|6 7|fitness = 20.520350779125955|time = 147.28690577995883|true
16 solution:
4 3|6 3|6 2|6 7|4 4|6 4|3 5|5 6|6 7|4 1|6 5|4 6|6 3|1 8|4 4|5 3|6 4|6 7|6 3|6 5|4 1|2 7|4 7|6 3|5 3|6 3|4 1|5 5|1 3|1 3|6 4|4 6|2 2|6 5|5 1|2 5|5 5|1 4|6 3|4 3|5 5|5 6|6 5|6 3|4 4|6 4|4 4|4 5|2 5|4 4|fitness = 20.428268363846836|time = 142.80266980061023|true
17 solution:
6 1|6 3|1 4|5 4|1 4|5 1|4 7|6 5|5 3|4 5|5 6|6 4|4 4|6 5|1 6|5 1|5 6|6 4|5 3|1 2|6 5|6 4|1 5|5 3|6 5|4 3|4 3|6 2|6 7|4 3|6 3|5 5|4 3|1 1|6 3|6 4|4 7|5 1|6 3|6 3|5 5|6 3|6 5|5 5|5 4|6 2|4 5|5 3|5 4|4 3|fitness = 20.516162462061075|time = 149.3413547016729|true
18 solution:
5 1|4 1|6 2|5 7|4 3|3 3|2 3|4 5|6 4|4 1|4 4|2 4|6 5|5 4|4 5|4 3|4 4|4 2|4 5|2 1|4 7|6 1|4 3|4 3|4 4|4 7|4 4|6 4|4 7|5 4|4 7|2 0|4 4|3 3|4 1|5 3|4 2|2 6|4 1|5 6|2 4|5 5|5 3|1 7|2 3|6 3|6 4|4 1|5 1|6 3|fitness = 20.572620035790468|time = 146.3639004511074|true
19 solution:
5 3|5 5|4 4|4 3|5 3|4 1|2 1|4 4|6 3|5 5|2 7|4 5|4 1|1 3|2 4|4 5|4 5|5 2|1 3|4 4|4 1|5 1|4 2|5 4|4 4|4 3|4 3|6 4|4 3|5 5|2 3|2 4|6 1|5 5|4 4|5 1|4 3|4 3|4 7|4 4|6 1|4 2|3 3|5 5|2 4|4 3|5 1|1 4|3 7|2 4|fitness = 20.706597693966703|time = 146.58373610899662|true
20 solution:
6 3|6 5|2 1|4 3|4 4|6 5|5 3|4 4|6 3|5 2|2 4|1 4|5 3|4 2|1 5|6 3|4 2|6 7|4 4|4 4|4 2|4 7|4 3|4 3|5 2|6 3|6 2|5 4|2 5|5 5|6 3|4 1|4 7|3 4|5 5|4 5|6 4|5 1|6 3|3 3|4 2|1 4|1 7|5 4|5 5|6 6|3 5|4 4|4 3|6 4|fitness = 20.211435911161786|time = 144.22350469821913|true
21 solution:
3 3|4 7|6 3|6 4|4 1|4 4|6 4|1 2|4 3|5 4|6 4|4 3|6 5|5 3|4 7|1 4|6 4|5 3|5 4|6 1|5 1|4 7|2 3|6 3|4 7|6 3|6 4|6 3|6 4|4 3|6 7|5 8|6 3|5 5|6 4|2 5|6 7|4 7|5 6|4 1|2 3|6 2|6 2|5 3|2 3|4 7|6 7|6 7|5 5|6 3|fitness = 20.620106868041937|time = 149.74717926150316|true
22 solution:
3 3|5 3|4 4|6 1|5 2|6 3|2 4|1 5|5 3|6 3|5 1|4 3|4 1|4 1|4 4|1 1|4 4|6 4|4 7|6 3|4 7|5 7|6 3|4 1|6 5|6 3|5 3|5 2|6 4|5 5|6 4|1 4|1 3|5 5|5 6|1 1|4 7|2 1|6 3|4 3|1 4|1 1|4 4|5 3|4 8|5 6|1 5|5 3|5 5|6 1|fitness = 21.031717209891838|time = 143.3077147196948|true
23 solution:
4 3|5 3|6 5|4 1|5 3|6 3|6 3|4 6|5 1|6 7|6 3|3 1|1 3|5 6|4 6|6 5|5 5|4 4|4 5|5 3|4 3|6 4|4 3|4 7|6 7|4 3|5 7|5 5|1 4|5 1|6 4|6 3|6 7|6 7|6 6|6 4|6 4|6 7|1 4|4 4|4 4|6 4|6 3|5 7|5 5|6 7|2 5|6 4|4 3|3 1|fitness = 20.730693081221006|time = 149.4214214378633|true
24 solution:
4 4|6 3|5 5|6 4|5 7|4 4|5 3|6 3|6 3|6 5|5 7|6 4|4 1|5 6|5 7|3 4|6 1|4 5|5 3|6 1|5 7|6 5|4 7|5 3|1 1|6 4|6 2|5 5|6 4|5 5|4 4|6 4|3 3|4 4|6 4|5 3|6 4|5 3|6 3|6 1|6 7|6 4|4 2|2 3|2 3|2 7|1 5|4 1|6 3|6 5|fitness = 20.707531125243076|time = 149.92069716063162|true
25 solution:
6 7|4 3|6 5|4 1|4 4|4 3|4 1|4 1|4 3|4 7|5 3|6 7|4 3|6 1|6 4|4 7|6 5|3 4|6 7|5 7|5 7|4 1|4 4|6 3|6 5|4 7|6 4|6 3|2 7|5 3|4 4|5 5|4 3|6 2|5 1|6 4|1 5|6 4|2 3|5 1|6 8|5 3|6 3|6 3|4 7|6 2|6 4|6 4|6 7|6 1|fitness = 20.905816998303457|time = 149.56381267730092|true
26 solution:
6 7|2 4|5 5|5 6|6 3|5 3|4 7|4 5|6 3|6 4|6 4|5 6|5 1|5 5|6 5|5 1|5 5|4 1|2 7|6 3|4 4|4 4|6 3|6 5|3 5|4 3|4 5|5 4|3 3|5 3|5 3|5 5|6 3|4 3|5 4|6 5|3 3|4 5|5 3|5 8|4 1|6 5|3 4|2 1|5 4|5 6|4 6|6 1|3 3|5 3|fitness = 20.183598985860144|time = 147.39025962499863|true
27 solution:
3 4|3 4|4 5|4 1|3 3|6 3|5 3|6 2|2 3|6 1|2 4|4 5|1 5|6 5|4 1|2 4|6 4|2 3|6 5|4 5|5 4|2 4|4 7|1 7|3 5|2 3|4 4|4 3|4 5|4 7|4 3|4 5|4 5|4 3|3 7|6 2|2 1|5 2|1 4|4 4|6 5|2 3|2 3|5 6|2 4|5 3|2 5|2 7|5 3|5 4|fitness = 20.249266116315123|time = 149.29638055358282|true
28 solution:
6 4|4 7|6 2|1 4|5 4|4 4|1 1|1 2|4 3|4 3|5 3|4 7|4 5|4 4|2 2|5 5|3 4|4 5|4 3|5 3|5 3|5 3|2 1|4 4|4 3|4 3|3 3|4 1|5 2|4 3|5 7|4 1|5 1|4 1|1 1|4 4|5 6|5 3|4 3|4 3|4 4|1 1|4 4|4 1|4 5|4 7|4 1|4 4|5 5|5 5|fitness = 20.912444493863198|time = 148.40007648529564|true
29 solution:
3 7|4 4|6 5|6 4|6 3|2 7|5 3|4 7|4 4|5 1|6 7|6 3|4 4|4 5|6 4|5 3|6 5|6 3|6 4|5 5|6 4|4 4|6 3|5 5|6 3|1 7|1 4|5 1|4 1|6 3|6 7|6 1|6 7|4 7|4 3|5 4|2 3|4 5|3 3|5 3|5 8|6 5|3 6|4 4|6 4|6 5|4 8|6 5|6 3|4 3|fitness = 20.520075477587355|time = 148.77070013166735|true
30 solution:
2 3|5 3|5 7|4 4|6 5|6 3|5 5|5 2|4 3|6 3|4 4|1 4|1 5|4 5|3 4|5 7|5 3|5 5|1 7|5 3|4 4|5 5|2 3|5 7|4 5|2 3|4 5|5 5|2 5|5 3|4 1|1 4|2 8|4 2|3 6|1 4|5 2|4 4|4 3|4 3|4 3|5 3|4 2|1 7|5 1|4 2|4 4|4 3|5 4|5 7|fitness = 20.57494649325671|time = 146.2936430804908|true
The final result:
fmax = 21.191859413596603
fmin = 19.86587072969522
fmean = 20.55840003162003
standard std = 0.3239453560185376
-1 solution:
4 3|5 5|4 5|4 3|6 3|5 3|3 3|4 6|4 3|2 4|5 3|1 3|4 3|4 1|4 1|4 4|6 4|1 4|5 4|6 1|4 1|6 5|2 3|4 1|4 1|2 3|2 7|4 4|5 3|5 7|4 7|5 6|6 3|1 4|1 1|5 1|5 1|5 3|2 3|4 1|4 5|4 4|3 4|1 4|5 5|4 4|4 5|4 1|2 5|5 3|fitness = 21.191859413596603|time = 149.3502592679367|true
