1 solution:
2 3|2 3|2 3|3 4|3 3|2 3|2 4|3 2|1 3|2 3|1 2|2 3|3 2|3 2|2 2|2 4|1 3|2 2|1 4|3 2|3 3|2 2|3 4|3 2|fitness = 10.161201532819225|time = 111.92161772197079|true
2 solution:
1 3|2 3|2 3|2 2|2 3|2 3|2 3|2 1|3 2|3 2|2 4|1 3|3 2|3 2|2 4|2 2|3 2|3 2|1 3|3 2|1 4|2 2|3 2|2 4|fitness = 10.114859476074347|time = 107.91791561458075|true
3 solution:
1 2|2 3|2 4|1 2|3 3|2 3|1 2|3 2|1 2|2 4|2 4|2 3|2 3|3 2|2 1|2 1|1 1|1 3|3 4|3 2|2 2|3 3|3 3|3 4|fitness = 10.12229091299907|time = 89.58652504250718|true
4 solution:
3 2|1 2|2 3|3 4|3 3|2 3|2 3|3 2|3 3|2 1|1 2|2 4|2 2|3 2|2 3|3 4|2 1|1 4|1 2|3 2|3 3|2 3|2 4|3 2|fitness = 10.133471809746892|time = 106.24768169577716|true
5 solution:
1 3|2 4|2 3|2 4|3 3|2 4|2 4|3 2|3 3|3 2|2 1|2 4|2 3|3 3|1 2|3 2|1 3|2 3|2 3|2 4|3 2|1 2|3 3|2 1|fitness = 10.0630082949758|time = 111.31290045218087|true
6 solution:
3 2|2 4|2 4|2 3|3 3|2 3|2 4|2 2|1 3|3 2|3 3|2 3|2 2|3 2|2 3|2 4|3 3|2 3|1 2|3 2|3 2|1 2|2 4|2 3|fitness = 10.211303949780136|time = 108.4695264157196|true
7 solution:
2 3|1 2|2 2|2 3|3 3|2 2|1 4|2 3|2 1|2 4|1 1|2 2|1 2|3 2|2 1|2 4|3 3|1 3|3 3|3 2|3 3|2 3|2 3|2 4|fitness = 10.198027755384755|time = 106.40139620280905|true
8 solution:
2 3|2 3|2 3|2 3|3 3|2 3|2 4|3 2|2 3|2 3|2 3|1 2|2 3|3 2|2 1|3 2|3 3|3 4|1 2|2 1|3 2|2 4|2 4|2 2|fitness = 10.279969148165144|time = 110.74113254994668|true
9 solution:
2 3|2 3|2 4|2 3|3 3|2 3|2 4|2 2|2 3|2 4|1 2|2 3|2 4|3 2|2 2|2 2|3 3|3 2|3 4|3 2|1 3|2 3|2 4|2 4|fitness = 10.14398552313941|time = 106.54199585985259|true
10 solution:
1 2|2 2|1 4|3 3|3 2|2 3|2 3|2 1|3 2|3 2|2 3|2 2|2 3|3 2|2 4|1 4|3 3|2 1|1 3|3 4|3 3|2 4|2 4|2 1|fitness = 10.160403514026072|time = 90.86508904775609|true
11 solution:
3 2|2 3|2 4|2 3|3 3|2 3|2 4|2 1|2 3|3 3|1 3|2 3|2 4|3 3|2 2|3 2|3 3|1 4|2 4|3 2|3 3|1 4|2 1|3 4|fitness = 10.078669618422229|time = 116.98084423117793|true
12 solution:
2 3|2 2|2 4|2 1|3 3|2 3|2 4|3 2|2 3|2 3|2 3|1 3|2 3|3 2|3 3|1 2|1 1|1 1|1 2|2 4|3 2|3 3|2 4|3 2|fitness = 10.204232533933753|time = 105.09428347643575|true
13 solution:
1 3|1 3|2 3|3 2|3 2|2 2|2 4|3 2|2 4|1 3|2 3|1 2|2 3|3 3|2 3|3 2|3 3|2 3|1 2|2 4|3 2|2 3|2 2|2 4|fitness = 10.193424941891715|time = 115.31437566698932|true
14 solution:
2 3|2 3|2 4|2 2|3 3|2 3|1 3|2 1|1 2|3 2|1 2|2 3|2 3|3 2|2 1|3 2|3 3|2 3|1 4|3 2|3 3|1 2|3 4|3 4|fitness = 10.269620452815937|time = 105.82464651876874|true
15 solution:
2 3|2 2|1 4|3 2|3 3|2 2|2 3|3 2|2 3|2 3|2 3|2 3|2 3|3 2|2 3|2 4|1 2|3 4|1 3|3 4|1 1|2 4|1 3|1 2|fitness = 10.236940987674501|time = 109.13826531114482|true
16 solution:
3 2|2 3|2 4|2 2|3 3|2 2|2 4|2 3|2 2|3 2|3 2|1 3|2 2|3 2|1 1|2 1|3 3|2 3|2 3|3 3|2 3|1 2|2 2|2 3|fitness = 10.175656966255682|time = 116.19313815035424|true
17 solution:
3 2|3 2|2 2|2 3|3 2|2 2|2 3|2 1|3 2|2 3|3 3|2 2|2 3|3 2|2 3|2 4|3 3|3 4|3 3|2 3|3 3|1 3|2 4|2 1|fitness = 10.123172344349845|time = 116.8684782052136|true
18 solution:
1 3|2 3|2 3|2 3|3 3|2 3|1 2|2 1|1 2|2 3|3 3|1 2|1 2|3 2|3 2|3 2|2 4|2 4|1 2|3 4|3 3|2 3|2 2|3 4|fitness = 10.176194172801218|time = 104.80182153427573|true
19 solution:
3 2|1 2|3 3|3 2|3 3|2 2|1 2|2 1|2 3|2 3|2 4|1 2|3 2|3 2|2 3|2 3|1 1|3 3|2 3|2 4|3 3|2 2|3 4|3 2|fitness = 10.117721560601117|time = 109.24161309046156|true
20 solution:
2 3|2 4|2 2|2 3|3 3|2 3|2 3|2 1|2 3|2 3|2 4|1 2|2 4|3 2|2 4|3 4|3 3|1 2|2 2|3 2|3 3|3 4|3 3|2 2|fitness = 10.077169825132556|time = 95.63346938871967|true
21 solution:
2 3|2 3|2 3|2 3|3 3|2 4|1 4|2 4|3 2|3 3|2 2|2 2|2 2|2 4|2 1|3 4|1 3|1 1|1 2|2 4|1 3|2 3|2 2|2 3|fitness = 10.094136055735008|time = 102.37407480914432|true
22 solution:
2 3|1 3|3 2|2 3|3 2|2 4|2 3|2 1|3 3|3 3|2 3|1 3|2 3|3 2|1 4|2 1|3 3|2 3|2 4|3 2|1 1|2 3|3 4|2 4|fitness = 10.099119574707574|time = 113.72146431971606|true
23 solution:
1 2|2 3|2 4|3 2|3 2|2 3|2 4|2 1|1 2|3 2|2 3|2 3|2 3|3 2|2 1|2 4|3 3|3 3|2 3|3 2|3 3|2 2|2 3|2 4|fitness = 10.292934441154621|time = 114.41444208603107|true
24 solution:
1 3|2 3|2 3|3 2|3 3|2 4|2 2|2 1|2 3|3 2|2 1|2 3|2 2|3 2|3 2|2 4|3 3|3 2|1 4|3 4|3 2|2 4|3 3|3 2|fitness = 10.149160273356527|time = 99.2850559801918|true
25 solution:
2 3|1 2|2 1|2 3|3 3|2 4|2 2|2 3|2 3|2 1|2 3|2 3|2 4|3 2|2 3|3 4|3 3|3 3|2 3|3 2|1 2|3 4|2 1|2 4|fitness = 10.138062866202633|time = 113.59379076860598|true
26 solution:
2 4|2 3|2 0|1 2|3 2|2 3|1 4|2 1|1 2|3 3|1 3|2 3|2 3|3 2|3 2|3 2|3 3|3 4|1 3|2 2|3 3|1 2|2 3|3 2|fitness = 10.205046394522547|time = 108.86663609754268|true
27 solution:
1 2|1 2|2 2|2 3|3 3|1 2|2 4|2 2|2 3|3 3|2 1|2 2|2 3|3 2|2 3|3 4|3 2|3 3|2 3|2 2|3 3|2 3|2 4|1 1|fitness = 10.21904169712845|time = 116.53871944062327|true
28 solution:
2 3|2 2|2 3|3 4|3 2|2 3|2 4|3 2|1 2|3 2|2 2|2 3|2 4|3 2|2 3|2 1|2 1|3 2|2 3|2 4|1 1|2 3|3 3|1 3|fitness = 10.144216804990801|time = 102.92341408716926|true
29 solution:
2 3|1 2|2 3|2 2|3 3|2 3|2 2|2 3|1 2|2 2|2 3|1 3|3 4|2 3|3 2|2 1|3 2|2 3|2 2|3 2|2 1|2 2|2 2|2 1|fitness = 10.104475406934789|time = 116.05993749642838|true
30 solution:
3 2|2 3|3 2|2 2|3 3|2 3|2 4|2 3|2 3|2 3|1 2|2 2|2 2|3 2|2 3|2 1|3 2|3 3|1 2|2 4|1 2|3 3|2 1|3 2|fitness = 10.195414458702041|time = 118.58898470911|true
The final result:
fmax = 10.292934441154621
fmin = 10.0630082949758
fmean = 10.162764443147477
standard std = 0.06063555731423086
runtime = 0–° ±,0∑÷,16√Î,115∫¡√Î
-1 solution:
1 2|2 3|2 4|3 2|3 2|2 3|2 4|2 1|1 2|3 2|2 3|2 3|2 3|3 2|2 1|2 4|3 3|3 3|2 3|3 2|3 3|2 2|2 3|2 4|fitness = 10.292934441154621|time = 114.41444208603107|true
