1 solution:
1 1 0 1(2,3)|0 1 0 1(1,2)|1 0 1 1(2,3)|1 1 0 1(2,3)|0 1 0 0(1,1)|0 1 0 0(1,1)|0 1 1 0(2,2)|1 1 0 1(2,3)|1 1 0 1(2,3)|1 0 0 0(1,1)|1 1 0 0(2,2)|1 1 0 0(2,2)|fitness = 0.13619194857659409|td = 36.748360655737706|tp = 162.5361197545289|valid
2 solution:
0 1 1 1(2,3)|1 0 1 0(2,2)|1 0 1 0(2,2)|1 0 1 1(2,3)|1 1 0 1(2,3)|1 0 0 1(1,2)|1 1 0 1(2,3)|1 0 0 0(1,1)|0 1 0 0(1,1)|0 1 1 0(2,2)|1 1 0 1(2,3)|0 0 1 1(1,2)|fitness = 0.13286649351386476|td = 35.81639344262295|tp = 174.55711100507887|valid
3 solution:
0 1 1 1(2,3)|1 0 0 0(1,1)|1 0 0 0(1,1)|1 0 1 1(2,3)|1 0 1 1(2,3)|1 1 0 1(2,3)|1 0 1 0(2,2)|1 0 0 0(1,1)|0 0 0 1(0,1)|1 0 1 0(2,2)|1 0 1 1(2,3)|0 1 1 1(2,3)|fitness = 0.12903125302180177|td = 38.12213114754098|tp = 179.43387423088103|valid
4 solution:
1 1 0 0(2,2)|0 0 1 1(1,2)|1 1 0 0(2,2)|0 1 1 1(2,3)|1 1 0 0(2,2)|0 1 1 1(2,3)|0 1 1 1(2,3)|1 0 0 1(1,2)|1 1 0 1(2,3)|1 0 0 0(1,1)|1 1 0 1(2,3)|0 1 0 0(1,1)|fitness = 0.13821275632420066|td = 34.330327868852464|tp = 163.95315031368875|valid
5 solution:
0 0 1 1(1,2)|1 0 0 0(1,1)|1 1 0 1(2,3)|1 0 1 1(2,3)|1 0 1 1(2,3)|0 1 1 0(2,2)|1 0 0 0(1,1)|0 1 0 1(1,2)|1 1 0 0(2,2)|1 0 1 0(2,2)|1 0 0 1(1,2)|0 1 1 0(2,2)|fitness = 0.12806268857788966|td = 31.320491803278692|tp = 164.22901883180947|valid
6 solution:
1 1 0 1(2,3)|1 0 0 0(1,1)|1 1 0 1(2,3)|1 0 0 1(1,2)|1 1 0 0(2,2)|0 1 1 0(2,2)|1 1 0 1(2,3)|1 0 0 0(1,1)|1 1 0 1(2,3)|1 1 0 0(2,2)|0 1 1 1(2,3)|0 1 1 0(2,2)|fitness = 0.13913682789318874|td = 35.601639344262296|tp = 179.05628347266097|valid
7 solution:
1 1 0 0(2,2)|1 1 0 1(2,3)|1 0 1 1(2,3)|0 0 0 1(0,1)|0 1 1 0(2,2)|1 1 0 0(2,2)|0 1 1 1(2,3)|1 0 1 1(2,3)|1 0 0 0(1,1)|1 1 0 0(2,2)|1 1 0 1(2,3)|0 1 1 1(2,3)|fitness = 0.13859214622596783|td = 33.31147540983606|tp = 176.10170727352295|valid
8 solution:
1 1 0 0(2,2)|1 0 1 1(2,3)|0 1 1 1(2,3)|1 0 1 1(2,3)|0 1 0 0(1,1)|0 1 0 1(1,2)|1 1 0 1(2,3)|0 0 0 1(0,1)|1 0 0 1(1,2)|1 0 0 0(1,1)|1 0 1 0(2,2)|0 1 1 1(2,3)|fitness = 0.13207413028008266|td = 25.312295081967214|tp = 178.17219710902359|valid
9 solution:
1 1 0 0(2,2)|1 0 0 1(1,2)|1 1 0 0(2,2)|0 1 1 0(2,2)|1 1 0 0(2,2)|0 1 1 1(2,3)|1 0 0 1(1,2)|1 1 0 0(2,2)|1 1 0 0(2,2)|0 0 0 1(0,1)|1 0 0 0(1,1)|0 1 1 1(2,3)|fitness = 0.131511754053936|td = 37.85409836065574|tp = 86.34971279532577|valid
10 solution:
1 0 0 1(1,2)|1 1 0 1(2,3)|0 1 1 0(2,2)|0 1 0 1(1,2)|1 0 1 1(2,3)|1 0 1 1(2,3)|0 1 0 1(1,2)|0 1 0 0(1,1)|1 1 0 1(2,3)|1 1 0 0(2,2)|0 0 1 0(1,1)|0 1 0 1(1,2)|fitness = 0.13146081199138912|td = 19.39918032786885|tp = 179.43387423088103|valid
11 solution:
1 1 0 1(2,3)|1 0 1 1(2,3)|1 1 0 0(2,2)|1 1 0 0(2,2)|1 1 0 1(2,3)|1 1 0 0(2,2)|1 0 0 0(1,1)|1 1 0 0(2,2)|0 0 1 1(1,2)|1 1 0 0(2,2)|1 0 0 0(1,1)|1 1 0 1(2,3)|fitness = 0.14052851163783572|td = 48.1516393442623|tp = 96.64022534186806|valid
12 solution:
0 0 0 1(0,1)|1 0 1 0(2,2)|1 0 0 0(1,1)|1 0 1 1(2,3)|1 0 0 1(1,2)|1 1 0 1(2,3)|1 0 0 1(1,2)|1 1 0 0(2,2)|0 0 0 1(0,1)|1 1 0 1(2,3)|1 0 0 0(1,1)|1 1 0 1(2,3)|fitness = 0.13089527038823673|td = 43.28688524590164|tp = 179.43387423088103|valid
13 solution:
0 1 1 0(2,2)|1 1 0 0(2,2)|1 0 1 1(2,3)|1 0 1 0(2,2)|1 0 1 1(2,3)|1 0 1 1(2,3)|0 0 0 1(0,1)|1 0 0 0(1,1)|1 0 1 1(2,3)|0 1 0 0(1,1)|1 0 1 1(2,3)|1 0 1 1(2,3)|fitness = 0.1301791245820958|td = 40.178688524590164|tp = 177.87542214329784|valid
14 solution:
0 1 1 1(2,3)|0 1 0 0(1,1)|1 0 0 1(1,2)|1 0 0 1(1,2)|1 0 1 0(2,2)|0 1 1 1(2,3)|1 1 0 1(2,3)|0 1 1 1(2,3)|0 1 1 0(2,2)|1 1 0 0(2,2)|1 0 1 1(2,3)|0 1 0 0(1,1)|fitness = 0.13329654475003824|td = 26.29344262295082|tp = 179.05628347266097|valid
15 solution:
1 0 0 0(1,1)|0 1 0 1(1,2)|1 1 0 0(2,2)|0 0 1 1(1,2)|1 0 1 1(2,3)|1 1 0 0(2,2)|0 0 0 1(0,1)|1 0 0 1(1,2)|1 1 0 1(2,3)|0 1 0 1(1,2)|1 0 0 0(1,1)|0 1 0 1(1,2)|fitness = 0.1290222270213954|td = 33.41639344262295|tp = 167.7160506922236|valid
16 solution:
1 1 0 0(2,2)|1 0 1 1(2,3)|1 0 1 0(2,2)|1 1 0 1(2,3)|1 0 0 0(1,1)|1 1 0 1(2,3)|0 1 0 0(1,1)|0 0 0 1(0,1)|1 1 0 0(2,2)|0 1 1 1(2,3)|1 0 1 1(2,3)|0 1 1 1(2,3)|fitness = 0.13484475833570064|td = 32.84098360655738|tp = 173.8594592090031|valid
17 solution:
1 1 0 0(2,2)|0 1 0 1(1,2)|1 0 1 0(2,2)|0 1 1 1(2,3)|0 1 0 1(1,2)|1 0 1 1(2,3)|1 1 0 0(2,2)|1 0 1 0(2,2)|0 0 1 1(1,2)|0 1 0 1(1,2)|1 1 0 0(2,2)|1 0 1 1(2,3)|fitness = 0.13616015714896154|td = 33.57377049180328|tp = 168.01282565794935|valid
18 solution:
1 0 0 0(1,1)|0 0 1 1(1,2)|1 0 1 1(2,3)|0 1 0 1(1,2)|1 1 0 1(2,3)|1 1 0 0(2,2)|0 1 0 1(1,2)|0 1 0 1(1,2)|0 1 0 1(1,2)|0 1 0 0(1,1)|1 0 1 0(2,2)|0 1 0 1(1,2)|fitness = 0.12967066695929233|td = 24.750819672131147|tp = 177.87542214329784|valid
19 solution:
0 1 0 1(1,2)|1 1 0 1(2,3)|1 1 0 1(2,3)|0 0 1 0(1,1)|1 1 0 1(2,3)|0 1 0 0(1,1)|1 0 0 0(1,1)|1 1 0 0(2,2)|1 0 1 0(2,2)|1 1 0 0(2,2)|1 1 0 0(2,2)|0 1 1 1(2,3)|fitness = 0.1303910468652808|td = 35.29508196721312|tp = 100.55813487177491|valid
20 solution:
1 1 0 1(2,3)|0 1 1 0(2,2)|0 0 1 1(1,2)|1 1 0 0(2,2)|1 1 0 1(2,3)|1 0 0 1(1,2)|1 1 0 1(2,3)|1 0 0 1(1,2)|1 0 0 0(1,1)|1 0 0 0(1,1)|0 1 1 1(2,3)|1 0 1 0(2,2)|fitness = 0.1351971858898546|td = 33.695901639344264|tp = 179.05628347266097|valid
21 solution:
1 0 0 0(1,1)|1 0 1 1(2,3)|0 1 0 0(1,1)|0 1 1 1(2,3)|1 0 1 0(2,2)|1 1 0 1(2,3)|0 0 1 1(1,2)|0 1 1 1(2,3)|1 0 1 1(2,3)|1 1 0 1(2,3)|0 1 1 1(2,3)|1 0 0 0(1,1)|fitness = 0.1347895845456548|td = 24.56393442622951|tp = 173.8594592090031|valid
22 solution:
1 1 0 0(2,2)|0 1 1 1(2,3)|1 0 0 1(1,2)|1 0 0 0(1,1)|0 1 1 0(2,2)|1 0 1 0(2,2)|1 0 0 1(1,2)|0 1 0 1(1,2)|1 1 0 1(2,3)|1 1 0 1(2,3)|1 0 0 0(1,1)|1 0 0 0(1,1)|fitness = 0.13125754939313225|td = 33.532786885245905|tp = 161.27444263267142|valid
23 solution:
0 1 1 1(2,3)|1 1 0 0(2,2)|0 1 0 0(1,1)|0 1 0 1(1,2)|0 1 0 0(1,1)|0 1 1 1(2,3)|1 1 0 0(2,2)|0 1 1 1(2,3)|1 1 0 1(2,3)|1 0 1 0(2,2)|0 0 1 1(1,2)|1 1 0 0(2,2)|fitness = 0.13161103836829735|td = 19.316646801748117|tp = 158.61821022462203|valid
24 solution:
1 1 0 0(2,2)|0 1 1 1(2,3)|1 1 0 1(2,3)|1 1 0 1(2,3)|0 1 1 1(2,3)|0 1 1 1(2,3)|1 0 0 1(1,2)|1 0 0 1(1,2)|1 0 1 1(2,3)|1 1 0 0(2,2)|1 1 0 0(2,2)|1 0 1 0(2,2)|fitness = 0.14824099904097476|td = 39.178688524590164|tp = 177.87542214329784|valid
25 solution:
1 1 0 0(2,2)|1 0 0 1(1,2)|0 1 0 1(1,2)|1 0 0 1(1,2)|1 1 0 0(2,2)|0 1 0 0(1,1)|0 1 1 0(2,2)|0 1 0 0(1,1)|1 1 0 1(2,3)|1 1 0 1(2,3)|1 1 0 0(2,2)|1 0 1 0(2,2)|fitness = 0.1316734660567494|td = 33.85655737704918|tp = 99.92729631084619|valid
26 solution:
0 1 1 0(2,2)|0 1 1 0(2,2)|1 0 0 1(1,2)|1 1 0 1(2,3)|0 1 0 1(1,2)|1 1 0 1(2,3)|1 0 1 1(2,3)|1 1 0 1(2,3)|1 1 0 0(2,2)|0 1 0 0(1,1)|0 0 0 1(0,1)|0 1 1 1(2,3)|fitness = 0.13451828546274022|td = 20.613934426229505|tp = 173.2954338832214|valid
27 solution:
0 1 1 0(2,2)|1 0 0 1(1,2)|1 1 0 0(2,2)|1 0 1 1(2,3)|1 0 0 0(1,1)|0 1 1 0(2,2)|1 0 0 1(1,2)|0 1 1 1(2,3)|1 1 0 0(2,2)|1 1 0 0(2,2)|1 0 1 0(2,2)|1 0 1 1(2,3)|fitness = 0.13315463465033478|td = 36.485245901639345|tp = 76.35458753584001|valid
28 solution:
1 1 0 1(2,3)|1 0 0 0(1,1)|0 1 1 1(2,3)|1 0 1 0(2,2)|0 1 0 1(1,2)|1 1 0 0(2,2)|1 0 0 0(1,1)|1 0 1 0(2,2)|0 1 0 0(1,1)|0 1 1 1(2,3)|1 1 0 0(2,2)|1 1 0 1(2,3)|fitness = 0.13133734560672336|td = 34.97295081967213|tp = 101.28667193848204|valid
29 solution:
1 1 0 1(2,3)|0 1 0 0(1,1)|0 1 1 0(2,2)|0 1 1 1(2,3)|1 0 1 1(2,3)|1 0 1 0(2,2)|1 0 0 1(1,2)|0 1 0 0(1,1)|1 0 1 1(2,3)|1 1 0 0(2,2)|1 1 0 0(2,2)|1 1 0 0(2,2)|fitness = 0.1327427468491909|td = 31.21639344262295|tp = 82.79364888901297|valid
30 solution:
0 1 0 1(1,2)|0 1 0 1(1,2)|1 1 0 0(2,2)|1 0 0 1(1,2)|0 1 0 1(1,2)|0 0 0 1(0,1)|1 1 0 1(2,3)|1 1 0 0(2,2)|0 1 0 1(1,2)|1 1 0 0(2,2)|1 1 0 0(2,2)|1 1 0 1(2,3)|fitness = 0.13936133509947488|td = 32.68606557377049|tp = 179.43387423088103|valid
The final result:
fmax = 0.14824099904097476
fmin = 0.12806268857788966
fmean = 0.13386710963702927
standard std = 0.004308178049497522
-1 solution:
1 1 0 0(2,2)|0 1 1 1(2,3)|1 1 0 1(2,3)|1 1 0 1(2,3)|0 1 1 1(2,3)|0 1 1 1(2,3)|1 0 0 1(1,2)|1 0 0 1(1,2)|1 0 1 1(2,3)|1 1 0 0(2,2)|1 1 0 0(2,2)|1 0 1 0(2,2)|fitness = 0.14824099904097476|td = 39.178688524590164|tp = 177.87542214329784|valid
