1 solution:
0 1 1 1 1(3,4)|0 1 1 1 1(3,4)|1 0 1 1 1(3,4)|1 1 0 1 1(3,4)|1 1 0 1 1(3,4)|1 0 1 1 1(3,4)|1 1 0 1 1(3,4)|1 1 0 1 1(3,4)|0 1 1 1 1(3,4)|0 1 1 1 1(3,4)|1 1 0 1 1(3,4)|0 1 1 1 1(3,4)|fitness = 0.19682069268695823|td = 21.38064516129032|tp = 301.9079210747236|valid
2 solution:
0 1 1 1 1(3,4)|1 0 1 1 1(3,4)|0 1 1 1 1(3,4)|1 1 0 1 1(3,4)|1 0 1 1 1(3,4)|1 1 1 0 1(3,4)|1 1 0 1 1(3,4)|1 1 0 1 1(3,4)|1 1 0 1 1(3,4)|1 0 1 1 1(3,4)|0 1 1 1 1(3,4)|1 1 0 1 1(3,4)|fitness = 0.19661465889129606|td = 22.524305555555554|tp = 301.9079210747236|valid
3 solution:
0 1 1 1 1(3,4)|1 1 0 1 1(3,4)|0 1 1 1 1(3,4)|1 0 1 1 1(3,4)|1 0 1 1 1(3,4)|1 0 1 1 1(3,4)|1 0 1 1 1(3,4)|1 0 1 1 1(3,4)|0 1 1 1 1(3,4)|0 1 1 1 1(3,4)|0 1 1 1 1(3,4)|1 0 1 1 1(3,4)|fitness = 0.19667464404212037|td = 31.460069444444443|tp = 301.9079210747236|valid
4 solution:
1 1 0 1 1(3,4)|1 1 0 1 1(3,4)|0 1 1 1 1(3,4)|1 1 0 1 1(3,4)|1 0 1 1 1(3,4)|0 1 1 1 1(3,4)|1 1 0 1 1(3,4)|0 1 1 1 1(3,4)|1 1 0 1 1(3,4)|0 1 1 1 1(3,4)|1 1 0 1 1(3,4)|1 1 0 1 1(3,4)|fitness = 0.19685952444163535|td = 22.877470355731223|tp = 301.9079210747236|valid
5 solution:
1 1 0 1 1(3,4)|0 1 1 1 1(3,4)|1 0 1 1 1(3,4)|0 1 1 1 1(3,4)|0 1 1 1 1(3,4)|1 1 0 1 1(3,4)|1 1 0 1 1(3,4)|1 0 1 1 1(3,4)|1 1 1 0 1(3,4)|1 0 1 1 1(3,4)|0 1 1 1 1(3,4)|1 0 1 1 1(3,4)|fitness = 0.19657582713661897|td = 24.31597222222222|tp = 301.9079210747236|valid
6 solution:
1 1 1 0 1(3,4)|1 0 1 1 1(3,4)|0 1 1 1 1(3,4)|0 1 1 1 1(3,4)|1 1 0 1 1(3,4)|1 1 0 1 1(3,4)|1 1 0 1 1(3,4)|1 1 0 1 1(3,4)|0 1 1 1 1(3,4)|1 1 0 1 1(3,4)|1 0 1 1 1(3,4)|1 1 1 0 1(3,4)|fitness = 0.19647701023111752|td = 20.58159722222222|tp = 301.9079210747236|valid
7 solution:
0 1 1 1 1(3,4)|0 1 1 1 1(3,4)|0 1 1 1 1(3,4)|1 0 1 1 1(3,4)|0 1 1 1 1(3,4)|0 1 1 1 1(3,4)|0 1 1 1 1(3,4)|0 1 1 1 1(3,4)|0 1 1 1 1(3,4)|0 1 1 1 1(3,4)|1 1 0 1 1(3,4)|1 0 1 1 1(3,4)|fitness = 0.19681141431308755|td = 30.04861111111111|tp = 301.9079210747236|valid
8 solution:
1 0 1 1 1(3,4)|0 1 1 1 1(3,4)|0 1 1 1 1(3,4)|1 1 0 1 1(3,4)|1 1 0 1 1(3,4)|0 1 1 1 1(3,4)|0 1 1 1 1(3,4)|1 0 1 1 1(3,4)|0 1 1 1 1(3,4)|0 1 1 1 1(3,4)|0 1 1 1 1(3,4)|1 1 0 1 1(3,4)|fitness = 0.19681605350002285|td = 26.335069444444443|tp = 301.9079210747236|valid
9 solution:
1 0 1 1 1(3,4)|1 0 1 1 1(3,4)|1 1 0 1 1(3,4)|1 1 0 1 1(3,4)|0 1 1 1 1(3,4)|0 1 1 1 1(3,4)|1 1 0 1 1(3,4)|1 0 1 1 1(3,4)|0 1 1 1 1(3,4)|1 1 0 1 1(3,4)|0 1 1 1 1(3,4)|0 1 1 1 1(3,4)|fitness = 0.19678418052574875|td = 26.758680555555554|tp = 301.9079210747236|valid
10 solution:
0 1 1 1 1(3,4)|0 1 1 1 1(3,4)|1 0 1 1 1(3,4)|1 1 1 0 1(3,4)|1 0 1 1 1(3,4)|0 1 1 1 1(3,4)|0 1 1 1 1(3,4)|1 1 0 1 1(3,4)|1 1 0 1 1(3,4)|1 0 1 1 1(3,4)|0 1 1 1 1(3,4)|1 1 0 1 1(3,4)|fitness = 0.19661001970436076|td = 27.32986111111111|tp = 301.9079210747236|valid
11 solution:
1 1 1 0 1(3,4)|0 1 1 1 1(3,4)|1 0 1 1 1(3,4)|1 0 1 1 1(3,4)|0 1 1 1 1(3,4)|0 1 1 1 1(3,4)|0 1 1 1 1(3,4)|1 1 0 1 1(3,4)|1 0 1 1 1(3,4)|0 1 1 1 1(3,4)|1 1 0 1 1(3,4)|1 1 1 0 1(3,4)|fitness = 0.19643585888297274|td = 27.484375|tp = 301.9079210747236|valid
12 solution:
1 1 0 1 1(3,4)|1 0 1 1 1(3,4)|0 1 1 1 1(3,4)|0 1 1 1 1(3,4)|0 1 1 1 1(3,4)|0 1 1 1 1(3,4)|1 1 0 1 1(3,4)|0 1 1 1 1(3,4)|0 1 1 1 1(3,4)|1 1 1 0 1(3,4)|1 0 1 1 1(3,4)|0 1 1 1 1(3,4)|fitness = 0.19664189267863488|td = 28.680555555555554|tp = 301.9079210747236|valid
13 solution:
1 1 0 1 1(3,4)|1 1 0 1 1(3,4)|0 1 1 1 1(3,4)|1 0 1 1 1(3,4)|1 1 0 1 1(3,4)|0 1 1 1 1(3,4)|1 1 0 1 1(3,4)|1 1 0 1 1(3,4)|1 0 1 1 1(3,4)|1 1 0 1 1(3,4)|0 1 1 1 1(3,4)|0 1 1 1 1(3,4)|fitness = 0.19682301228042587|td = 22.147562582345188|tp = 301.9079210747236|valid
14 solution:
1 0 1 1 1(3,4)|1 1 0 1 1(3,4)|1 1 0 1 1(3,4)|0 1 1 1 1(3,4)|1 1 0 1 1(3,4)|1 1 0 1 1(3,4)|1 1 0 1 1(3,4)|1 1 0 1 1(3,4)|1 0 1 1 1(3,4)|1 1 0 1 1(3,4)|0 1 1 1 1(3,4)|0 1 1 1 1(3,4)|fitness = 0.19682533187389353|td = 21.38064516129032|tp = 301.9079210747236|valid
15 solution:
1 1 0 1 1(3,4)|1 1 0 1 1(3,4)|1 1 0 1 1(3,4)|1 1 0 1 1(3,4)|1 1 1 0 1(3,4)|0 1 1 1 1(3,4)|1 1 0 1 1(3,4)|1 1 0 1 1(3,4)|0 1 1 1 1(3,4)|1 1 0 1 1(3,4)|1 0 1 1 1(3,4)|1 0 1 1 1(3,4)|fitness = 0.1966534906459732|td = 21.627140974967062|tp = 301.9079210747236|valid
16 solution:
0 1 1 1 1(3,4)|1 0 1 1 1(3,4)|0 1 1 1 1(3,4)|0 1 1 1 1(3,4)|1 0 1 1 1(3,4)|1 1 0 1 1(3,4)|1 1 0 1 1(3,4)|1 0 1 1 1(3,4)|0 1 1 1 1(3,4)|1 1 0 1 1(3,4)|1 1 1 0 1(3,4)|1 1 0 1 1(3,4)|fitness = 0.1966123392978284|td = 25.97048611111111|tp = 301.9079210747236|valid
17 solution:
0 1 1 1 1(3,4)|0 1 1 1 1(3,4)|0 1 1 1 1(3,4)|0 1 1 1 1(3,4)|0 1 1 1 1(3,4)|1 0 1 1 1(3,4)|0 1 1 1 1(3,4)|0 1 1 1 1(3,4)|0 1 1 1 1(3,4)|1 1 0 1 1(3,4)|1 1 0 1 1(3,4)|1 1 1 0 1(3,4)|fitness = 0.19667608524637667|td = 29.958333333333332|tp = 301.9079210747236|valid
18 solution:
0 1 1 1 1(3,4)|1 1 0 1 1(3,4)|1 0 1 1 1(3,4)|1 1 0 1 1(3,4)|1 0 1 1 1(3,4)|0 1 1 1 1(3,4)|0 1 1 1 1(3,4)|1 1 0 1 1(3,4)|0 1 1 1 1(3,4)|1 1 0 1 1(3,4)|1 1 0 1 1(3,4)|1 1 0 1 1(3,4)|fitness = 0.19682301228042587|td = 21.38064516129032|tp = 301.9079210747236|valid
19 solution:
0 1 1 1 1(3,4)|0 1 1 1 1(3,4)|1 1 1 0 1(3,4)|1 1 0 1 1(3,4)|0 1 1 1 1(3,4)|1 1 0 1 1(3,4)|1 0 1 1 1(3,4)|1 1 0 1 1(3,4)|1 1 0 1 1(3,4)|1 0 1 1 1(3,4)|1 1 0 1 1(3,4)|0 1 1 1 1(3,4)|fitness = 0.19664885145903788|td = 24.197628458498023|tp = 301.9079210747236|valid
20 solution:
0 1 1 1 1(3,4)|1 1 0 1 1(3,4)|1 1 1 0 1(3,4)|1 1 0 1 1(3,4)|0 1 1 1 1(3,4)|1 1 0 1 1(3,4)|0 1 1 1 1(3,4)|1 1 0 1 1(3,4)|0 1 1 1 1(3,4)|1 1 0 1 1(3,4)|1 1 0 1 1(3,4)|1 1 0 1 1(3,4)|fitness = 0.19672187578145678|td = 26.197628458498023|tp = 301.9079210747236|valid
21 solution:
1 1 0 1 1(3,4)|1 0 1 1 1(3,4)|0 1 1 1 1(3,4)|1 0 1 1 1(3,4)|1 1 0 1 1(3,4)|1 1 0 1 1(3,4)|0 1 1 1 1(3,4)|1 1 0 1 1(3,4)|1 1 0 1 1(3,4)|0 1 1 1 1(3,4)|0 1 1 1 1(3,4)|1 1 0 1 1(3,4)|fitness = 0.19682301228042587|td = 22.15942028985507|tp = 301.9079210747236|valid
22 solution:
1 1 0 1 1(3,4)|0 1 1 1 1(3,4)|0 1 1 1 1(3,4)|0 1 1 1 1(3,4)|1 0 1 1 1(3,4)|1 1 0 1 1(3,4)|1 0 1 1 1(3,4)|1 0 1 1 1(3,4)|1 1 0 1 1(3,4)|1 1 0 1 1(3,4)|1 1 0 1 1(3,4)|1 0 1 1 1(3,4)|fitness = 0.19675230755147463|td = 21.38064516129032|tp = 301.9079210747236|valid
23 solution:
0 1 1 1 1(3,4)|1 0 1 1 1(3,4)|1 1 0 1 1(3,4)|1 1 1 0 1(3,4)|1 1 0 1 1(3,4)|0 1 1 1 1(3,4)|1 0 1 1 1(3,4)|0 1 1 1 1(3,4)|1 0 1 1 1(3,4)|1 1 0 1 1(3,4)|1 1 0 1 1(3,4)|1 0 1 1 1(3,4)|fitness = 0.19657814673008664|td = 22.71701388888889|tp = 301.9079210747236|valid
24 solution:
1 0 1 1 1(3,4)|0 1 1 1 1(3,4)|0 1 1 1 1(3,4)|1 1 0 1 1(3,4)|1 1 0 1 1(3,4)|1 0 1 1 1(3,4)|1 1 0 1 1(3,4)|0 1 1 1 1(3,4)|1 0 1 1 1(3,4)|1 0 1 1 1(3,4)|1 1 0 1 1(3,4)|0 1 1 1 1(3,4)|fitness = 0.19674998795800697|td = 21.38064516129032|tp = 301.9079210747236|valid
25 solution:
1 1 0 1 1(3,4)|1 1 0 1 1(3,4)|1 1 0 1 1(3,4)|0 1 1 1 1(3,4)|1 1 0 1 1(3,4)|1 0 1 1 1(3,4)|0 1 1 1 1(3,4)|0 1 1 1 1(3,4)|0 1 1 1 1(3,4)|0 1 1 1 1(3,4)|0 1 1 1 1(3,4)|1 0 1 1 1(3,4)|fitness = 0.19681837309349048|td = 21.708827404479578|tp = 301.9079210747236|valid
26 solution:
0 1 1 1 1(3,4)|0 1 1 1 1(3,4)|1 0 1 1 1(3,4)|1 0 1 1 1(3,4)|1 1 0 1 1(3,4)|0 1 1 1 1(3,4)|0 1 1 1 1(3,4)|1 1 0 1 1(3,4)|1 0 1 1 1(3,4)|0 1 1 1 1(3,4)|1 0 1 1 1(3,4)|1 0 1 1 1(3,4)|fitness = 0.19671115620332982|td = 27.58159722222222|tp = 301.9079210747236|valid
27 solution:
1 1 0 1 1(3,4)|1 1 0 1 1(3,4)|1 0 1 1 1(3,4)|0 1 1 1 1(3,4)|1 1 0 1 1(3,4)|1 1 0 1 1(3,4)|0 1 1 1 1(3,4)|1 1 0 1 1(3,4)|0 1 1 1 1(3,4)|1 1 0 1 1(3,4)|0 1 1 1 1(3,4)|0 1 1 1 1(3,4)|fitness = 0.19685720484816768|td = 24.02239789196311|tp = 301.9079210747236|valid
28 solution:
1 1 0 1 1(3,4)|1 1 0 1 1(3,4)|0 1 1 1 1(3,4)|0 1 1 1 1(3,4)|1 1 0 1 1(3,4)|1 1 0 1 1(3,4)|1 1 0 1 1(3,4)|0 1 1 1 1(3,4)|1 1 0 1 1(3,4)|0 1 1 1 1(3,4)|1 1 0 1 1(3,4)|0 1 1 1 1(3,4)|fitness = 0.19689371700937713|td = 26.197628458498023|tp = 301.9079210747236|valid
29 solution:
1 1 1 0 1(3,4)|0 1 1 1 1(3,4)|1 1 0 1 1(3,4)|0 1 1 1 1(3,4)|1 1 0 1 1(3,4)|1 1 0 1 1(3,4)|0 1 1 1 1(3,4)|0 1 1 1 1(3,4)|0 1 1 1 1(3,4)|1 1 0 1 1(3,4)|1 1 0 1 1(3,4)|1 0 1 1 1(3,4)|fitness = 0.19668304402677964|td = 25.021080368906457|tp = 301.9079210747236|valid
30 solution:
1 0 1 1 1(3,4)|0 1 1 1 1(3,4)|1 0 1 1 1(3,4)|1 0 1 1 1(3,4)|1 0 1 1 1(3,4)|0 1 1 1 1(3,4)|0 1 1 1 1(3,4)|1 0 1 1 1(3,4)|0 1 1 1 1(3,4)|0 1 1 1 1(3,4)|1 1 0 1 1(3,4)|1 1 1 0 1(3,4)|fitness = 0.19653699538194183|td = 30.04861111111111|tp = 301.9079210747236|valid
The final result:
fmax = 0.19689371700937713
fmin = 0.19643585888297274
fmean = 0.1967103240327691
standard std = 1.206353349742902E-4
-1 solution:
1 1 0 1 1(3,4)|1 1 0 1 1(3,4)|0 1 1 1 1(3,4)|0 1 1 1 1(3,4)|1 1 0 1 1(3,4)|1 1 0 1 1(3,4)|1 1 0 1 1(3,4)|0 1 1 1 1(3,4)|1 1 0 1 1(3,4)|0 1 1 1 1(3,4)|1 1 0 1 1(3,4)|0 1 1 1 1(3,4)|fitness = 0.19689371700937713|td = 26.197628458498023|tp = 301.9079210747236|valid
