1 solution:
2 1|2 1|4 2|2 3|2 3|1 4|2 4|4 3|2 3|4 4|1 1|2 5|2 3|2 2|2 2|2 4|1 1|3 4|2 2|1 4|2 1|2 1|1 3|1 3|1 2|1 3|1 1|4 4|5 2|1 4|1 4|2 3|2 2|1 4|2 1|3 3|2 4|1 4|1 2|1 1|2 1|1 0|2 5|4 3|2 3|3 3|1 2|3 3|6 1|3 3|fitness = 20.563779477648385|time = 149.67709950788418|true
2 solution:
2 1|1 3|6 5|6 1|3 3|6 4|6 1|4 6|5 3|5 5|5 1|5 3|4 3|1 8|4 7|5 7|6 5|4 3|4 3|4 1|5 3|5 1|4 4|4 4|4 1|4 3|5 4|4 7|5 3|4 1|4 4|4 7|4 3|3 3|4 4|2 4|6 4|2 7|4 7|1 1|4 4|3 5|4 5|1 7|4 4|1 5|6 3|4 1|4 1|4 3|fitness = 21.26412229675007|time = 145.0035170963465|true
3 solution:
1 4|4 3|4 2|2 4|1 7|2 3|4 3|4 5|2 3|5 5|5 5|4 1|1 4|4 7|1 5|6 4|4 3|1 8|5 3|1 3|4 4|5 5|5 3|6 3|4 2|1 4|1 3|2 5|5 1|6 4|1 3|5 2|4 1|5 2|3 3|1 1|2 4|2 1|3 3|1 4|4 1|1 1|1 1|6 3|2 1|4 1|6 5|4 1|6 1|5 3|fitness = 21.353920581716938|time = 148.34538712049138|true
4 solution:
4 4|2 4|1 1|5 3|4 3|5 2|5 7|1 1|4 3|2 1|3 7|6 1|5 3|1 0|1 5|4 1|1 0|3 3|1 3|1 4|4 1|2 4|6 4|1 4|2 4|5 3|5 4|5 5|1 3|4 1|4 7|1 7|1 1|4 2|2 8|1 3|4 4|2 4|6 3|1 1|3 3|6 7|4 3|1 1|5 4|1 1|2 2|2 3|6 3|1 3|fitness = 20.771329487466712|time = 143.9475387915695|true
5 solution:
5 7|2 3|4 3|4 7|3 3|4 7|6 4|3 7|4 3|5 5|6 3|1 5|4 7|1 5|4 6|4 5|4 7|5 4|4 7|6 3|5 1|1 3|2 3|5 3|4 3|6 7|2 4|4 1|5 4|5 2|1 7|4 4|1 3|6 5|3 5|5 7|2 7|6 4|4 7|5 5|3 3|3 3|2 1|5 2|2 4|4 1|4 5|5 1|5 7|5 6|fitness = 20.354214172081228|time = 147.27924444335903|true
6 solution:
4 4|5 3|5 2|5 1|5 7|4 3|2 1|1 5|4 3|4 7|4 3|3 5|4 3|4 2|2 4|3 4|2 3|1 5|4 4|2 4|2 5|2 1|5 3|4 3|3 5|5 3|5 4|1 4|5 1|6 4|4 6|4 7|4 5|4 3|3 4|5 5|4 3|6 4|6 4|5 3|3 3|5 1|1 5|6 4|4 1|3 4|3 5|4 4|3 1|4 3|fitness = 20.86199040485433|time = 149.98841453993967|true
7 solution:
1 3|4 3|4 1|2 4|1 2|4 3|4 1|2 1|5 3|5 5|4 3|6 1|1 1|1 0|1 2|4 4|4 4|4 4|1 4|4 3|5 1|6 4|1 4|5 3|4 5|2 3|4 1|5 5|4 3|1 4|2 3|4 2|1 5|5 5|2 3|2 1|5 2|6 3|1 4|1 1|6 5|5 5|2 5|1 5|4 3|1 0|3 1|1 3|6 4|6 3|fitness = 21.10879890402747|time = 145.28211240939928|true
8 solution:
4 3|2 3|1 5|3 1|4 4|3 3|6 4|4 6|5 3|4 4|4 5|1 5|3 4|2 2|2 1|2 5|5 4|4 5|4 4|4 4|4 1|5 1|4 3|4 4|1 4|1 3|5 3|4 1|4 1|1 1|1 5|4 3|4 5|5 2|4 2|5 2|4 2|5 5|1 3|4 3|6 2|1 3|4 3|6 3|4 3|4 1|4 4|4 3|4 5|3 1|fitness = 20.82199120812896|time = 147.9355686365301|true
9 solution:
2 1|3 3|4 5|5 2|4 2|4 3|2 3|4 6|4 3|4 4|4 1|1 1|1 1|3 1|4 1|4 4|3 3|1 4|1 3|1 4|5 5|2 3|4 3|2 4|2 5|3 3|5 2|2 3|3 3|4 4|1 3|1 2|4 2|4 4|3 4|2 5|3 1|1 1|2 3|4 2|4 1|1 2|2 5|4 4|2 4|4 3|4 1|4 1|4 2|4 3|fitness = 20.57813476111106|time = 149.98818569348794|true
10 solution:
5 5|5 3|4 6|4 3|4 6|4 3|6 4|5 5|4 4|5 1|1 2|4 5|2 4|4 1|4 1|1 4|3 5|3 4|1 4|6 4|3 1|2 3|2 3|4 1|5 5|3 3|2 5|3 5|4 4|2 3|4 1|2 3|5 5|5 5|3 4|4 4|3 6|2 1|4 5|4 3|3 3|4 3|5 2|2 3|5 5|4 3|3 4|5 3|4 1|2 4|fitness = 20.156657991313004|time = 148.50062193834046|true
11 solution:
4 3|2 4|4 2|4 3|1 4|2 3|4 3|4 2|4 3|2 4|5 4|4 3|1 1|4 3|2 4|4 4|4 1|4 4|4 3|4 4|4 1|4 4|2 3|2 4|1 5|3 3|4 3|4 1|2 3|4 4|1 5|4 3|4 1|2 2|3 5|2 1|4 4|1 3|4 3|4 1|4 1|4 2|4 2|4 3|1 1|5 2|4 1|3 1|2 2|2 3|fitness = 21.132197938104966|time = 148.62191826130348|true
12 solution:
6 3|4 4|1 5|5 5|5 3|5 7|1 3|1 0|5 3|4 7|6 4|6 4|1 1|1 8|4 4|5 7|4 4|1 7|6 3|5 7|5 5|2 4|4 7|4 3|6 4|6 3|1 4|4 4|4 3|5 3|6 5|5 8|5 1|4 3|3 7|4 1|6 1|4 3|4 3|4 1|6 3|4 5|4 4|4 2|6 3|4 3|1 5|4 1|2 5|1 4|fitness = 21.02364683513134|time = 148.57780156361494|true
13 solution:
4 4|4 1|1 1|4 3|1 2|4 4|4 1|4 2|4 3|1 4|2 1|1 0|2 4|1 2|2 4|2 3|4 5|2 3|1 3|1 3|3 4|2 1|4 4|2 4|4 5|2 3|2 3|5 5|1 1|5 1|3 3|2 3|1 1|1 1|4 5|3 3|2 1|1 5|1 4|4 4|4 3|4 3|1 5|5 1|4 4|4 1|2 3|2 5|4 5|2 1|fitness = 20.71744882737543|time = 148.91027014577557|true
14 solution:
6 3|6 3|1 8|2 4|5 3|5 3|6 1|5 5|4 3|5 1|2 5|6 3|1 1|6 4|4 1|6 4|4 4|1 7|5 3|4 3|2 4|5 2|4 3|1 1|5 1|1 5|5 3|5 3|4 3|4 3|4 7|4 5|4 4|1 1|5 6|5 4|4 4|6 5|4 7|4 7|4 3|2 4|4 4|6 3|5 5|2 4|6 2|1 1|6 1|2 3|fitness = 21.230386283420142|time = 147.84530150182732|true
15 solution:
2 3|4 4|4 4|6 1|3 3|1 1|6 7|4 4|1 1|5 4|5 3|4 4|4 7|6 5|2 3|1 1|4 1|4 2|1 4|3 3|3 4|2 5|2 3|4 5|1 3|2 3|4 3|5 3|1 3|5 1|4 4|1 3|6 5|4 1|4 0|5 5|4 1|6 1|1 1|3 3|1 4|2 1|1 5|4 4|5 5|1 5|1 5|4 3|2 1|3 3|fitness = 21.055811586459825|time = 148.57813514063898|true
16 solution:
2 5|2 3|4 6|2 3|4 5|5 7|2 5|6 3|6 3|5 8|5 7|4 7|4 3|2 8|1 1|1 4|6 3|4 1|4 3|6 4|3 1|6 1|4 4|5 7|4 4|4 3|5 3|2 3|3 4|1 4|5 5|6 7|6 3|2 2|1 4|5 7|4 4|6 1|6 5|5 3|4 3|6 5|4 6|4 4|6 7|4 4|5 5|6 1|6 4|5 3|fitness = 20.68317305643689|time = 144.6201943745211|true
17 solution:
4 3|4 1|5 5|5 5|3 5|5 5|2 4|4 7|1 1|4 4|4 4|4 3|4 2|5 7|3 5|4 3|4 2|1 5|4 3|5 1|3 4|6 1|5 5|5 2|6 4|4 3|6 1|5 6|4 1|5 5|5 3|5 4|5 4|6 7|4 5|4 3|4 4|6 5|5 3|4 3|4 3|4 6|5 6|4 3|5 5|4 5|5 6|5 3|3 3|4 3|fitness = 20.168151351158016|time = 139.7455581798598|true
18 solution:
4 1|4 4|3 5|2 4|4 1|4 4|4 3|4 2|4 3|4 4|2 5|3 5|4 4|5 4|4 2|4 3|3 3|4 4|4 5|4 3|4 3|4 3|4 3|1 5|4 2|3 3|5 3|4 4|4 1|3 4|5 1|2 1|4 5|4 1|2 5|4 3|4 4|3 4|1 3|1 1|4 2|4 5|4 4|4 3|4 5|4 5|4 1|4 5|4 3|4 3|fitness = 20.705781724896635|time = 149.53717744121266|true
19 solution:
2 3|4 3|4 1|4 4|4 1|5 4|2 1|4 6|4 3|1 3|2 4|4 3|1 1|1 2|2 5|3 1|4 1|1 5|1 2|1 2|4 4|4 1|4 3|2 3|2 5|1 3|3 3|4 3|3 3|4 3|4 4|2 4|2 2|4 1|3 2|2 4|4 4|5 5|1 4|1 4|4 3|4 1|1 2|4 1|1 4|1 5|3 3|1 1|3 3|5 3|fitness = 21.047999920655933|time = 148.89243679600287|true
20 solution:
5 3|1 5|4 8|1 3|5 4|1 3|1 3|4 1|5 3|4 7|4 4|4 4|4 4|3 5|1 4|4 1|6 3|5 1|4 3|4 3|5 2|2 1|2 3|2 1|2 2|4 3|1 3|4 4|6 4|1 3|4 4|3 4|4 1|4 1|1 5|5 2|1 4|4 3|4 4|1 1|2 5|2 4|4 2|1 0|4 1|1 3|5 2|4 3|6 1|3 1|fitness = 20.901206070778322|time = 147.32166300460713|true
21 solution:
4 3|2 3|2 1|2 4|4 4|1 3|4 1|2 1|4 3|5 1|3 4|3 5|3 3|3 4|2 5|5 3|4 7|5 5|1 5|1 5|2 3|6 4|1 3|4 4|1 4|4 4|5 5|4 4|5 3|3 3|1 4|4 3|1 1|4 4|4 2|1 5|2 3|4 1|4 4|2 1|2 5|5 5|4 2|4 3|4 5|4 5|6 5|4 7|2 3|6 3|fitness = 20.70470811529536|time = 147.38698233826224|true
22 solution:
4 3|4 4|3 3|6 4|5 6|1 3|6 3|4 5|4 1|5 0|4 4|4 4|1 5|3 2|4 5|5 3|4 1|4 2|4 7|5 4|5 4|5 4|4 3|4 4|4 5|4 3|4 4|5 3|6 3|3 3|4 2|4 4|1 1|5 8|1 1|3 3|4 1|3 3|5 5|4 3|4 5|4 1|4 6|1 4|5 7|4 1|5 5|4 4|4 1|4 3|fitness = 20.923886666966354|time = 147.06520524939233|true
23 solution:
6 3|4 3|4 6|2 4|6 3|5 7|4 3|4 6|2 3|3 5|2 3|4 1|4 4|3 2|6 1|5 8|4 4|1 4|4 1|4 4|5 2|5 4|4 1|4 3|4 4|5 3|4 3|4 4|5 5|5 3|4 1|1 3|5 5|2 5|2 2|2 7|3 3|2 3|2 5|4 3|2 2|1 4|5 6|5 3|5 5|4 1|4 2|4 4|4 4|6 4|fitness = 20.86868697125958|time = 149.12271293435975|true
24 solution:
5 3|4 1|4 5|2 1|2 3|4 3|2 1|1 5|3 3|5 5|3 4|4 1|2 3|3 3|3 5|4 4|4 2|4 5|3 3|5 3|5 2|2 5|4 3|5 1|2 1|4 4|5 1|1 1|2 5|5 3|1 3|4 5|2 4|2 4|4 5|4 4|4 4|2 4|5 3|2 7|4 7|1 5|4 4|1 4|4 1|6 3|4 1|1 4|5 3|6 3|fitness = 21.043476190563897|time = 147.08438727382165|true
25 solution:
5 6|1 5|6 4|2 5|2 7|1 3|2 3|2 3|5 5|4 3|4 1|1 1|4 5|3 2|2 4|3 4|4 1|5 5|4 1|4 3|2 2|4 1|1 4|3 3|4 5|1 5|4 4|2 4|5 3|4 3|2 4|2 4|2 2|6 1|3 4|2 5|4 1|4 4|4 4|4 3|4 4|2 1|1 5|2 3|4 4|3 3|4 1|4 1|2 3|4 1|fitness = 20.583753435195323|time = 142.29462385923014|true
26 solution:
4 3|5 3|4 1|2 1|4 4|1 4|2 3|4 1|4 3|5 5|4 5|4 3|2 4|3 6|4 4|5 1|2 2|4 4|4 3|4 3|1 4|5 5|4 3|5 3|4 4|2 3|5 1|5 5|4 4|5 4|4 1|4 3|4 7|5 5|3 3|5 4|4 1|4 3|4 4|4 1|6 3|4 1|4 7|6 3|4 4|5 1|6 5|4 1|3 3|5 3|fitness = 21.53576377548789|time = 148.94755483029726|true
27 solution:
2 5|1 3|4 2|1 2|4 3|5 5|4 4|4 2|5 3|4 1|5 5|4 5|4 4|3 3|4 5|5 5|4 3|3 5|3 3|4 4|5 4|1 3|4 5|5 1|4 5|5 3|4 4|3 3|3 4|3 4|4 1|4 3|5 5|5 6|5 1|5 4|1 1|4 3|4 3|4 4|6 4|1 5|4 4|4 3|4 3|3 4|2 2|4 1|5 1|5 5|fitness = 20.66459566791792|time = 144.23906752554828|true
28 solution:
4 3|4 3|2 1|4 4|4 4|4 3|2 1|4 6|6 3|4 4|4 3|4 3|4 5|4 1|2 5|2 4|4 1|1 5|4 1|4 3|1 1|4 3|1 4|6 4|6 1|5 3|4 1|2 1|5 1|5 1|4 3|6 4|4 7|4 4|6 2|1 5|4 4|2 3|5 2|4 1|4 5|4 3|1 4|4 3|1 3|4 7|1 2|6 5|4 4|2 4|fitness = 21.152042823154257|time = 148.22512441225857|true
29 solution:
4 3|3 3|1 1|4 4|2 5|4 4|5 6|4 5|1 3|4 4|3 3|5 4|2 4|2 5|2 4|5 5|1 3|4 3|4 2|2 3|5 3|4 1|5 5|4 3|3 3|1 3|4 1|3 4|2 2|5 5|3 3|4 3|1 1|5 5|4 5|4 4|5 5|4 1|5 1|4 3|4 4|4 4|4 5|4 4|5 2|5 1|1 1|4 4|5 6|5 6|fitness = 20.43550031083924|time = 149.18186213365394|true
30 solution:
3 3|2 1|1 1|1 4|1 5|6 3|2 2|4 2|4 3|2 5|2 3|1 5|1 3|3 2|4 2|2 4|3 3|1 4|1 4|4 1|2 1|2 5|4 3|4 3|1 2|4 1|4 4|4 4|4 1|5 3|5 3|2 4|2 2|4 4|4 1|3 4|1 4|4 3|2 3|5 5|4 1|2 2|3 4|2 3|5 5|2 4|4 5|4 1|4 3|4 1|fitness = 20.74579545062717|time = 148.3198213288336|true
The final result:
fmax = 21.53576377548789
fmin = 20.156657991313004
fmean = 20.83863174289409
standard std = 0.3301816704593191
-1 solution:
4 3|5 3|4 1|2 1|4 4|1 4|2 3|4 1|4 3|5 5|4 5|4 3|2 4|3 6|4 4|5 1|2 2|4 4|4 3|4 3|1 4|5 5|4 3|5 3|4 4|2 3|5 1|5 5|4 4|5 4|4 1|4 3|4 7|5 5|3 3|5 4|4 1|4 3|4 4|4 1|6 3|4 1|4 7|6 3|4 4|5 1|6 5|4 1|3 3|5 3|fitness = 21.53576377548789|time = 148.94755483029726|true
