0.65208632 0.56727244 0.65448209 0.63119877 0.78067652 0.75460861 0.59930659 0.61554870 0.74236822 0.51697246 0.67135462 0.55255059 0.52105951 0.51534651 0.56920055 0.73242605 0.66129463 0.71190037 0.56061936 0.65980518
0.65267958 0.71875038 0.75836271 0.67802149 0.60684447 0.68380570 0.73116806 0.58991536 0.53007452 0.53369280 0.72885552 0.52204265 0.77041529 0.79052788 0.51198772 0.74939952 0.64061637 0.79795881 0.78506416 0.63986458
0.68771112 0.63242595 0.73759300 0.59152428 0.69633876 0.73799296 0.59962870 0.72188714 0.67609901 0.70737661 0.71748561 0.62570763 0.59328733 0.73795669 0.55133320 0.64772992 0.56429336 0.71957447 0.78925023 0.61812688
0.53175282 0.56083040 0.66206077 0.67174935 0.59522753 0.63236947 0.72989631 0.61751584 0.56574610 0.79929451 0.79492438 0.54136211 0.75797207 0.73037534 0.57505499 0.71513563 0.52507442 0.70912402 0.75068239 0.54465925
0.57955901 0.63108368 0.57064075 0.62290331 0.72837851 0.65283081 0.77454849 0.65879562 0.58257141 0.56121819 0.65658694 0.52866302 0.68048961 0.65628818 0.66050526 0.64563869 0.68935779 0.78806307 0.55726467 0.56258367
0.52246598 0.75607189 0.51523078 0.71616129 0.52873067 0.57100028 0.72819451 0.78366785 0.77766831 0.79025217 0.61874761 0.66006270 0.67600853 0.77348988 0.58366017 0.67035608 0.51223319 0.66037096 0.59390364 0.51210225
0.63226074 0.55072788 0.70483372 0.77421100 0.70330425 0.66733893 0.57179399 0.50163004 0.52361471 0.50321590 0.50302167 0.57066567 0.78338020 0.69898651 0.51523360 0.50679908 0.67648468 0.76147714 0.58764123 0.71582053
0.70413920 0.72200328 0.53738955 0.50994311 0.79958151 0.54215293 0.56353619 0.59327330 0.53809894 0.60600027 0.62768280 0.62560461 0.57856286 0.69071426 0.75724184 0.70996618 0.51147171 0.68242938 0.67206856 0.54769735
0.56418310 0.60102270 0.54680808 0.67503479 0.53657407 0.61609435 0.52980467 0.73728782 0.50980240 0.77697506 0.74479042 0.67064321 0.78715012 0.54198769 0.60381742 0.54747991 0.78911425 0.77646612 0.75901799 0.59878943
0.73496820 0.69518788 0.71677415 0.55688728 0.59995097 0.65290392 0.53074807 0.76306568 0.74104995 0.63655126 0.57997199 0.55817772 0.53502635 0.58451186 0.52481641 0.51935792 0.76989148 0.75193298 0.71715219 0.62317391
0.67547503 0.65665207 0.62139282 0.70446900 0.77003573 0.67767135 0.68034931 0.74099498 0.73804780 0.73740440 0.63395138 0.72664966 0.73935561 0.78007005 0.76988468 0.60072314 0.78182235 0.76163534 0.75306457 0.77702197
0.66840715 0.59161246 0.64561364 0.56507996 0.75528873 0.61379140 0.59063076 0.79587943 0.63021216 0.78164258 0.59153567 0.75659640 0.53966899 0.67465116 0.67414447 0.50284813 0.75982962 0.61424683 0.77087701 0.65276123