1 solution:
7 1|2 8|9 6|8 3|13 4|13 8|6 5|9 5|13 9|3 9|5 7|5 5|3 6|9 9|4 5|9 6|7 8|1 4|1 7|9 9|3 1|1 5|8 6|13 8|7 8|7 8|7 6|13 4|13 1|3 4|8 9|10 7|10 5|10 9|10 2|13 4|10 4|4 3|13 7|11 5|11 9|6 3|3 9|13 2|1 8|4 4|8 9|5 3|8 6|9 3|5 7|9 9|11 9|7 3|8 4|7 1|6 8|1 6|1 4|5 9|13 1|8 5|11 3|13 8|10 7|13 7|10 6|10 7|8 5|8 4|7 7|5 9|6 9|5 9|5 8|5 0|7 1|7 2|2 6|10 1|6 7|13 2|2 5|12 7|13 6|9 1|6 8|2 6|7 1|4 6|6 4|5 7|1 9|10 1|11 4|10 7|13 9|11 7|9 8|13 9|11 1|5 5|1 7|9 7|11 1|1 1|3 1|13 3|1 5|5 3|8 5|11 1|3 2|13 3|13 7|8 5|5 5|11 9|3 4|5 7|3 7|6 7|13 2|9 0|6 6|13 6|5 5|5 8|5 8|4 7|fitness = 50.622189869921954|time = 197.45398786388628|true
2 solution:
13 1|2 9|7 5|5 9|5 1|6 2|6 9|13 9|5 4|7 8|2 1|13 5|11 1|7 8|6 6|5 9|12 4|7 2|13 6|6 4|8 7|9 5|8 3|1 9|13 9|9 9|12 7|5 2|6 5|13 4|13 1|9 9|7 4|11 4|13 5|6 1|11 9|10 7|9 9|13 6|7 1|9 5|13 7|2 3|7 5|5 7|2 4|4 6|8 9|13 1|10 9|5 3|11 5|9 8|7 6|12 7|8 9|6 1|5 1|9 4|5 8|6 1|7 2|9 4|8 7|8 6|10 7|11 5|6 3|5 4|6 1|6 5|9 7|8 5|3 9|9 6|13 3|5 7|7 8|5 8|13 9|9 3|5 9|8 6|6 8|8 6|13 4|4 7|13 8|13 9|5 3|1 2|7 8|1 7|13 8|3 4|12 6|8 7|13 3|4 4|7 7|5 7|6 7|1 6|13 4|6 5|12 4|6 6|11 8|3 3|10 7|8 7|13 3|13 4|7 5|8 4|9 7|5 3|13 7|10 4|1 1|5 5|7 6|13 7|9 5|9 9|7 6|13 7|13 0|5 5|fitness = 50.99276135092278|time = 199.90545784663092|true
3 solution:
12 1|9 5|3 1|12 8|7 5|13 1|13 7|2 9|2 8|13 6|3 1|8 4|1 4|1 4|1 4|13 3|7 9|10 4|1 9|13 4|8 7|13 0|1 2|1 8|1 1|9 0|13 5|13 7|10 9|5 6|1 7|13 9|13 1|1 1|13 6|1 1|8 1|9 8|8 7|6 9|11 9|13 5|6 6|13 6|13 5|1 7|1 5|8 9|7 8|13 8|5 7|9 9|2 5|5 9|5 1|8 7|8 2|13 9|12 7|3 4|13 7|8 9|13 7|13 7|13 5|2 8|8 9|9 8|6 6|13 4|1 6|9 8|7 1|13 6|8 5|13 3|2 2|13 0|5 5|5 5|13 1|9 9|8 6|7 4|7 7|5 8|13 4|8 1|12 9|13 3|13 6|5 3|8 7|6 2|13 4|13 6|6 6|7 5|13 5|10 9|1 4|13 4|12 6|13 6|10 6|1 8|13 7|8 3|5 5|13 4|1 4|7 9|13 5|13 7|5 6|13 8|10 7|7 9|12 7|5 9|11 9|13 1|12 4|13 7|13 7|1 8|8 7|12 1|8 3|5 2|fitness = 52.03422288420058|time = 199.46656139959808|true
4 solution:
13 7|9 2|12 6|10 9|7 8|13 7|7 7|10 7|7 2|5 5|7 8|8 4|1 5|13 4|8 9|5 8|10 8|13 1|10 9|10 7|6 8|3 7|13 4|13 4|2 5|5 8|11 7|8 6|8 6|1 6|4 7|8 7|1 7|13 3|13 1|1 9|12 4|10 1|5 0|9 5|8 9|12 4|11 7|7 5|7 8|9 4|8 9|9 1|13 4|13 3|7 3|9 6|9 3|13 5|7 1|9 8|6 8|5 3|6 9|13 3|13 5|8 2|8 9|9 4|1 9|13 7|7 5|11 5|12 4|11 4|1 5|9 8|9 7|8 9|8 5|9 8|7 5|12 7|8 9|13 6|3 8|9 8|5 8|8 7|9 3|6 9|3 7|11 1|3 6|12 4|13 8|12 4|7 9|1 9|1 6|5 7|1 3|13 7|9 5|13 9|6 1|5 3|7 7|2 1|2 5|11 5|5 6|11 5|8 4|10 3|5 3|11 7|13 3|1 3|2 5|13 4|5 7|9 2|10 3|9 9|9 1|13 1|5 8|7 5|9 1|4 1|12 1|13 4|13 3|4 8|fitness = 51.10317904576104|time = 192.97078194636455|true
5 solution:
11 1|8 9|12 9|1 6|10 0|3 6|13 0|12 9|7 6|11 2|13 6|11 0|11 9|4 8|3 6|13 5|13 7|11 7|8 1|9 4|4 4|9 0|7 5|10 9|5 8|8 5|5 7|9 3|4 5|11 7|1 7|9 9|11 9|7 9|2 7|6 8|5 8|13 8|6 2|4 7|10 5|13 2|10 9|13 2|12 5|11 8|4 4|12 1|13 6|1 0|5 7|9 4|5 0|5 8|7 0|4 3|11 4|6 7|12 7|10 1|11 3|9 5|5 0|4 4|13 8|2 5|13 4|8 2|6 5|8 6|12 7|5 7|2 5|1 7|2 7|11 3|5 9|13 1|8 1|13 9|8 7|13 1|13 4|1 8|8 1|6 1|8 8|4 8|10 3|9 5|5 5|6 8|8 4|9 4|13 5|8 9|6 6|11 4|5 5|7 5|7 0|8 6|6 6|10 6|8 7|12 6|9 6|4 5|5 3|8 6|4 4|5 9|2 2|5 1|5 1|2 3|12 5|13 6|8 1|8 2|10 1|4 7|10 7|5 6|1 0|10 7|8 3|6 9|3 1|6 3|fitness = 48.7024190542748|time = 191.35909181305703|true
6 solution:
8 4|7 1|8 6|7 8|4 5|5 3|3 3|7 5|7 4|5 5|5 2|8 5|5 4|8 7|7 2|7 8|5 2|8 5|1 7|7 3|3 5|3 1|7 6|6 3|3 4|6 3|6 2|9 1|10 6|5 5|9 5|4 8|2 6|11 2|9 5|5 6|6 4|6 7|5 6|10 7|1 4|5 7|5 1|4 0|7 5|2 6|10 3|5 5|3 8|5 3|9 1|7 6|5 4|9 4|1 6|5 6|3 3|1 4|8 7|9 4|5 7|5 4|8 4|9 7|5 3|6 7|2 1|5 6|1 7|8 8|8 7|6 1|6 4|5 3|9 4|4 0|5 4|9 2|7 5|9 8|7 3|7 1|1 3|6 4|4 1|9 1|8 6|6 1|6 6|6 8|4 7|7 1|8 1|6 3|1 1|7 8|8 1|8 3|9 7|3 2|10 8|7 3|9 3|5 2|9 5|6 0|5 4|3 7|12 7|9 8|3 2|8 6|6 4|7 3|2 6|9 3|2 7|7 1|4 4|6 5|1 3|8 5|3 7|6 6|1 7|7 5|2 2|1 5|1 5|7 7|fitness = 49.06775555785708|time = 197.6043260225418|true
7 solution:
5 5|13 6|4 3|8 6|3 4|13 6|13 7|12 5|7 5|5 3|8 1|1 7|7 3|8 4|5 5|11 4|5 8|6 1|13 8|3 4|6 7|7 7|8 2|4 3|1 8|9 9|5 5|9 5|5 9|2 9|5 5|5 8|6 9|5 9|6 9|3 4|7 8|9 8|13 3|9 5|8 5|7 6|6 9|5 0|3 4|9 4|6 2|10 6|8 2|3 7|5 6|13 7|8 3|5 9|13 4|9 2|8 7|5 5|8 3|7 8|1 1|7 5|8 9|13 7|10 7|9 5|6 5|5 7|6 1|7 7|6 7|5 3|1 5|7 1|5 7|9 7|6 2|11 1|8 6|8 2|13 1|7 1|13 9|13 3|5 6|6 6|4 1|1 4|13 2|5 8|4 1|8 4|7 6|13 4|3 4|4 5|7 8|8 7|9 5|3 1|13 7|9 9|5 6|6 7|8 9|7 6|7 4|4 2|7 8|8 9|1 1|3 1|4 8|5 3|5 4|3 6|2 8|5 2|5 3|13 6|5 5|13 6|3 7|5 8|7 8|5 4|7 0|5 3|5 7|5 8|fitness = 51.032334269905284|time = 199.04133885390468|true
8 solution:
1 7|6 9|13 8|13 3|5 6|8 0|13 0|6 1|1 4|10 2|4 5|7 8|13 5|1 7|2 1|1 8|8 4|13 0|4 5|13 4|13 8|6 9|5 4|6 8|5 6|9 9|2 3|1 6|5 9|7 3|13 7|13 6|9 6|11 6|13 6|2 7|6 5|5 4|5 3|5 8|2 5|13 4|3 6|8 2|7 9|13 7|1 9|12 8|5 1|6 5|10 7|1 7|13 7|13 1|5 9|11 7|13 4|2 2|6 3|13 1|10 5|9 9|13 8|13 6|10 7|13 1|9 8|7 4|8 1|11 8|8 9|8 1|13 1|7 1|7 5|4 6|2 9|8 3|2 2|8 1|8 9|13 3|5 7|10 7|13 2|11 1|8 7|11 9|7 9|7 9|8 5|13 1|1 4|11 5|3 7|5 6|6 0|5 8|8 5|8 6|13 8|5 9|2 7|5 1|13 6|3 4|13 6|6 1|1 5|13 3|13 4|8 6|5 5|5 7|10 4|8 6|5 3|13 7|9 4|2 5|3 7|1 9|7 1|9 9|4 0|6 5|5 1|7 5|9 7|11 6|fitness = 50.904491784386245|time = 198.86875887673318|true
9 solution:
9 7|8 1|13 9|9 9|7 5|6 3|6 7|6 6|13 4|13 7|11 8|9 4|7 5|4 7|6 1|9 5|7 8|6 1|6 5|5 6|1 6|8 9|5 9|6 6|5 6|5 6|1 9|3 1|12 4|5 7|6 7|1 7|9 8|13 1|5 1|13 1|13 6|13 9|9 2|8 4|7 6|8 9|10 7|7 8|8 6|2 7|5 4|10 9|13 7|4 9|7 3|9 1|11 6|3 1|13 2|5 5|9 4|9 9|5 3|8 2|13 7|7 5|8 9|9 5|9 3|7 5|9 2|10 7|13 6|8 1|8 7|9 2|5 6|7 4|13 7|7 1|5 5|2 5|6 5|9 9|5 9|3 4|5 3|3 5|13 1|5 7|8 7|5 9|10 9|7 5|13 1|5 8|6 4|1 4|5 8|13 5|6 3|8 7|1 2|5 8|13 4|8 4|8 9|1 4|13 6|9 2|6 4|13 7|8 7|4 5|8 3|13 6|1 3|1 5|5 4|8 6|1 1|7 1|6 4|9 8|5 3|13 4|13 1|10 7|3 3|13 5|6 6|7 6|3 9|5 6|fitness = 51.9294879138503|time = 199.83336728410444|true
10 solution:
13 4|8 3|11 6|7 5|11 9|9 4|9 9|9 6|2 6|8 9|4 1|8 5|11 0|6 4|7 9|8 7|12 9|6 1|13 3|5 9|7 1|11 4|13 3|5 9|6 8|6 9|6 6|7 3|4 7|5 9|1 8|8 9|7 8|6 4|6 3|6 5|13 4|8 9|5 8|13 4|11 7|8 6|6 7|11 8|8 1|3 7|6 8|7 3|3 1|6 2|11 7|11 6|5 1|13 7|7 7|13 1|13 6|11 4|8 8|10 4|13 4|8 3|4 8|5 7|7 6|13 6|8 5|2 5|3 8|5 7|5 5|9 5|13 7|8 2|7 5|13 3|11 1|5 3|1 1|5 3|13 3|2 1|4 5|13 5|1 4|5 6|9 6|5 5|7 2|4 9|1 4|2 7|12 7|5 3|5 1|1 6|5 7|9 7|12 1|12 8|6 9|1 8|13 7|9 9|11 4|7 5|12 1|7 9|4 4|10 7|5 5|10 4|13 1|9 9|7 8|8 3|11 5|7 4|9 5|8 1|5 9|11 4|5 5|8 9|7 6|13 6|4 7|8 7|6 1|13 1|fitness = 51.29336284429784|time = 196.71050991327175|true
11 solution:
6 5|8 5|5 8|5 9|9 7|6 1|11 5|4 1|7 5|3 8|5 8|11 6|11 6|7 5|8 7|8 4|8 4|7 8|8 7|10 4|9 9|1 4|6 1|9 7|10 7|8 6|10 7|1 3|11 4|1 8|9 4|5 6|7 0|9 3|9 6|4 2|3 0|7 1|11 8|10 5|2 9|6 8|11 7|10 5|5 7|5 1|9 2|2 7|6 5|3 2|9 8|2 4|6 7|8 7|5 4|9 6|8 5|12 7|8 7|3 8|9 6|5 8|5 2|11 6|1 6|6 2|7 9|9 3|1 2|7 4|7 5|10 5|4 5|8 6|6 5|10 6|6 6|9 8|4 6|9 4|9 6|9 5|10 3|5 5|5 8|7 1|1 1|8 0|12 8|11 9|6 4|9 7|6 3|7 6|8 1|7 8|10 1|4 4|5 7|6 4|3 1|10 4|5 5|10 7|8 7|8 1|9 2|2 6|10 2|12 4|5 8|8 4|2 9|10 5|9 8|10 6|6 7|9 1|9 5|7 4|9 5|11 3|6 4|7 5|12 8|5 1|7 1|8 1|7 4|10 3|fitness = 49.57080052171497|time = 196.36922685008867|true
12 solution:
6 8|10 7|1 6|10 6|11 3|1 5|7 2|7 9|6 5|3 3|5 4|5 5|8 3|8 6|11 5|9 6|9 3|4 1|5 7|8 1|6 5|8 6|5 1|9 8|10 7|6 3|1 7|6 7|7 5|10 7|6 4|4 8|9 5|9 6|2 6|10 5|1 4|2 7|11 7|9 3|12 9|7 4|4 5|10 2|1 6|5 4|5 3|8 3|12 1|2 7|3 3|9 0|11 7|10 7|11 5|7 1|8 4|4 6|7 8|9 6|4 3|9 1|9 3|8 4|2 5|5 3|1 4|9 4|5 6|7 9|12 1|9 9|9 8|3 6|4 1|5 6|3 7|2 5|9 5|5 9|1 9|1 7|12 1|7 4|10 3|4 6|8 9|10 5|12 8|9 6|6 6|11 7|3 7|11 4|1 2|10 1|1 9|4 7|1 2|2 4|5 3|6 2|11 8|9 6|12 3|4 3|6 1|4 1|2 1|6 5|5 2|1 7|13 8|1 1|8 6|1 5|10 4|7 9|6 1|6 1|1 3|6 1|12 0|7 5|8 2|2 4|7 8|3 4|5 9|4 2|fitness = 48.86185896715555|time = 197.2309465106221|true
13 solution:
3 5|3 8|5 2|2 6|7 0|7 3|6 5|8 1|8 4|7 2|5 8|9 5|7 2|3 1|9 6|8 7|6 4|7 6|9 2|9 6|1 5|3 6|5 5|9 3|6 6|4 7|9 3|7 5|8 1|9 1|6 4|7 8|7 6|3 6|4 2|4 2|2 3|7 7|5 7|3 1|3 4|8 0|4 1|2 4|8 5|7 6|2 4|5 1|8 1|6 1|7 2|7 7|8 6|9 1|8 7|8 7|7 8|3 6|5 5|6 5|3 4|3 1|6 4|5 7|4 3|5 6|9 5|6 2|8 5|5 4|5 6|8 7|8 4|5 7|5 5|7 6|5 7|5 2|7 3|7 7|4 5|8 2|4 1|3 7|8 5|8 7|5 4|9 2|3 8|5 2|4 1|5 3|5 2|8 4|6 7|10 0|4 2|2 3|8 3|7 4|7 4|2 8|8 1|7 3|5 1|9 1|3 3|6 4|8 2|3 4|1 8|2 3|3 5|8 6|7 8|8 3|3 1|4 3|9 3|1 2|5 5|7 1|9 5|5 6|6 7|4 4|5 7|7 5|3 5|2 4|fitness = 49.17478640694279|time = 193.55428344781993|true
14 solution:
7 1|1 2|6 6|7 2|4 7|8 6|11 1|8 5|7 9|1 8|3 4|8 5|13 6|5 2|13 5|8 5|9 9|8 1|10 1|3 7|10 7|10 9|13 4|13 8|8 1|5 3|2 8|1 7|13 9|13 3|7 4|13 6|9 9|13 4|8 1|12 6|13 4|13 8|12 7|2 7|9 3|10 4|11 9|7 9|13 7|5 7|9 4|2 7|9 5|13 5|5 7|3 7|2 5|1 8|5 7|5 8|7 2|5 5|7 2|4 4|6 1|13 4|12 1|13 7|1 9|7 4|13 8|8 9|7 8|1 1|8 6|13 5|4 5|7 6|7 5|12 5|12 4|13 2|6 6|5 8|10 7|8 7|12 4|10 7|10 9|10 4|9 6|5 3|11 2|11 1|10 9|9 1|2 8|13 9|9 9|13 8|7 6|8 7|6 9|8 8|7 8|13 4|6 2|6 8|2 9|9 8|8 6|5 7|13 1|13 6|5 9|13 4|13 5|13 6|2 6|12 6|6 7|5 5|10 2|9 2|8 1|10 7|11 7|13 6|12 5|13 4|13 1|12 6|12 9|2 6|fitness = 51.165740788290606|time = 193.8807320651008|true
15 solution:
9 7|5 5|11 9|12 4|6 4|13 3|6 5|11 8|6 5|6 6|13 8|11 0|9 6|13 7|13 1|2 3|6 7|1 4|6 1|7 1|5 8|12 4|7 4|4 7|6 1|13 5|1 8|5 3|7 1|9 7|11 9|5 3|2 4|8 6|1 8|3 8|11 3|5 8|6 6|6 5|11 9|13 2|1 7|2 6|5 1|6 7|2 5|11 1|3 4|12 9|10 5|5 9|10 7|9 7|8 7|2 9|5 9|7 5|6 1|10 6|11 5|8 3|10 5|5 9|9 1|9 8|10 8|12 7|7 0|8 7|2 8|11 2|7 5|6 8|9 2|9 9|6 6|11 2|12 1|4 4|4 0|9 1|6 6|5 6|8 7|5 8|2 7|11 5|5 1|1 4|3 4|5 9|2 4|2 0|8 6|2 8|8 3|6 6|7 5|10 4|8 9|1 4|7 4|6 7|8 6|10 5|6 7|2 5|1 3|11 1|11 5|3 7|4 3|9 6|5 6|1 7|1 7|13 4|9 5|2 1|13 1|7 8|2 5|8 6|13 1|5 3|13 8|5 7|13 2|5 2|fitness = 50.298336846959536|time = 198.0724312988068|true
16 solution:
8 7|1 1|7 5|1 4|7 4|1 8|7 7|5 1|9 3|2 9|8 5|8 1|1 9|10 7|7 6|4 6|11 2|9 4|8 3|8 8|5 5|1 7|7 1|10 5|5 3|5 3|7 4|9 3|8 8|6 1|2 6|5 4|7 1|10 1|1 0|13 8|3 2|6 7|11 1|6 4|8 7|7 2|7 7|3 6|9 9|9 9|3 6|5 6|9 3|6 5|9 2|5 5|9 4|10 7|9 0|9 1|6 8|6 1|10 5|6 7|1 4|10 7|10 9|4 5|2 3|5 3|5 9|8 3|8 6|2 7|13 2|7 3|3 7|5 6|5 2|7 1|8 0|10 6|9 2|2 2|1 4|11 2|13 7|9 6|8 8|7 8|8 4|11 4|8 3|12 4|9 1|2 0|11 2|3 5|1 2|1 7|6 5|6 7|7 3|3 7|6 7|10 4|8 2|6 9|7 2|4 4|10 1|1 7|8 7|10 7|7 5|9 7|6 6|10 7|2 5|7 5|5 9|7 8|8 5|9 6|7 1|3 4|7 9|5 9|1 6|8 4|3 1|9 9|13 5|8 6|fitness = 50.057705192931635|time = 183.37199312504507|true
17 solution:
7 7|12 1|4 8|12 7|6 9|7 9|9 6|13 0|3 5|8 7|8 8|4 7|11 1|11 6|7 3|6 5|11 0|11 3|13 7|3 5|9 4|5 7|4 6|5 5|6 5|10 1|11 7|6 5|8 8|11 7|11 7|5 7|12 4|11 4|3 8|5 3|9 8|4 7|2 7|6 5|6 7|6 4|10 7|13 6|1 6|12 1|11 9|9 9|8 9|9 4|13 7|11 7|13 7|8 4|3 3|5 8|5 5|7 6|5 5|5 2|9 9|9 8|8 3|9 6|13 9|11 3|1 1|13 6|12 5|5 6|4 7|7 1|13 0|8 7|3 1|2 9|10 4|9 2|9 8|11 8|9 9|8 1|11 9|11 2|13 3|4 9|8 4|11 8|6 7|6 2|11 9|9 0|7 5|6 0|4 7|10 3|6 5|2 9|11 9|6 3|8 1|7 8|5 6|9 6|6 6|11 4|5 2|6 4|11 2|8 2|5 9|13 6|6 6|12 5|13 5|4 6|9 7|8 6|8 5|9 8|12 4|6 6|11 1|9 6|7 5|6 4|3 4|5 9|7 1|9 9|fitness = 49.5803273631596|time = 198.29269850855184|true
18 solution:
9 5|8 1|8 3|4 6|8 5|9 0|5 7|5 1|9 6|2 7|6 5|6 3|10 4|4 5|8 5|7 6|8 4|6 1|1 4|4 4|4 1|7 2|5 0|8 4|9 1|4 5|3 4|1 7|7 1|8 1|2 7|4 5|5 3|1 7|8 2|1 3|3 3|5 2|9 2|6 8|1 4|7 7|8 6|2 7|8 7|5 5|7 1|7 1|9 1|1 6|4 4|7 5|9 5|9 1|5 0|7 3|4 8|4 4|7 8|6 4|7 5|3 5|9 8|3 5|8 7|5 8|2 6|3 4|9 1|5 7|8 4|7 3|5 6|7 8|9 2|8 2|9 1|5 7|2 6|5 6|8 5|1 1|9 5|9 6|10 4|8 5|6 6|10 1|1 0|5 2|7 5|5 6|7 7|5 0|6 7|8 8|1 2|3 1|1 4|7 6|4 2|6 2|5 8|3 6|9 6|8 7|10 6|5 5|8 0|4 7|4 6|3 4|8 8|3 7|9 7|5 3|7 8|8 7|9 2|7 4|6 3|2 3|3 1|4 5|8 3|9 2|5 0|8 4|6 3|3 2|fitness = 49.09164526230632|time = 196.43592613654704|true
19 solution:
7 1|9 9|8 5|1 3|13 6|10 9|13 7|8 6|3 7|3 6|2 5|7 5|13 5|9 3|1 5|1 9|12 7|11 7|7 8|13 5|1 1|7 6|9 9|13 1|6 5|7 8|4 9|11 3|7 1|8 3|9 1|1 3|7 8|5 3|12 9|13 9|8 4|10 5|11 7|11 5|1 4|13 8|8 3|7 8|5 3|5 3|9 6|13 7|10 7|2 6|6 6|13 3|5 3|8 1|3 4|1 4|8 4|5 2|9 5|2 4|9 1|5 2|13 4|13 7|7 6|11 7|8 4|9 5|7 9|9 5|6 6|2 5|7 8|7 4|13 1|9 4|11 4|13 1|5 1|1 9|4 2|13 8|3 9|1 1|13 2|9 8|5 7|8 6|1 8|5 8|9 1|7 2|5 8|3 4|6 7|5 4|1 9|9 7|1 8|8 1|5 1|7 1|2 6|9 6|5 3|5 7|11 9|4 4|10 6|9 1|3 7|13 6|6 5|7 1|5 6|7 1|5 6|5 9|6 7|3 7|11 1|6 4|2 6|7 6|8 8|4 9|9 2|5 2|12 7|8 7|fitness = 51.18385744882175|time = 198.47106386355395|true
20 solution:
13 1|13 0|1 5|6 8|10 5|4 9|9 7|5 5|7 9|11 8|6 8|2 7|6 4|7 9|3 8|8 7|8 5|7 3|8 7|10 8|11 6|11 2|12 4|9 5|9 9|11 7|13 2|1 4|8 1|13 7|12 5|7 7|9 9|12 9|12 5|11 4|10 7|4 6|5 6|12 6|13 0|2 8|13 7|5 2|11 3|13 7|12 9|5 5|13 3|13 2|8 6|2 2|3 5|4 9|7 6|6 6|7 1|9 4|5 9|8 6|9 0|11 3|10 5|13 5|9 2|7 6|6 5|13 1|6 8|13 6|2 4|10 4|13 0|4 1|12 3|11 5|11 9|9 1|8 1|7 9|8 1|8 4|5 3|3 1|13 1|11 0|6 7|13 4|13 8|7 9|10 2|7 8|13 9|3 4|13 6|5 6|5 6|7 3|7 7|10 5|6 4|8 2|7 4|9 7|7 8|11 1|5 5|7 7|2 6|9 7|13 3|8 8|12 4|7 9|2 5|9 9|7 1|11 6|13 4|8 1|8 5|13 4|4 6|12 3|7 6|12 7|6 5|6 4|9 9|7 7|fitness = 48.75125191909508|time = 198.9707800230727|true
21 solution:
7 5|5 8|7 9|9 7|9 3|5 4|10 7|11 3|1 7|10 9|9 5|12 4|9 5|5 9|9 5|13 3|1 4|5 6|5 4|11 6|5 9|1 6|11 7|10 9|7 3|5 7|7 4|9 2|3 6|13 4|8 8|4 9|9 8|8 1|7 6|5 7|2 1|10 7|9 4|4 5|6 7|11 5|5 3|9 9|13 4|13 5|11 1|4 4|5 7|9 8|13 9|7 9|6 9|10 7|2 7|5 9|3 4|6 4|7 5|12 9|5 7|6 6|11 3|5 3|3 6|9 1|6 9|5 5|4 4|8 9|8 6|6 0|3 7|10 3|9 4|7 7|8 9|1 1|9 9|8 4|11 9|9 4|11 5|13 8|11 0|3 7|10 7|6 8|7 6|8 5|5 8|11 8|9 1|11 7|9 8|11 4|6 2|2 2|9 2|6 5|2 3|11 6|8 8|1 2|7 7|5 3|9 6|5 4|1 4|9 6|7 9|1 9|6 6|8 6|8 6|6 1|9 5|7 3|5 3|8 4|9 8|13 7|8 5|1 2|12 1|11 8|11 5|5 8|13 3|11 1|fitness = 49.78125340358976|time = 199.1115367560045|true
22 solution:
13 6|13 5|9 9|13 4|5 5|9 1|7 5|12 9|9 8|13 6|3 1|13 4|10 7|7 6|8 5|13 7|9 6|7 5|4 7|10 9|6 9|6 9|4 6|3 7|6 3|4 3|11 4|5 1|13 3|6 6|6 4|6 6|1 6|7 3|7 1|5 1|12 4|10 2|6 7|3 5|5 3|9 4|8 5|2 4|6 8|11 7|4 5|5 4|9 9|8 9|7 3|5 2|2 9|5 7|2 4|11 1|11 9|9 8|8 8|5 6|10 1|3 6|8 7|10 7|4 5|5 1|6 3|1 8|5 2|9 1|11 4|7 9|7 8|8 7|5 3|4 0|5 7|2 2|5 1|7 1|8 9|6 5|5 3|11 7|8 8|6 6|7 7|11 3|7 6|10 5|8 3|8 6|5 6|1 8|1 6|6 6|5 3|7 9|13 5|2 4|7 4|13 7|11 9|7 7|10 9|10 1|5 7|9 5|9 8|4 6|5 4|11 7|13 9|8 2|8 3|12 2|13 4|11 4|9 7|4 8|13 4|6 1|6 3|10 7|11 2|5 6|3 2|11 4|13 5|11 3|fitness = 49.72241721817425|time = 196.79065998776238|true
23 solution:
3 1|4 8|11 7|4 7|4 7|8 3|7 8|12 9|6 6|3 1|2 8|7 5|8 4|5 3|5 1|10 9|6 7|5 1|9 9|11 5|3 7|5 8|7 3|10 5|3 1|6 6|11 4|10 7|13 3|3 9|6 6|11 4|8 6|4 7|9 6|11 5|4 4|9 8|12 7|10 1|1 4|11 4|7 4|4 4|8 9|8 7|11 9|8 2|1 8|9 6|4 6|5 9|1 6|2 9|10 4|11 5|9 7|11 5|3 1|5 5|7 7|8 7|10 2|9 9|8 7|8 2|7 8|4 4|5 4|2 3|6 6|3 3|9 3|11 6|7 3|5 5|11 3|9 3|5 8|10 7|5 6|8 9|8 7|2 1|7 7|7 0|13 9|9 2|5 3|10 5|1 1|8 2|9 3|5 7|8 4|10 8|5 0|2 4|2 9|6 4|4 6|6 8|12 9|6 2|11 4|5 3|7 3|4 4|8 5|5 2|5 6|9 5|11 2|3 5|7 8|8 6|10 5|4 4|5 5|12 5|2 7|5 5|8 5|5 6|5 2|7 1|10 3|6 2|12 8|5 4|fitness = 49.139589202371475|time = 199.72469687979864|true
24 solution:
5 1|7 1|5 0|8 5|6 2|1 1|1 1|7 8|9 7|8 8|5 6|8 4|8 2|7 6|9 5|5 1|5 4|8 5|3 4|13 7|10 7|5 8|13 4|9 1|8 6|4 4|2 7|6 8|4 4|7 3|5 2|8 6|6 3|3 1|8 9|6 3|8 5|1 8|9 6|1 6|9 8|8 9|13 2|9 4|4 9|9 2|8 0|3 9|6 2|8 7|3 5|5 1|8 1|3 3|5 6|1 7|8 5|6 6|8 2|13 1|7 8|3 1|11 7|13 7|3 2|5 9|6 5|4 7|13 3|13 6|3 7|11 2|5 4|7 3|4 4|3 5|5 1|7 3|3 4|8 4|2 1|4 1|3 4|5 6|9 5|6 4|2 5|1 6|8 5|8 1|2 8|8 7|7 8|6 0|1 4|8 2|3 1|6 5|6 9|2 8|5 6|6 4|2 4|3 5|4 7|2 7|5 6|3 5|5 7|7 1|5 5|9 6|4 7|7 7|7 3|4 1|5 9|7 6|13 2|3 7|5 2|9 8|11 5|5 7|9 2|9 8|3 7|5 9|7 6|9 6|fitness = 50.22536944359827|time = 196.03841738619911|true
25 solution:
9 7|7 2|1 6|11 5|7 5|5 1|7 9|7 4|11 2|7 8|11 1|11 6|6 9|5 7|5 6|13 6|10 0|4 4|11 3|2 8|9 9|5 9|6 5|5 4|2 7|1 4|11 1|6 5|8 8|12 7|10 4|7 2|5 8|9 0|9 8|13 3|2 9|2 2|12 4|2 3|7 7|13 3|7 9|7 5|12 3|11 6|11 8|5 4|8 8|11 7|9 2|9 6|8 4|7 4|8 6|9 3|12 1|12 7|7 9|10 7|12 7|10 5|13 1|11 4|11 3|8 0|5 3|11 6|12 7|8 8|13 5|6 5|9 6|8 4|2 6|12 3|8 7|11 1|9 0|10 1|6 6|10 1|8 9|7 7|10 8|3 4|10 3|8 4|11 5|8 0|6 6|2 1|11 3|7 4|1 3|3 5|10 6|11 7|12 1|5 2|9 1|9 7|4 1|1 1|8 6|1 7|9 7|8 8|8 9|11 7|5 1|12 9|9 2|8 7|11 8|4 4|8 5|5 8|1 6|3 9|4 5|3 4|7 8|3 4|7 7|8 5|11 8|8 5|5 3|11 7|fitness = 48.84523104078691|time = 197.5733239561858|true
26 solution:
8 6|8 6|6 5|12 5|6 7|6 8|10 4|10 7|1 4|5 8|7 6|8 2|8 1|8 7|9 2|4 3|9 5|9 5|4 5|4 4|5 8|6 5|7 6|5 3|4 6|1 7|9 3|9 1|6 1|5 2|7 7|8 9|2 8|7 6|7 3|6 0|7 7|8 2|9 5|7 7|8 6|3 1|10 3|5 4|4 1|6 4|9 5|5 3|7 0|5 5|6 3|12 4|9 8|8 6|7 6|10 6|11 0|4 7|6 7|11 8|7 3|7 5|9 9|8 3|10 2|7 8|1 8|9 8|8 4|11 7|1 5|5 3|7 5|10 1|1 6|6 1|8 7|1 5|7 4|11 8|8 5|9 9|8 0|5 7|2 4|4 3|2 8|8 3|5 1|9 9|1 1|11 4|5 8|8 1|5 7|8 5|10 8|8 5|7 8|6 4|10 5|4 7|8 5|3 7|6 4|9 3|1 7|3 7|6 9|1 3|5 9|6 6|5 4|5 6|8 9|5 1|6 4|8 6|1 6|3 1|3 5|5 2|6 8|4 7|7 4|7 6|4 4|7 9|5 1|7 3|fitness = 49.168634523892024|time = 199.12342713077092|true
27 solution:
7 3|2 3|6 9|4 2|2 2|13 7|2 7|7 1|5 3|13 5|5 3|8 6|5 4|7 5|5 7|13 5|9 9|4 1|9 3|9 3|13 6|9 7|9 6|6 8|3 7|5 5|5 2|5 9|1 4|7 0|7 1|13 5|13 1|13 4|6 5|3 1|13 4|8 7|6 7|6 1|6 3|3 6|13 4|9 4|9 5|5 6|1 5|9 5|1 6|5 8|7 4|2 7|5 6|8 3|13 3|2 2|7 6|8 9|5 7|13 7|9 5|13 4|7 5|3 8|12 7|9 5|13 5|9 8|2 1|9 2|9 6|13 7|3 4|7 5|13 1|13 3|5 1|6 9|13 6|13 8|13 1|6 3|13 5|2 6|1 7|5 2|13 5|13 7|2 6|12 1|8 9|8 2|8 7|13 9|5 1|5 7|8 2|9 9|8 9|1 4|9 5|4 1|13 7|5 2|2 8|5 4|7 8|1 2|5 3|13 1|7 4|7 9|6 8|6 9|3 4|7 8|5 5|4 6|9 3|12 4|7 6|9 8|7 7|7 7|1 0|9 8|1 8|13 1|6 4|8 6|fitness = 50.56027362005037|time = 195.90611354136269|true
28 solution:
12 1|8 2|5 3|8 9|3 7|5 8|7 5|2 5|13 7|1 0|5 1|9 6|8 6|11 7|7 6|9 7|6 0|5 2|7 6|5 7|1 6|12 5|5 5|1 5|8 4|8 7|10 1|7 4|7 6|6 1|7 0|4 7|1 5|7 1|1 3|6 3|2 7|13 3|1 4|7 3|9 5|7 2|13 3|5 8|7 5|7 5|9 8|9 1|1 7|5 7|2 5|12 7|5 3|9 9|8 4|1 5|8 5|8 6|9 5|5 1|5 1|4 1|12 4|1 1|2 3|5 8|6 1|7 7|3 8|7 4|8 7|7 5|7 6|7 4|11 1|13 3|13 4|3 5|13 9|2 7|9 3|8 6|9 6|5 6|4 5|2 8|5 6|3 4|13 4|11 3|1 4|1 9|5 1|3 4|8 4|6 1|3 6|5 3|1 3|9 1|5 9|5 8|2 7|9 8|7 8|1 1|7 5|11 7|5 3|5 9|11 4|5 7|2 6|4 1|6 6|11 2|2 4|7 1|8 0|5 6|8 7|1 8|13 7|5 1|5 3|5 2|6 0|3 5|8 3|5 6|fitness = 51.39571426263697|time = 196.3304997747226|true
29 solution:
8 7|1 3|7 1|13 0|1 1|12 2|6 5|1 1|5 7|7 3|13 5|5 8|1 4|9 5|1 1|4 7|11 4|13 1|8 7|13 4|12 5|13 3|11 4|12 4|1 4|9 4|13 1|9 4|2 7|13 4|5 7|8 9|10 5|5 8|9 6|13 8|13 8|11 8|8 4|9 8|10 7|4 8|1 1|11 9|7 7|9 9|11 8|1 5|10 9|5 1|8 9|9 7|1 7|1 8|8 6|7 1|8 2|6 4|4 5|11 9|13 9|1 5|10 0|6 1|13 8|7 1|1 6|10 7|6 3|13 9|5 9|8 9|1 4|3 7|9 6|7 8|7 6|8 4|5 3|13 9|1 6|9 8|13 8|13 7|8 3|5 9|5 6|9 3|9 6|7 6|8 7|13 1|13 8|7 9|13 9|8 4|13 6|6 5|8 5|1 9|5 0|2 5|11 9|12 7|9 6|13 1|1 9|6 7|4 4|5 8|13 7|13 3|3 1|6 5|12 1|8 4|6 7|1 7|13 5|13 1|12 4|13 1|5 5|13 5|5 5|13 5|8 5|7 4|2 7|9 2|fitness = 51.25136056404256|time = 199.11266485436784|true
30 solution:
4 7|6 5|8 8|6 8|2 7|4 5|3 5|7 4|5 3|8 6|1 3|3 4|8 6|5 1|5 4|4 6|4 1|2 4|2 7|2 7|9 1|8 1|8 5|10 4|7 3|2 6|2 3|11 4|8 2|2 6|7 4|8 1|2 3|2 5|2 9|9 2|5 5|2 5|6 5|8 1|2 5|1 7|5 7|7 1|7 1|6 3|8 3|10 3|5 0|5 0|2 3|5 2|6 7|10 7|1 1|2 1|3 4|5 5|7 5|1 6|8 8|5 5|10 2|8 2|3 6|5 0|6 4|6 3|1 3|2 8|1 0|1 7|1 5|4 6|2 6|5 8|7 1|10 7|2 6|5 6|8 1|5 2|4 7|5 4|7 7|1 1|6 1|1 2|5 2|5 4|8 3|3 7|8 4|6 0|5 6|4 3|9 0|8 4|10 1|3 3|9 2|1 6|7 6|9 5|2 7|5 1|5 7|5 5|7 6|1 7|5 5|6 2|8 2|2 7|1 7|2 4|5 1|8 4|5 7|6 1|7 6|9 6|3 1|3 5|6 0|7 4|5 8|7 5|4 2|1 5|fitness = 49.27293544099307|time = 195.42833865096654|true
The final result:
fmax = 52.03422288420058
fmin = 48.7024190542748
fmean = 50.159376467096386
standard std = 1.0283756661933987
runtime = 0–° ±,13∑÷,33√Î,847∫¡√Î
-1 solution:
12 1|9 5|3 1|12 8|7 5|13 1|13 7|2 9|2 8|13 6|3 1|8 4|1 4|1 4|1 4|13 3|7 9|10 4|1 9|13 4|8 7|13 0|1 2|1 8|1 1|9 0|13 5|13 7|10 9|5 6|1 7|13 9|13 1|1 1|13 6|1 1|8 1|9 8|8 7|6 9|11 9|13 5|6 6|13 6|13 5|1 7|1 5|8 9|7 8|13 8|5 7|9 9|2 5|5 9|5 1|8 7|8 2|13 9|12 7|3 4|13 7|8 9|13 7|13 7|13 5|2 8|8 9|9 8|6 6|13 4|1 6|9 8|7 1|13 6|8 5|13 3|2 2|13 0|5 5|5 5|13 1|9 9|8 6|7 4|7 7|5 8|13 4|8 1|12 9|13 3|13 6|5 3|8 7|6 2|13 4|13 6|6 6|7 5|13 5|10 9|1 4|13 4|12 6|13 6|10 6|1 8|13 7|8 3|5 5|13 4|1 4|7 9|13 5|13 7|5 6|13 8|10 7|7 9|12 7|5 9|11 9|13 1|12 4|13 7|13 7|1 8|8 7|12 1|8 3|5 2|fitness = 52.03422288420058|time = 199.46656139959808|true
