1 solution:
1 1 0 0(2,2)|1 0 1 1(2,3)|1 1 0 0(2,2)|1 1 0 1(2,3)|1 1 0 1(2,3)|1 0 1 1(2,3)|1 1 0 1(2,3)|1 1 0 0(2,2)|1 1 0 0(2,2)|1 0 1 1(2,3)|0 1 0 1(1,2)|1 1 0 1(2,3)|fitness = 0.15466182247413096|td = 42.15819672131148|tp = 173.8594592090031|valid
2 solution:
1 0 1 0(2,2)|1 0 1 1(2,3)|1 1 0 1(2,3)|1 1 0 1(2,3)|1 0 1 1(2,3)|1 1 0 1(2,3)|1 1 0 1(2,3)|1 1 0 1(2,3)|0 1 1 0(2,2)|1 1 0 0(2,2)|1 1 0 0(2,2)|1 1 0 1(2,3)|fitness = 0.15358515217403063|td = 48.1516393442623|tp = 173.2954338832214|valid
3 solution:
1 1 0 1(2,3)|1 1 0 0(2,2)|1 1 0 0(2,2)|1 1 0 1(2,3)|1 1 0 1(2,3)|1 1 0 1(2,3)|1 0 1 1(2,3)|1 1 0 1(2,3)|1 1 0 1(2,3)|1 1 0 0(2,2)|1 1 0 1(2,3)|1 1 0 0(2,2)|fitness = 0.16016089550549686|td = 49.779508196721316|tp = 179.1370992651553|valid
4 solution:
1 1 0 1(2,3)|1 1 0 0(2,2)|1 0 1 0(2,2)|1 0 1 1(2,3)|1 0 1 1(2,3)|1 1 0 0(2,2)|1 0 1 1(2,3)|1 0 1 1(2,3)|1 1 0 1(2,3)|1 1 0 1(2,3)|1 1 0 0(2,2)|1 1 0 1(2,3)|fitness = 0.15421182214270143|td = 49.779508196721316|tp = 179.1370992651553|valid
5 solution:
1 1 0 0(2,2)|1 1 0 1(2,3)|1 1 0 0(2,2)|1 1 0 0(2,2)|1 1 0 0(2,2)|1 1 0 1(2,3)|1 1 0 1(2,3)|1 1 0 1(2,3)|0 1 1 1(2,3)|1 1 0 1(2,3)|1 1 0 1(2,3)|1 0 1 1(2,3)|fitness = 0.15844120484167729|td = 48.1516393442623|tp = 175.09635891061072|valid
6 solution:
1 1 0 1(2,3)|1 1 0 0(2,2)|1 1 0 0(2,2)|1 1 0 0(2,2)|1 1 0 1(2,3)|1 1 0 1(2,3)|1 1 0 1(2,3)|1 1 0 1(2,3)|1 0 1 1(2,3)|1 1 0 0(2,2)|1 1 0 1(2,3)|1 1 0 0(2,2)|fitness = 0.15764977040066275|td = 49.779508196721316|tp = 173.44547486547356|valid
7 solution:
1 0 1 1(2,3)|1 1 0 0(2,2)|1 1 0 0(2,2)|1 0 1 1(2,3)|1 1 0 1(2,3)|0 1 1 1(2,3)|1 1 0 1(2,3)|1 1 0 0(2,2)|1 0 1 1(2,3)|1 1 0 0(2,2)|1 1 0 1(2,3)|1 1 0 1(2,3)|fitness = 0.15594842313748622|td = 48.38770491803279|tp = 179.43387423088103|valid
8 solution:
1 1 0 0(2,2)|1 0 1 1(2,3)|0 1 1 0(2,2)|1 0 1 1(2,3)|0 1 0 1(1,2)|1 1 0 1(2,3)|0 1 1 1(2,3)|1 1 0 1(2,3)|1 1 0 0(2,2)|1 1 0 1(2,3)|1 1 0 0(2,2)|1 1 0 1(2,3)|fitness = 0.15106907098954506|td = 36.476229508196724|tp = 163.13606243214718|valid
9 solution:
1 1 0 0(2,2)|1 1 0 1(2,3)|1 1 0 0(2,2)|1 1 0 1(2,3)|1 1 0 0(2,2)|1 1 0 1(2,3)|1 1 0 1(2,3)|1 0 1 0(2,2)|1 1 0 1(2,3)|1 0 1 1(2,3)|0 1 1 1(2,3)|1 1 0 1(2,3)|fitness = 0.1562313040351684|td = 42.15819672131148|tp = 175.09635891061072|valid
10 solution:
1 1 0 0(2,2)|1 1 0 0(2,2)|0 1 0 1(1,2)|1 1 0 1(2,3)|1 1 0 1(2,3)|1 1 0 1(2,3)|1 1 0 1(2,3)|1 1 0 1(2,3)|1 1 0 0(2,2)|1 0 1 1(2,3)|1 1 0 0(2,2)|1 0 0 1(1,2)|fitness = 0.15487914234504474|td = 44.71639344262295|tp = 173.2954338832214|valid
11 solution:
1 1 0 0(2,2)|1 1 0 1(2,3)|1 1 0 0(2,2)|1 1 0 0(2,2)|1 1 0 1(2,3)|1 1 0 0(2,2)|1 1 0 1(2,3)|0 1 1 1(2,3)|1 1 0 1(2,3)|1 0 1 1(2,3)|1 1 0 1(2,3)|1 1 0 1(2,3)|fitness = 0.15844120484167729|td = 42.74180327868853|tp = 173.56268424327737|valid
12 solution:
1 1 0 0(2,2)|1 0 0 1(1,2)|1 0 1 0(2,2)|1 1 0 1(2,3)|1 0 1 1(2,3)|1 1 0 0(2,2)|1 1 0 1(2,3)|1 0 0 1(1,2)|1 1 0 1(2,3)|1 0 1 1(2,3)|1 1 0 1(2,3)|1 1 0 0(2,2)|fitness = 0.1521536801803379|td = 49.779508196721316|tp = 173.56268424327737|valid
13 solution:
1 1 0 0(2,2)|1 1 0 1(2,3)|1 1 0 0(2,2)|1 1 0 0(2,2)|1 1 0 0(2,2)|1 1 0 1(2,3)|0 1 1 1(2,3)|1 1 0 1(2,3)|1 1 0 1(2,3)|1 0 1 1(2,3)|1 1 0 1(2,3)|1 1 0 1(2,3)|fitness = 0.15844120484167729|td = 47.349180327868844|tp = 175.09635891061072|valid
14 solution:
1 1 0 0(2,2)|1 1 0 1(2,3)|1 1 0 1(2,3)|1 1 0 1(2,3)|1 1 0 0(2,2)|0 1 0 1(1,2)|1 0 1 1(2,3)|0 1 1 1(2,3)|1 1 0 1(2,3)|1 0 1 0(2,2)|0 1 0 0(1,1)|1 1 0 1(2,3)|fitness = 0.1485680739513734|td = 33.72868852459017|tp = 178.17219710902359|valid
15 solution:
1 1 0 0(2,2)|1 1 0 1(2,3)|1 1 0 0(2,2)|0 1 1 1(2,3)|1 1 0 0(2,2)|1 0 0 1(1,2)|1 1 0 1(2,3)|1 1 0 1(2,3)|1 1 0 1(2,3)|1 1 0 1(2,3)|1 1 0 0(2,2)|0 1 1 1(2,3)|fitness = 0.15569244319667597|td = 41.5516393442623|tp = 168.01282565794935|valid
16 solution:
1 1 0 1(2,3)|1 1 0 0(2,2)|0 1 1 1(2,3)|1 1 0 0(2,2)|1 1 0 1(2,3)|1 1 0 1(2,3)|0 1 1 1(2,3)|1 0 1 1(2,3)|1 1 0 1(2,3)|1 1 0 0(2,2)|1 0 1 0(2,2)|0 1 1 1(2,3)|fitness = 0.1527919227075293|td = 37.12131147540984|tp = 179.1370992651553|valid
17 solution:
1 1 0 1(2,3)|1 1 0 0(2,2)|1 1 0 0(2,2)|1 1 0 1(2,3)|0 1 1 1(2,3)|0 1 1 1(2,3)|1 0 1 1(2,3)|1 1 0 1(2,3)|1 1 0 0(2,2)|1 1 0 1(2,3)|1 1 0 0(2,2)|1 1 0 1(2,3)|fitness = 0.1567215141778577|td = 42.57786885245901|tp = 174.55711100507887|valid
18 solution:
1 0 1 1(2,3)|1 1 0 1(2,3)|1 1 0 1(2,3)|1 0 1 1(2,3)|1 1 0 0(2,2)|1 0 1 1(2,3)|1 1 0 1(2,3)|1 1 0 0(2,2)|1 1 0 0(2,2)|1 1 0 0(2,2)|1 1 0 0(2,2)|1 1 0 0(2,2)|fitness = 0.15264586359163762|td = 49.779508196721316|tp = 177.3633843953804|valid
19 solution:
1 1 0 1(2,3)|1 1 0 0(2,2)|1 0 1 0(2,2)|1 0 0 1(1,2)|1 1 0 1(2,3)|1 1 0 0(2,2)|1 0 1 1(2,3)|0 1 1 1(2,3)|0 1 1 1(2,3)|1 1 0 0(2,2)|1 0 0 1(1,2)|1 0 0 1(1,2)|fitness = 0.14768522787151703|td = 41.11393442622951|tp = 179.1370992651553|valid
20 solution:
1 1 0 1(2,3)|1 1 0 0(2,2)|1 1 0 0(2,2)|1 1 0 1(2,3)|1 1 0 1(2,3)|1 1 0 1(2,3)|1 1 0 0(2,2)|1 1 0 1(2,3)|1 1 0 0(2,2)|1 1 0 1(2,3)|1 1 0 0(2,2)|1 1 0 1(2,3)|fitness = 0.1588961612527583|td = 49.779508196721316|tp = 174.55711100507887|valid
21 solution:
1 1 0 0(2,2)|1 1 0 0(2,2)|1 0 0 1(1,2)|1 0 0 1(1,2)|1 1 0 1(2,3)|1 1 0 0(2,2)|0 1 1 1(2,3)|1 0 1 1(2,3)|1 1 0 1(2,3)|1 1 0 1(2,3)|1 1 0 0(2,2)|1 0 1 1(2,3)|fitness = 0.15264389032302714|td = 47.349180327868844|tp = 177.87542214329784|valid
22 solution:
1 1 0 0(2,2)|1 0 1 0(2,2)|0 1 0 0(1,1)|1 1 0 1(2,3)|1 0 1 1(2,3)|1 1 0 1(2,3)|0 1 1 0(2,2)|1 1 0 1(2,3)|1 1 0 1(2,3)|1 1 0 1(2,3)|1 0 1 1(2,3)|1 1 0 1(2,3)|fitness = 0.14892821341741033|td = 42.28606557377049|tp = 169.94154967909623|valid
23 solution:
1 1 0 0(2,2)|1 1 0 1(2,3)|1 1 0 1(2,3)|1 1 0 1(2,3)|0 1 0 1(1,2)|1 1 0 0(2,2)|0 1 1 1(2,3)|1 1 0 1(2,3)|1 1 0 1(2,3)|1 1 0 0(2,2)|1 1 0 0(2,2)|1 0 1 1(2,3)|fitness = 0.15543491351450248|td = 41.53934426229508|tp = 177.87542214329784|valid
24 solution:
1 1 0 1(2,3)|1 1 0 0(2,2)|0 1 1 1(2,3)|0 1 0 1(1,2)|1 1 0 1(2,3)|1 1 0 1(2,3)|1 1 0 1(2,3)|1 1 0 1(2,3)|1 1 0 0(2,2)|1 1 0 0(2,2)|1 1 0 0(2,2)|1 0 0 1(1,2)|fitness = 0.15440584253332074|td = 41.65327868852459|tp = 174.55711100507887|valid
25 solution:
1 1 0 1(2,3)|1 1 0 0(2,2)|1 0 1 0(2,2)|1 0 0 1(1,2)|1 1 0 1(2,3)|1 1 0 0(2,2)|1 1 0 1(2,3)|1 1 0 1(2,3)|1 1 0 0(2,2)|0 1 1 1(2,3)|1 1 0 1(2,3)|1 1 0 0(2,2)|fitness = 0.15269110794915258|td = 47.473770491803286|tp = 178.09192146208753|valid
26 solution:
1 0 1 0(2,2)|1 1 0 0(2,2)|1 0 1 0(2,2)|1 1 0 1(2,3)|1 1 0 0(2,2)|1 0 1 1(2,3)|1 1 0 1(2,3)|1 1 0 1(2,3)|1 1 0 1(2,3)|1 1 0 1(2,3)|1 1 0 1(2,3)|1 1 0 1(2,3)|fitness = 0.15574109389247914|td = 49.779508196721316|tp = 169.94154967909623|valid
27 solution:
1 1 0 1(2,3)|0 1 1 1(2,3)|1 1 0 0(2,2)|1 1 0 1(2,3)|1 1 0 0(2,2)|1 1 0 0(2,2)|1 0 1 1(2,3)|1 1 0 1(2,3)|1 1 0 0(2,2)|1 0 1 1(2,3)|1 1 0 0(2,2)|0 1 0 1(1,2)|fitness = 0.15167739755757287|td = 41.2155737704918|tp = 177.3633843953804|valid
28 solution:
1 1 0 0(2,2)|1 0 1 1(2,3)|0 1 0 0(1,1)|1 1 0 0(2,2)|1 0 1 1(2,3)|1 1 0 1(2,3)|1 1 0 1(2,3)|1 1 0 0(2,2)|1 1 0 1(2,3)|1 1 0 1(2,3)|1 1 0 1(2,3)|1 1 0 1(2,3)|fitness = 0.15425756589678105|td = 44.71639344262295|tp = 175.09635891061072|valid
29 solution:
1 1 0 0(2,2)|1 1 0 1(2,3)|1 1 0 0(2,2)|1 0 1 1(2,3)|1 1 0 1(2,3)|1 1 0 1(2,3)|1 1 0 1(2,3)|0 1 1 1(2,3)|1 1 0 0(2,2)|1 0 0 1(1,2)|1 1 0 1(2,3)|1 1 0 0(2,2)|fitness = 0.1561657430084|td = 42.74180327868853|tp = 173.56268424327737|valid
30 solution:
1 0 1 1(2,3)|1 1 0 0(2,2)|1 1 0 0(2,2)|1 1 0 1(2,3)|1 1 0 1(2,3)|1 1 0 1(2,3)|1 1 0 1(2,3)|1 0 1 1(2,3)|1 0 1 1(2,3)|1 1 0 0(2,2)|1 1 0 1(2,3)|1 1 0 0(2,2)|fitness = 0.15766811380130577|td = 49.779508196721316|tp = 179.1370992651553|valid
The final result:
fmax = 0.16016089550549686
fmin = 0.14768522787151703
fmean = 0.15461632621843124
standard std = 0.0031421065210228056
-1 solution:
1 1 0 1(2,3)|1 1 0 0(2,2)|1 1 0 0(2,2)|1 1 0 1(2,3)|1 1 0 1(2,3)|1 1 0 1(2,3)|1 0 1 1(2,3)|1 1 0 1(2,3)|1 1 0 1(2,3)|1 1 0 0(2,2)|1 1 0 1(2,3)|1 1 0 0(2,2)|fitness = 0.16016089550549686|td = 49.779508196721316|tp = 179.1370992651553|valid
