1 solution:
2 3|1 2|2 3|2 3|3 3|2 2|1 1|2 2|1 2|2 3|2 3|2 3|2 2|2 1|2 4|1 2|2 1|1 1|2 3|3 2|1 3|1 3|2 2|2 3|fitness = 10.347212991961774|time = 114.2231652920133|true
2 solution:
1 2|2 2|1 2|2 1|3 3|2 3|2 3|2 1|1 2|2 1|1 1|2 1|1 2|2 1|3 2|2 3|1 3|1 2|1 3|2 3|1 1|1 3|1 4|1 2|fitness = 10.389749150331003|time = 94.093898114489|true
3 solution:
2 2|1 3|1 2|2 3|3 3|1 2|1 4|2 3|2 2|2 3|1 2|1 2|1 3|2 1|1 1|2 4|1 1|3 2|1 2|2 2|2 1|2 4|2 3|1 2|fitness = 10.312552754421512|time = 111.99640960542483|true
4 solution:
2 2|2 1|2 3|2 1|3 3|2 3|1 2|2 1|1 2|2 2|2 1|1 2|2 3|3 2|2 3|1 2|1 3|1 1|1 1|2 1|1 1|1 2|1 1|2 2|fitness = 10.418628367102412|time = 101.07453248210147|true
5 solution:
1 3|2 3|1 4|2 4|2 2|1 3|1 2|2 1|2 2|2 1|1 2|1 2|1 3|3 2|1 2|1 4|1 1|3 4|1 3|2 1|3 2|1 2|1 1|2 1|fitness = 10.315877131256265|time = 108.71697708219179|true
6 solution:
2 2|3 2|1 1|2 3|3 3|2 2|1 4|2 2|1 3|2 2|1 2|2 3|2 3|3 2|1 1|2 1|3 3|1 4|1 2|2 1|2 3|2 3|1 1|2 1|fitness = 10.35025229399747|time = 89.62402527122887|true
7 solution:
1 2|1 2|2 2|1 3|2 1|2 3|2 3|2 1|1 3|1 3|1 3|1 2|1 3|2 1|1 1|1 2|1 3|2 3|1 4|3 4|1 3|2 3|1 1|2 4|fitness = 10.360274012854678|time = 119.93730565213998|true
8 solution:
1 2|1 2|2 3|2 3|3 3|1 1|2 3|2 3|1 2|2 2|1 2|2 3|1 2|3 2|1 4|1 1|1 3|1 1|1 3|3 2|1 1|1 2|1 2|1 2|fitness = 10.442324345057061|time = 118.62103821089764|true
9 solution:
2 2|1 2|1 2|1 2|1 1|1 2|1 2|3 2|2 1|2 1|1 2|2 3|2 3|1 2|1 1|1 3|1 3|1 1|1 3|1 1|3 3|1 2|1 1|2 1|fitness = 10.364964413642484|time = 114.2386520403087|true
10 solution:
3 2|1 2|2 1|2 3|3 2|1 2|1 2|3 2|1 3|1 2|2 3|2 2|2 3|3 2|1 3|3 2|1 1|1 1|1 0|2 1|3 3|1 1|1 2|1 2|fitness = 10.349009871152465|time = 119.66011408577155|true
11 solution:
1 3|1 2|2 3|2 3|1 1|2 3|2 3|3 2|2 3|1 2|2 2|1 3|2 3|2 1|1 1|1 2|1 1|1 2|1 3|2 1|1 2|2 2|2 2|2 0|fitness = 10.348555763053023|time = 97.22112394675706|true
12 solution:
1 2|1 2|2 2|2 3|1 2|2 3|1 2|2 1|2 3|1 2|1 3|1 2|1 2|3 2|1 1|1 2|1 1|1 2|1 3|2 1|1 1|1 1|1 1|2 3|fitness = 10.498928583256726|time = 103.2598602163142|true
13 solution:
1 3|1 3|2 2|2 3|3 3|2 2|2 3|1 3|1 3|2 1|2 3|2 3|1 2|3 2|1 2|2 0|1 1|1 2|1 3|2 1|1 1|1 1|1 4|1 2|fitness = 10.378509292629605|time = 105.73056318355096|true
14 solution:
1 2|2 3|1 4|2 2|3 3|2 3|2 2|1 2|1 3|2 1|1 2|2 3|2 1|2 1|1 2|1 1|1 3|1 1|1 1|2 1|2 3|2 2|1 1|1 1|fitness = 10.37944560827383|time = 97.93146835585183|true
15 solution:
1 2|1 2|2 0|2 2|2 1|1 2|2 2|2 1|1 2|2 1|1 2|2 1|2 3|3 3|2 3|1 2|1 1|1 1|1 3|3 2|1 1|1 2|1 2|1 1|fitness = 10.425746797371238|time = 110.15975598971455|true
16 solution:
1 2|1 2|2 3|1 2|3 3|2 3|2 2|2 1|1 1|1 2|1 1|2 3|2 3|3 2|1 1|1 2|2 2|1 1|1 2|2 3|2 4|1 2|2 1|2 3|fitness = 10.383271689391181|time = 95.0467690942572|true
17 solution:
1 2|1 2|1 2|3 2|2 2|2 3|1 4|2 1|1 3|2 3|1 2|1 2|2 3|2 1|2 3|1 2|1 1|1 0|1 1|2 3|3 2|2 3|2 3|1 2|fitness = 10.343781145819417|time = 98.13457863599605|true
18 solution:
1 2|1 2|2 3|2 1|3 3|2 4|2 2|2 2|1 2|2 1|2 1|1 2|2 3|3 2|1 3|2 3|2 1|1 1|1 2|2 1|1 1|1 2|1 2|2 3|fitness = 10.433449514285488|time = 115.29753470238037|true
19 solution:
1 2|2 3|1 2|2 0|2 1|2 2|1 2|2 1|1 2|2 1|1 3|2 3|2 2|2 2|2 2|1 1|1 1|1 1|1 2|3 2|1 1|2 3|1 4|1 1|fitness = 10.356837901673199|time = 119.84034250140841|true
20 solution:
2 4|1 3|1 3|2 0|2 3|1 2|2 3|3 2|1 4|2 3|1 2|2 3|2 3|2 3|2 2|2 3|1 3|3 2|1 4|2 1|1 3|2 2|1 1|2 2|fitness = 10.155608635752353|time = 111.48584453955287|true
21 solution:
1 2|1 2|1 2|1 2|1 2|2 3|2 3|2 4|1 3|2 1|1 1|2 2|2 3|3 3|1 2|2 4|1 2|3 2|1 3|2 1|1 1|1 1|1 2|2 3|fitness = 10.347613767435252|time = 96.02065422252309|true
22 solution:
2 3|2 4|2 3|2 1|1 3|1 2|1 2|2 1|1 2|2 1|1 2|1 2|1 2|3 2|1 2|1 3|3 2|2 1|1 3|3 2|1 3|1 3|2 3|1 1|fitness = 10.390352376265568|time = 111.70604959034243|true
23 solution:
2 3|1 2|2 4|2 2|3 3|2 4|1 2|2 2|1 3|1 2|1 1|2 2|2 3|2 3|2 3|3 2|1 1|1 1|1 3|2 2|1 1|1 2|1 1|1 2|fitness = 10.367975022099845|time = 98.31979872363532|true
24 solution:
3 2|2 3|2 3|1 2|2 1|2 2|2 3|2 1|1 2|1 1|1 2|2 3|2 3|2 3|1 1|1 1|1 1|1 1|1 3|2 1|1 3|1 3|1 1|1 2|fitness = 10.428206358654732|time = 115.21287737098015|true
25 solution:
1 2|1 2|2 2|2 3|1 2|1 3|1 2|2 1|1 1|2 1|1 2|2 3|2 2|3 2|1 4|2 4|2 3|1 4|1 3|3 2|1 2|1 3|1 3|2 1|fitness = 10.35205417660003|time = 110.0161563620429|true
26 solution:
1 2|1 2|2 3|2 1|3 3|1 3|2 3|2 4|1 2|1 2|1 2|1 2|1 2|1 2|2 1|2 4|1 2|1 2|1 3|3 2|1 3|1 1|1 1|1 1|fitness = 10.39168519414502|time = 105.51364341191343|true
27 solution:
1 3|1 2|1 2|2 2|3 2|2 3|1 4|2 2|2 3|1 2|1 2|1 2|2 2|2 1|1 1|3 2|2 1|1 3|2 3|2 1|2 3|1 2|1 4|1 1|fitness = 10.38536940658273|time = 111.16721626071882|true
28 solution:
1 3|2 4|2 3|1 3|2 3|2 3|1 2|2 4|1 2|2 1|1 2|2 2|2 3|3 2|1 1|1 4|1 1|1 1|1 2|2 1|1 1|1 1|2 3|2 4|fitness = 10.343005005517172|time = 73.39723847544192|true
29 solution:
1 2|1 2|1 2|2 1|3 3|2 4|1 2|2 1|1 2|1 3|1 2|1 2|1 3|3 2|1 4|2 3|1 3|1 1|1 2|2 3|2 3|3 2|2 0|1 3|fitness = 10.370530776180699|time = 115.60441512197697|true
30 solution:
1 2|1 3|1 2|1 2|3 2|2 1|1 4|2 2|1 3|1 2|1 2|1 2|1 2|3 3|1 2|2 4|1 2|1 1|1 1|2 1|2 2|1 4|1 3|1 1|fitness = 10.349000510841156|time = 116.8858964599672|true
The final result:
fmax = 10.498928583256726
fmin = 10.155608635752353
fmean = 10.369359095253515
standard std = 0.056798642558847534
runtime = 0–° ±,0∑÷,13√Î,82∫¡√Î
-1 solution:
1 2|1 2|2 2|2 3|1 2|2 3|1 2|2 1|2 3|1 2|1 3|1 2|1 2|3 2|1 1|1 2|1 1|1 2|1 3|2 1|1 1|1 1|1 1|2 3|fitness = 10.498928583256726|time = 103.2598602163142|true
