1 solution:
1 1 0 1 0(3,3)|1 1 0 1 1(3,4)|1 1 0 0 1(2,3)|0 1 1 1 1(3,4)|1 1 1 0 1(3,4)|1 0 1 1 1(3,4)|1 0 1 1 1(3,4)|0 1 1 1 0(3,3)|1 0 1 1 1(3,4)|0 1 1 1 1(3,4)|0 0 1 1 0(2,2)|1 1 0 1 1(3,4)|fitness = 0.19485783201760457|td = 23.74826388888889|tp = 215.4582767517405|valid
2 solution:
1 1 1 0 1(3,4)|1 0 0 1 1(2,3)|1 0 1 1 0(3,3)|1 0 0 1 0(2,2)|0 1 0 1 1(2,3)|1 1 0 1 1(3,4)|0 1 0 1 1(2,3)|1 0 0 1 1(2,3)|0 1 1 1 0(3,3)|1 1 1 0 1(3,4)|1 0 1 1 0(3,3)|0 1 1 0 1(2,3)|fitness = 0.19363032380175899|td = 18.32365591397849|tp = 164.88816092846525|valid
3 solution:
1 1 0 1 1(3,4)|1 0 1 1 0(3,3)|1 1 0 1 1(3,4)|1 0 0 1 1(2,3)|0 1 1 1 0(3,3)|0 1 1 1 0(3,3)|1 1 1 0 1(3,4)|1 1 0 1 0(3,3)|1 1 1 0 1(3,4)|0 0 1 1 1(2,3)|0 1 0 1 1(2,3)|1 1 1 0 0(3,3)|fitness = 0.1948144931847132|td = 22.09090909090909|tp = 125.60671010497825|valid
4 solution:
1 1 1 0 0(3,3)|1 0 1 1 0(3,3)|1 0 1 1 0(3,3)|1 1 0 1 1(3,4)|1 1 0 1 0(3,3)|0 1 1 1 1(3,4)|0 1 1 1 0(3,3)|0 1 1 1 0(3,3)|0 1 1 0 0(2,2)|0 1 1 1 0(3,3)|1 0 1 1 0(3,3)|1 1 1 0 0(3,3)|fitness = 0.19380523797053018|td = 27.885416666666664|tp = 0.0|valid
5 solution:
0 1 1 1 1(3,4)|1 1 0 1 1(3,4)|0 1 1 0 1(2,3)|1 0 1 1 1(3,4)|1 1 0 0 1(2,3)|1 0 1 1 1(3,4)|1 1 1 0 1(3,4)|0 0 1 1 1(2,3)|1 1 0 1 1(3,4)|0 1 0 1 1(2,3)|1 0 1 1 0(3,3)|0 0 0 1 1(1,2)|fitness = 0.19333272939162127|td = 22.368055555555554|tp = 222.65719506076957|valid
6 solution:
0 1 0 1 0(2,2)|0 1 1 1 1(3,4)|0 1 0 1 1(2,3)|1 0 1 1 0(3,3)|0 1 0 1 1(2,3)|1 1 0 1 1(3,4)|1 0 1 1 1(3,4)|1 0 0 1 0(2,2)|0 1 0 1 0(2,2)|1 1 0 0 1(2,3)|1 1 1 0 1(3,4)|0 1 0 1 0(2,2)|fitness = 0.19310879475535853|td = 20.60474308300395|tp = 158.93502186391325|valid
7 solution:
1 1 0 1 1(3,4)|1 0 1 1 1(3,4)|1 1 0 1 0(3,3)|1 0 1 1 0(3,3)|1 0 0 1 1(2,3)|1 0 1 1 1(3,4)|1 1 0 0 0(2,2)|1 1 1 0 0(3,3)|1 1 0 1 0(3,3)|1 1 0 1 1(3,4)|1 1 1 0 1(3,4)|1 1 0 1 1(3,4)|fitness = 0.19421957043344626|td = 22.11790878754171|tp = 176.6463829354334|valid
8 solution:
1 1 0 1 1(3,4)|0 1 0 1 1(2,3)|1 1 0 1 0(3,3)|1 0 0 1 0(2,2)|1 1 0 0 1(2,3)|1 0 0 1 0(2,2)|1 0 1 1 1(3,4)|1 1 1 0 1(3,4)|1 1 0 1 0(3,3)|0 1 1 1 0(3,3)|1 1 1 0 0(3,3)|1 1 1 0 1(3,4)|fitness = 0.19344876321802162|td = 20.098998887652947|tp = 136.17768438860327|valid
9 solution:
1 0 1 1 0(3,3)|0 1 0 1 0(2,2)|1 0 1 1 0(3,3)|1 1 0 1 0(3,3)|1 1 1 0 0(3,3)|0 1 1 1 0(3,3)|0 1 1 1 0(3,3)|0 1 1 1 0(3,3)|0 0 1 1 1(2,3)|1 1 1 0 1(3,4)|1 0 1 1 1(3,4)|0 1 1 1 1(3,4)|fitness = 0.19467088331403226|td = 29.19965277777778|tp = 88.07046311810805|valid
10 solution:
0 1 0 1 1(2,3)|0 0 1 1 0(2,2)|0 1 1 1 1(3,4)|1 0 1 0 1(2,3)|1 0 1 1 1(3,4)|1 0 0 1 1(2,3)|1 0 0 1 1(2,3)|1 1 0 1 0(3,3)|1 1 0 1 1(3,4)|1 0 1 1 1(3,4)|1 1 1 0 1(3,4)|1 1 0 1 1(3,4)|fitness = 0.19399894375712093|td = 17.21075268817204|tp = 225.94158452881663|valid
11 solution:
1 0 1 0 1(2,3)|1 0 1 1 0(3,3)|0 1 1 1 0(3,3)|0 1 0 1 1(2,3)|1 0 1 1 0(3,3)|0 1 0 1 1(2,3)|1 0 1 1 0(3,3)|0 1 1 1 0(3,3)|1 0 1 1 1(3,4)|1 0 1 1 1(3,4)|0 1 1 1 1(3,4)|0 1 1 1 1(3,4)|fitness = 0.19472065574704991|td = 27.895833333333332|tp = 151.50218901777797|valid
12 solution:
1 0 1 1 0(3,3)|1 0 0 1 0(2,2)|1 1 0 1 1(3,4)|1 1 1 0 0(3,3)|0 0 1 1 0(2,2)|1 1 1 0 0(3,3)|1 1 0 1 1(3,4)|0 1 1 1 0(3,3)|1 0 1 1 0(3,3)|0 1 0 1 0(2,2)|1 1 1 0 0(3,3)|0 0 1 1 1(2,3)|fitness = 0.19286959416739205|td = 25.958333333333332|tp = 55.39073183298578|valid
13 solution:
1 1 0 0 1(2,3)|1 0 1 1 1(3,4)|0 1 1 1 1(3,4)|1 0 1 1 0(3,3)|1 0 1 1 1(3,4)|0 1 0 1 0(2,2)|1 0 1 1 0(3,3)|0 1 1 1 1(3,4)|0 1 1 1 0(3,3)|1 1 1 0 1(3,4)|1 0 1 1 0(3,3)|1 1 0 1 1(3,4)|fitness = 0.19474872431983475|td = 25.31076388888889|tp = 154.9700455122394|valid
14 solution:
1 0 1 1 1(3,4)|1 0 1 1 0(3,3)|1 0 0 1 0(2,2)|1 0 1 1 0(3,3)|1 0 0 1 1(2,3)|1 1 1 0 0(3,3)|0 1 1 0 0(2,2)|1 0 0 1 1(2,3)|0 1 1 1 0(3,3)|1 1 0 1 0(3,3)|1 1 1 0 1(3,4)|0 1 0 1 1(2,3)|fitness = 0.1928412817119386|td = 23.07465277777778|tp = 80.7869525556175|valid
15 solution:
1 0 1 1 0(3,3)|0 1 1 1 0(3,3)|0 1 1 1 1(3,4)|0 1 0 1 0(2,2)|1 1 0 1 0(3,3)|0 1 1 0 1(2,3)|0 1 1 1 1(3,4)|1 1 0 1 1(3,4)|0 1 1 1 1(3,4)|1 1 0 1 0(3,3)|0 0 1 1 1(2,3)|0 1 1 1 0(3,3)|fitness = 0.194778666881685|td = 25.230902777777775|tp = 131.7575447389971|valid
16 solution:
1 0 1 1 0(3,3)|0 1 0 1 0(2,2)|1 0 1 0 1(2,3)|1 1 1 0 1(3,4)|0 1 1 1 1(3,4)|1 0 1 1 1(3,4)|1 1 1 0 1(3,4)|0 1 1 1 0(3,3)|0 1 0 1 0(2,2)|0 1 1 1 0(3,3)|1 0 1 1 1(3,4)|0 1 1 1 1(3,4)|fitness = 0.19415179945884545|td = 28.383680555555554|tp = 151.25016221280168|valid
17 solution:
0 1 0 1 1(2,3)|1 1 1 0 0(3,3)|0 1 1 1 0(3,3)|0 1 0 1 1(2,3)|1 1 1 0 1(3,4)|1 0 1 1 1(3,4)|1 1 0 1 0(3,3)|0 0 1 1 1(2,3)|1 0 1 1 1(3,4)|1 1 0 1 0(3,3)|1 1 1 0 1(3,4)|0 1 1 1 0(3,3)|fitness = 0.19492980491459497|td = 26.32986111111111|tp = 140.68226218226405|valid
18 solution:
1 0 1 1 1(3,4)|1 0 1 1 1(3,4)|0 0 1 1 1(2,3)|1 1 0 0 1(2,3)|0 1 1 1 0(3,3)|0 1 1 1 1(3,4)|1 0 0 1 0(2,2)|0 1 0 1 1(2,3)|1 0 1 1 1(3,4)|1 1 0 1 1(3,4)|0 1 0 1 1(2,3)|1 0 1 1 0(3,3)|fitness = 0.19428486273405288|td = 22.588541666666664|tp = 220.96053091194662|valid
19 solution:
0 1 1 1 1(3,4)|0 1 0 1 1(2,3)|1 1 0 1 0(3,3)|0 1 1 1 0(3,3)|0 1 0 1 1(2,3)|0 0 1 1 0(2,2)|1 0 1 0 1(2,3)|1 0 1 0 1(2,3)|1 1 0 1 1(3,4)|0 1 1 1 1(3,4)|0 1 0 1 1(2,3)|1 1 0 1 1(3,4)|fitness = 0.19341571502240973|td = 19.00790513833992|tp = 216.02634177276656|valid
20 solution:
0 1 0 1 0(2,2)|0 1 1 1 0(3,3)|1 0 1 1 1(3,4)|0 1 1 1 1(3,4)|1 1 0 1 1(3,4)|1 0 1 0 1(2,3)|1 1 1 0 0(3,3)|1 0 1 1 0(3,3)|0 1 1 1 0(3,3)|1 0 0 1 1(2,3)|1 0 0 1 1(2,3)|1 1 0 0 1(2,3)|fitness = 0.19330061211501637|td = 20.73784722222222|tp = 162.47143813693663|valid
21 solution:
1 1 0 1 0(3,3)|1 1 1 0 0(3,3)|1 1 0 1 0(3,3)|1 0 1 1 0(3,3)|0 1 0 1 1(2,3)|0 1 0 1 1(2,3)|0 1 1 0 1(2,3)|1 0 1 1 1(3,4)|0 0 1 1 1(2,3)|1 1 1 0 1(3,4)|1 1 1 0 0(3,3)|1 1 0 1 1(3,4)|fitness = 0.1940913815714159|td = 20.20158102766798|tp = 147.9657727447546|valid
22 solution:
0 0 1 1 1(2,3)|1 0 1 1 0(3,3)|1 0 0 1 1(2,3)|0 1 1 0 1(2,3)|0 1 1 1 1(3,4)|1 1 0 0 1(2,3)|0 1 1 1 0(3,3)|1 1 0 1 1(3,4)|1 1 0 1 0(3,3)|0 0 1 1 1(2,3)|0 1 1 1 1(3,4)|1 1 0 1 0(3,3)|fitness = 0.1940141324219954|td = 20.098958333333336|tp = 164.43727602411934|valid
23 solution:
1 1 0 1 0(3,3)|1 0 1 0 1(2,3)|1 1 1 0 0(3,3)|0 1 1 0 1(2,3)|0 1 0 1 0(2,2)|1 0 1 1 0(3,3)|0 1 0 1 1(2,3)|0 0 1 1 1(2,3)|0 1 1 1 0(3,3)|1 0 1 1 1(3,4)|0 0 1 1 1(2,3)|0 1 1 1 1(3,4)|fitness = 0.1930945081580434|td = 24.305555555555554|tp = 143.46119495109383|valid
24 solution:
0 1 1 1 0(3,3)|1 0 1 1 1(3,4)|1 0 1 1 0(3,3)|1 0 1 0 1(2,3)|1 1 0 1 0(3,3)|1 1 0 1 1(3,4)|1 1 0 1 0(3,3)|1 1 0 1 1(3,4)|1 1 1 0 0(3,3)|0 1 0 1 1(2,3)|1 1 0 0 1(2,3)|1 0 1 1 1(3,4)|fitness = 0.1941007785430387|td = 19.948832035595103|tp = 167.97369229714275|valid
25 solution:
1 0 0 1 0(2,2)|1 1 0 1 0(3,3)|1 0 0 1 0(2,2)|1 1 0 1 0(3,3)|1 0 1 1 1(3,4)|1 1 0 1 1(3,4)|1 1 0 0 1(2,3)|0 1 1 1 1(3,4)|1 1 0 1 1(3,4)|1 1 0 1 0(3,3)|1 0 1 1 0(3,3)|1 1 0 1 0(3,3)|fitness = 0.19413600795409144|td = 20.47497219132369|tp = 74.24053741166908|valid
26 solution:
0 1 0 1 0(2,2)|1 1 1 0 1(3,4)|0 1 0 1 1(2,3)|1 1 1 0 1(3,4)|0 1 1 1 0(3,3)|1 1 0 1 0(3,3)|0 1 1 1 1(3,4)|1 0 0 1 0(2,2)|1 1 0 1 0(3,3)|1 1 0 1 1(3,4)|1 0 1 1 1(3,4)|1 0 1 1 0(3,3)|fitness = 0.1946021391686508|td = 19.681159420289855|tp = 134.90359443871733|valid
27 solution:
0 1 0 1 0(2,2)|0 1 1 0 1(2,3)|1 1 1 0 0(3,3)|1 0 1 1 1(3,4)|0 1 1 1 1(3,4)|0 1 1 1 0(3,3)|1 1 1 0 0(3,3)|0 0 1 1 0(2,2)|1 0 0 1 1(2,3)|1 0 1 1 0(3,3)|1 1 1 0 0(3,3)|0 1 0 1 0(2,2)|fitness = 0.1925662910463012|td = 26.598958333333332|tp = 45.71707856690309|valid
28 solution:
1 1 0 1 1(3,4)|1 0 1 1 0(3,3)|1 1 1 0 0(3,3)|0 1 1 1 1(3,4)|1 0 1 1 1(3,4)|1 0 0 1 1(2,3)|0 1 0 1 0(2,2)|1 0 1 1 1(3,4)|0 1 1 1 0(3,3)|1 0 1 1 1(3,4)|0 1 1 1 0(3,3)|1 0 1 0 1(2,3)|fitness = 0.1942725307209614|td = 24.31597222222222|tp = 164.43727602411934|valid
29 solution:
0 0 1 1 0(2,2)|0 1 1 1 1(3,4)|1 0 1 1 1(3,4)|0 1 0 1 0(2,2)|1 1 0 1 1(3,4)|0 1 1 0 1(2,3)|1 1 0 1 0(3,3)|0 1 0 1 1(2,3)|1 0 1 1 0(3,3)|1 0 1 1 1(3,4)|1 0 0 1 1(2,3)|1 1 0 1 1(3,4)|fitness = 0.19401427746947475|td = 18.67741935483871|tp = 176.6463829354334|valid
30 solution:
0 1 1 1 1(3,4)|0 1 0 1 0(2,2)|0 1 1 1 1(3,4)|0 1 1 1 1(3,4)|1 0 1 1 0(3,3)|0 1 1 1 1(3,4)|0 0 1 1 1(2,3)|0 0 1 1 1(2,3)|1 1 0 1 0(3,3)|1 0 1 1 0(3,3)|1 1 0 1 0(3,3)|1 1 1 0 1(3,4)|fitness = 0.19498689398632185|td = 23.911458333333332|tp = 132.20842964334298|valid
The final result:
fmax = 0.19498689398632185
fmin = 0.1925662910463012
fmean = 0.19399360766524404
standard std = 6.958970116008471E-4
-1 solution:
0 1 1 1 1(3,4)|0 1 0 1 0(2,2)|0 1 1 1 1(3,4)|0 1 1 1 1(3,4)|1 0 1 1 0(3,3)|0 1 1 1 1(3,4)|0 0 1 1 1(2,3)|0 0 1 1 1(2,3)|1 1 0 1 0(3,3)|1 0 1 1 0(3,3)|1 1 0 1 0(3,3)|1 1 1 0 1(3,4)|fitness = 0.19498689398632185|td = 23.911458333333332|tp = 132.20842964334298|valid
