1 solution:
2 2|2 4|2 3|2 2|3 3|2 2|2 2|2 2|1 2|2 2|2 3|2 1|2 2|2 1|2 3|2 4|3 3|3 2|2 3|3 2|3 3|2 2|2 1|2 3|fitness = 10.241072779259085|time = 114.947587450199|true
2 solution:
2 1|2 3|1 4|2 3|1 2|2 2|1 2|2 3|2 3|2 3|1 3|2 3|2 4|2 4|2 4|1 4|1 2|1 3|1 3|3 2|3 2|1 2|2 2|1 1|fitness = 10.15236515354175|time = 95.71298652579861|true
3 solution:
2 3|1 3|1 4|3 3|3 2|2 2|1 2|2 3|2 3|3 2|2 2|2 3|1 2|3 2|3 4|1 2|2 3|2 1|1 3|1 3|3 4|2 3|3 3|1 2|fitness = 10.099967859013189|time = 114.00861915780624|true
4 solution:
2 4|2 3|2 2|1 2|2 3|2 1|3 4|2 2|1 2|2 2|1 3|2 4|2 3|2 2|2 2|3 2|3 2|2 3|1 2|2 1|1 3|1 3|2 3|1 3|fitness = 10.121620542388785|time = 109.98042718446942|true
5 solution:
2 2|1 3|2 3|1 2|3 3|2 4|1 2|2 2|1 2|2 3|2 3|2 1|2 1|3 2|2 3|1 3|2 1|1 3|2 3|3 4|2 4|1 2|2 3|3 2|fitness = 10.194317964719042|time = 105.16352498117023|true
6 solution:
2 4|3 2|2 2|3 2|3 2|2 3|2 1|2 3|2 3|2 3|2 1|2 1|2 3|3 2|1 2|2 2|1 3|2 3|2 2|2 1|2 3|1 2|1 4|2 3|fitness = 10.203226454788625|time = 107.73046488078863|true
7 solution:
3 2|2 2|2 3|2 2|3 3|2 2|2 1|2 2|2 2|3 2|2 3|1 2|2 2|2 3|2 3|3 4|3 3|2 2|1 2|2 3|1 3|2 3|2 4|2 4|fitness = 10.182401407773973|time = 115.85614285162632|true
8 solution:
1 2|1 2|1 1|1 2|3 2|2 3|2 2|2 3|2 3|2 3|2 3|2 3|2 3|1 2|2 3|2 1|1 4|1 1|2 2|2 1|1 3|2 2|3 4|2 3|fitness = 10.258235522960009|time = 119.16904137960312|true
9 solution:
2 2|2 3|2 3|2 4|2 3|2 3|2 2|2 3|2 3|1 2|1 2|3 2|2 3|3 2|1 1|3 4|3 3|1 1|1 2|2 1|3 2|2 4|3 3|1 2|fitness = 10.233226481322058|time = 109.73744864621958|true
10 solution:
2 3|2 3|1 2|3 4|3 3|1 3|1 2|2 2|2 3|2 3|2 3|2 3|2 2|3 2|1 2|1 2|2 2|2 1|1 3|2 3|2 3|1 2|3 2|1 1|fitness = 10.248108703984284|time = 117.91260953095714|true
11 solution:
1 3|2 2|2 2|2 4|3 2|2 3|2 3|2 1|2 3|3 2|2 3|2 3|2 3|2 1|2 3|3 2|3 3|1 1|2 4|3 2|3 2|2 1|2 3|1 4|fitness = 10.263481262103126|time = 102.58077018829378|true
12 solution:
3 3|2 3|2 2|2 3|2 1|2 1|2 3|3 2|1 2|2 3|2 3|2 1|2 3|2 1|1 1|2 3|1 3|1 4|2 3|3 2|1 3|2 2|1 1|1 3|fitness = 10.23784002437106|time = 117.4354482692484|true
13 solution:
2 2|1 2|2 3|1 2|2 1|2 3|2 3|2 4|1 2|2 3|2 4|2 3|2 3|3 2|2 3|2 3|3 2|2 3|1 2|2 2|1 2|3 3|2 1|2 4|fitness = 10.242285363361356|time = 103.52119611770503|true
14 solution:
3 2|1 2|2 1|2 3|2 1|2 3|2 2|3 3|1 2|1 3|1 1|2 2|2 3|2 1|2 3|2 3|3 3|1 3|2 3|2 1|3 2|3 3|1 1|1 1|fitness = 10.208653692337817|time = 118.4239418288329|true
15 solution:
3 2|1 2|2 3|3 2|3 2|2 3|3 2|2 1|2 3|2 3|3 3|2 3|2 2|3 2|2 4|3 2|3 2|2 3|1 3|2 4|3 2|2 3|1 2|2 3|fitness = 10.204562814436873|time = 118.60094619094312|true
16 solution:
2 3|2 3|2 3|1 2|2 1|1 2|2 2|3 3|2 4|2 1|2 3|2 2|1 2|3 3|2 3|2 1|1 3|1 2|2 2|3 2|3 3|1 2|2 3|2 1|fitness = 10.18761811565881|time = 111.5725103853437|true
17 solution:
1 2|2 2|2 3|2 1|3 2|2 3|1 2|2 1|2 2|2 2|2 3|2 3|2 3|3 2|2 3|2 0|3 2|1 1|2 3|2 2|3 2|1 1|2 3|2 3|fitness = 10.312452795662459|time = 110.087397602294|true
18 solution:
2 3|2 3|1 2|3 2|3 2|2 1|3 2|2 2|1 3|2 4|2 3|2 3|2 3|3 2|2 2|2 2|1 1|2 3|3 3|2 2|3 3|2 3|2 1|3 4|fitness = 10.145933849153948|time = 117.14042173069151|true
19 solution:
1 4|2 3|1 2|1 2|2 3|2 3|2 3|2 3|2 2|3 3|2 2|2 3|3 2|2 2|1 2|1 3|2 3|2 1|1 3|3 2|2 3|3 2|2 4|1 4|fitness = 10.094013772828307|time = 116.43710757773445|true
20 solution:
1 3|2 1|2 3|3 2|2 1|2 3|2 2|2 3|2 2|3 2|2 3|2 1|2 3|2 1|2 3|3 2|2 3|3 2|1 2|1 2|1 2|1 2|3 4|2 1|fitness = 10.190620711258353|time = 105.63683060349022|true
21 solution:
1 3|1 2|1 2|2 4|3 3|2 4|2 3|2 3|1 3|3 2|1 3|1 2|1 3|3 2|2 1|2 4|1 2|1 1|3 2|3 2|3 3|2 3|1 2|1 2|fitness = 10.321745942856683|time = 107.1229500958465|true
22 solution:
2 3|2 2|2 2|2 1|1 3|1 3|2 3|3 2|2 3|1 2|2 2|2 3|1 2|2 2|2 3|2 2|3 4|2 3|2 3|2 4|1 2|3 3|1 1|1 2|fitness = 10.129812870557325|time = 116.11999419444881|true
23 solution:
1 2|2 3|2 3|2 2|2 1|2 4|2 3|3 2|2 4|2 1|3 2|2 2|2 2|3 2|1 1|2 4|1 1|2 1|2 2|3 2|3 3|1 3|2 2|1 1|fitness = 10.243739778004832|time = 100.55962213983365|true
24 solution:
2 3|2 2|2 2|2 4|2 3|2 3|1 1|3 4|1 3|3 2|2 2|2 3|2 4|3 3|1 1|1 3|3 3|2 3|1 2|2 1|3 3|1 3|1 1|2 1|fitness = 10.14657386507759|time = 118.2107903603755|true
25 solution:
1 2|1 1|2 3|2 3|3 3|1 2|2 4|2 2|2 3|2 3|2 3|2 4|2 1|3 2|2 4|2 2|2 3|1 1|1 2|2 1|3 3|2 3|2 3|2 2|fitness = 10.250590796614986|time = 105.30421154277153|true
26 solution:
2 3|1 2|3 2|2 2|3 3|2 3|2 3|2 2|2 3|2 2|2 3|2 3|2 1|3 2|1 4|3 4|2 3|3 2|1 2|3 4|2 3|2 3|2 3|1 4|fitness = 10.196509382230575|time = 119.0174238940893|true
27 solution:
1 2|2 3|2 2|3 3|3 3|2 2|2 4|3 2|2 3|2 3|2 1|2 3|3 3|2 1|2 3|3 2|1 2|3 2|1 3|3 2|2 2|2 3|2 2|2 2|fitness = 10.198063027498135|time = 115.78674890097236|true
28 solution:
1 2|1 1|2 3|3 2|3 3|2 1|1 2|3 2|1 3|2 3|2 3|2 3|2 3|3 2|1 1|2 4|1 3|3 2|1 4|2 1|3 2|2 3|1 3|2 3|fitness = 10.322852498153406|time = 117.07925847318617|true
29 solution:
1 2|2 4|1 4|2 3|3 2|2 4|2 3|2 2|1 3|2 1|1 2|1 2|2 3|2 3|2 3|1 2|3 3|1 3|2 2|2 3|1 3|1 2|1 2|1 2|fitness = 10.315170285835432|time = 112.15827695304465|true
30 solution:
2 4|1 3|2 3|2 1|2 3|2 2|2 3|3 2|2 4|1 3|2 2|2 3|3 2|3 2|2 1|1 2|3 3|3 3|1 3|3 2|1 3|1 2|2 2|2 1|fitness = 10.208244515131108|time = 107.45085112754927|true
The final result:
fmax = 10.322852498153406
fmin = 10.094013772828307
fmean = 10.211843607762768
standard std = 0.06241260139827568
-1 solution:
1 2|1 1|2 3|3 2|3 3|2 1|1 2|3 2|1 3|2 3|2 3|2 3|2 3|3 2|1 1|2 4|1 3|3 2|1 4|2 1|3 2|2 3|1 3|2 3|fitness = 10.322852498153406|time = 117.07925847318617|true
