1 solution:
2 2|2 2|2 3|2 3|3 3|1 2|2 3|2 1|3 2|2 3|2 3|2 3|3 2|3 3|2 2|3 2|2 1|3 3|1 3|2 4|2 3|2 2|2 1|2 1|fitness = 10.192896227987417|time = 115.81234661214151|true
2 solution:
2 2|2 2|2 2|2 3|3 3|2 2|2 3|2 2|2 3|3 3|2 2|2 3|2 2|3 2|2 4|2 3|2 3|2 3|2 4|2 2|1 3|1 3|2 1|1 1|fitness = 10.212818111237585|time = 106.210858336545|true
3 solution:
3 2|2 3|1 2|3 2|1 3|2 1|2 2|2 1|1 3|2 3|3 3|2 3|2 2|3 2|1 1|1 2|1 3|3 2|1 3|2 2|1 3|1 2|2 3|3 2|fitness = 10.301616329111654|time = 113.7774820321748|true
4 solution:
1 3|2 2|2 3|2 4|3 2|2 3|2 3|2 3|2 4|2 3|1 3|2 3|2 3|1 2|3 2|2 4|1 1|2 1|3 3|2 3|2 1|1 4|3 2|2 2|fitness = 10.104973908869866|time = 114.29019708277865|true
5 solution:
3 2|2 3|2 3|2 3|3 2|2 2|2 3|2 4|1 2|1 2|2 3|2 2|2 2|2 3|2 4|1 2|2 1|1 3|1 3|3 3|2 4|2 2|3 2|2 3|fitness = 10.143695854322543|time = 115.47394208703525|true
6 solution:
2 2|2 2|2 4|3 2|2 1|3 2|2 2|2 2|3 3|3 3|1 2|2 3|1 3|2 1|3 2|2 3|2 3|2 3|2 3|3 2|3 3|2 1|3 3|3 2|fitness = 10.005811686931102|time = 108.07834891890722|true
7 solution:
1 2|1 3|2 3|2 2|3 3|2 3|2 3|2 1|2 3|2 3|2 3|2 2|2 2|3 2|2 2|2 4|1 1|1 2|3 2|3 2|3 4|3 3|2 3|3 2|fitness = 10.231587102937315|time = 113.32144311610914|true
8 solution:
2 3|2 1|2 3|3 4|3 3|2 3|2 3|2 3|2 3|2 2|1 2|1 2|1 2|3 3|2 2|3 2|1 1|3 2|1 2|2 3|2 1|2 3|2 2|3 2|fitness = 10.199832921220114|time = 119.75877066594855|true
9 solution:
2 3|1 2|2 4|2 2|2 2|2 2|2 2|2 3|2 4|2 3|2 3|2 3|2 2|2 1|2 3|1 2|3 3|3 3|2 3|1 2|2 3|1 2|1 3|2 1|fitness = 10.214369790935994|time = 107.97647147622597|true
10 solution:
2 3|1 2|2 4|2 3|3 2|2 1|2 2|2 2|1 2|1 2|2 3|2 3|2 2|3 2|2 1|1 3|3 3|1 3|1 3|3 2|1 4|2 3|2 3|3 3|fitness = 10.268446834513696|time = 103.19149276762374|true
11 solution:
3 2|2 2|1 4|2 3|3 3|2 3|2 2|2 3|1 3|2 1|2 3|1 2|1 3|3 2|2 2|1 3|1 2|3 3|2 2|2 1|1 1|2 3|2 2|2 1|fitness = 10.311498712660288|time = 114.63859942639822|true
12 solution:
2 4|2 3|2 3|2 1|3 2|2 3|2 3|2 4|2 2|2 3|2 3|1 2|3 2|3 2|2 3|2 3|1 2|1 1|1 3|3 2|1 2|3 3|3 2|2 4|fitness = 10.231309465821164|time = 112.8730928521494|true
13 solution:
2 3|2 3|2 2|3 2|3 3|2 3|2 2|2 3|2 3|2 3|2 3|3 2|2 4|2 1|2 4|2 2|2 3|1 3|2 3|3 2|3 2|2 2|2 2|2 2|fitness = 10.172714373768974|time = 119.1099764491837|true
14 solution:
2 3|1 2|2 3|2 2|1 2|2 3|2 3|2 1|1 2|1 2|2 3|2 3|2 3|3 2|2 3|3 2|1 3|3 2|1 4|2 4|2 3|3 3|1 1|2 4|fitness = 10.31793000020802|time = 119.33380880687177|true
15 solution:
2 1|2 4|1 2|2 3|3 2|2 2|2 1|2 2|2 3|2 2|1 2|3 2|2 2|2 1|2 3|3 2|1 2|3 2|1 1|1 2|2 3|2 3|2 4|2 0|fitness = 10.161701234562134|time = 118.26432968133544|true
16 solution:
1 2|1 3|2 2|1 2|2 3|2 3|2 2|2 3|2 1|2 1|2 1|2 2|2 3|3 3|1 2|1 2|2 1|1 2|3 3|2 1|2 3|1 2|2 3|2 4|fitness = 10.235850768157269|time = 116.87483722094098|true
17 solution:
1 2|2 3|2 3|2 4|2 3|2 2|2 3|3 2|2 3|1 1|2 3|2 3|3 2|3 3|1 1|1 2|1 3|2 1|1 2|3 2|2 1|2 1|1 2|1 2|fitness = 10.260049352637477|time = 102.17888898211136|true
18 solution:
1 3|1 2|2 2|2 3|3 3|2 3|2 3|2 1|1 3|2 4|1 2|2 3|2 2|3 3|1 2|1 2|3 3|1 1|2 1|3 4|3 2|1 3|1 1|1 4|fitness = 10.302252595199068|time = 103.82975895010979|true
19 solution:
3 3|2 4|2 2|2 3|3 3|2 2|2 2|2 1|2 3|2 3|1 2|2 3|2 3|3 2|2 3|2 3|3 2|1 1|3 3|2 1|1 2|3 3|2 3|3 2|fitness = 10.23305020299185|time = 116.03836087947039|true
20 solution:
1 2|1 2|2 2|2 2|3 2|2 3|2 3|2 2|2 3|2 1|2 3|2 2|2 3|1 2|2 3|2 3|2 3|2 3|1 4|2 1|2 1|1 3|1 1|2 4|fitness = 10.336429919951955|time = 112.74407410511645|true
21 solution:
2 3|1 2|2 3|2 2|3 2|2 4|2 3|3 2|2 4|2 1|1 3|2 3|2 3|3 2|1 3|2 3|1 3|3 2|3 3|3 1|1 3|3 2|1 2|2 1|fitness = 10.217154613966215|time = 111.56070723753511|true
22 solution:
2 3|2 3|2 4|2 4|3 2|2 3|2 3|2 2|1 3|2 1|2 3|2 2|2 3|3 2|2 1|3 2|1 3|1 2|1 1|2 1|1 2|2 2|2 3|2 1|fitness = 10.356307026052184|time = 94.07791820828348|true
23 solution:
2 2|2 3|2 2|2 1|3 3|2 3|2 3|2 1|1 2|2 3|3 3|2 2|2 2|2 1|3 2|3 2|3 2|1 3|2 3|3 2|3 3|2 1|1 2|2 1|fitness = 10.237915283882202|time = 102.51525019696697|true
24 solution:
2 3|2 3|1 3|3 2|2 1|2 2|2 4|2 2|1 2|2 4|2 3|2 3|1 2|2 2|2 2|2 3|3 2|2 1|1 3|2 3|1 3|2 2|2 4|2 3|fitness = 10.211755554535467|time = 112.405523601087|true
25 solution:
2 2|2 3|2 3|1 3|2 2|2 1|2 2|2 4|2 3|2 2|2 3|2 2|2 2|3 2|2 2|2 2|2 3|1 0|3 2|3 2|1 4|1 3|2 3|1 2|fitness = 10.097732733753935|time = 118.78322335259743|true
26 solution:
1 2|2 1|2 3|2 3|1 2|2 3|1 2|3 2|1 4|2 3|1 3|2 4|1 2|3 2|3 3|2 1|3 3|2 1|1 1|3 2|2 3|2 2|2 3|2 3|fitness = 10.14399241750161|time = 106.08905512993377|true
27 solution:
2 3|1 2|1 3|1 2|3 2|1 2|1 2|2 3|1 3|2 3|1 3|2 1|3 2|2 3|1 4|2 3|2 3|3 4|1 4|3 2|1 3|2 2|3 2|2 3|fitness = 10.233548736725211|time = 118.27013823273963|true
28 solution:
2 1|1 2|2 3|2 2|2 3|2 3|1 2|2 3|2 1|2 1|2 3|2 3|2 3|2 3|2 1|2 3|3 3|3 2|1 2|3 2|2 1|2 4|2 4|2 4|fitness = 10.18205581672656|time = 110.36986385503555|true
29 solution:
2 3|1 2|2 2|2 2|3 3|2 3|2 3|2 1|2 3|2 2|3 2|1 2|2 3|3 3|1 1|2 4|3 3|2 3|3 2|2 4|1 3|2 4|2 1|3 2|fitness = 10.220559804456546|time = 114.79038477071303|true
30 solution:
2 3|2 2|2 3|2 2|3 2|2 3|2 4|3 2|2 3|2 3|2 3|2 3|1 2|3 3|1 1|3 2|2 2|3 2|1 3|3 2|1 2|1 2|2 3|1 4|fitness = 10.301462435767249|time = 118.18783426260582|true
The final result:
fmax = 10.356307026052184
fmin = 10.005811686931102
fmean = 10.221377327246422
standard std = 0.07640068420645517
-1 solution:
2 3|2 3|2 4|2 4|3 2|2 3|2 3|2 2|1 3|2 1|2 3|2 2|2 3|3 2|2 1|3 2|1 3|1 2|1 1|2 1|1 2|2 2|2 3|2 1|fitness = 10.356307026052184|time = 94.07791820828348|true
