1 solution:
1 2|1 3|2 1|1 2|3 3|1 2|2 2|2 1|1 3|2 4|2 2|1 2|1 3|1 2|2 4|1 2|1 2|1 1|2 3|2 1|1 3|1 1|3 4|1 2|fitness = 10.308407554179087|time = 93.5732753919955|true
2 solution:
2 2|1 2|1 2|1 2|3 2|1 2|1 1|2 2|3 2|2 3|2 3|1 2|2 3|2 1|1 4|2 4|2 1|2 1|1 4|2 3|3 3|2 1|2 1|1 1|fitness = 10.231731454142276|time = 97.63820825690958|true
3 solution:
1 3|2 3|1 4|2 4|3 2|1 2|2 4|2 2|1 2|2 2|1 3|2 4|2 2|2 1|1 3|1 2|3 3|3 3|1 1|2 2|3 3|1 1|2 3|2 4|fitness = 10.221810850810131|time = 86.64531285762816|true
4 solution:
1 2|1 2|1 2|2 1|3 3|2 3|2 4|1 1|1 2|1 2|1 2|3 4|2 3|2 1|1 1|2 2|1 1|1 4|2 3|2 1|2 1|2 2|2 3|1 1|fitness = 10.267098886464089|time = 93.75170981438319|true
5 solution:
1 2|2 4|2 4|2 2|1 2|1 1|2 2|2 1|1 3|2 2|1 2|2 2|2 2|3 2|2 3|2 1|3 3|3 3|2 3|2 1|2 1|1 1|1 3|2 3|fitness = 10.256463342211607|time = 85.04628272960855|true
6 solution:
2 3|1 2|1 2|1 4|1 3|2 4|2 4|2 1|2 2|2 3|2 2|1 2|2 2|2 3|1 1|2 1|1 2|1 1|1 4|2 0|1 3|2 2|1 1|1 3|fitness = 10.225916260568342|time = 94.04999314272317|true
7 solution:
1 2|1 2|1 4|2 3|2 1|2 2|1 3|2 1|2 3|2 3|2 3|2 3|1 2|1 3|1 3|2 2|1 1|1 4|1 1|2 2|2 2|2 2|3 4|1 1|fitness = 10.249288370119507|time = 89.76208323147512|true
8 solution:
2 2|1 2|2 2|1 3|3 3|2 4|2 2|3 3|2 3|2 3|1 3|2 3|1 3|1 2|2 4|2 3|1 1|2 3|2 4|2 1|3 2|1 1|1 4|1 1|fitness = 10.159984417750456|time = 96.471928135672|true
9 solution:
1 2|1 3|1 3|1 2|2 4|1 2|1 2|1 2|1 3|2 2|1 2|1 2|1 3|3 1|1 4|2 3|1 3|1 2|2 1|2 1|2 2|2 3|3 3|1 1|fitness = 10.203137154071605|time = 95.2139536637214|true
10 solution:
2 2|2 3|2 4|1 3|1 1|1 2|2 0|2 1|1 3|2 3|1 3|1 2|2 1|2 1|2 3|1 2|1 2|2 1|1 3|2 0|2 2|2 1|2 1|2 3|fitness = 10.198308289772944|time = 91.51429283036548|true
11 solution:
1 2|1 3|1 4|2 3|2 3|2 4|2 2|2 1|1 2|2 2|1 2|1 2|1 2|2 1|1 1|1 3|3 3|1 4|2 3|2 3|1 3|1 2|2 4|2 3|fitness = 10.337821791955454|time = 96.4315482533018|true
12 solution:
1 2|3 2|2 3|2 3|2 2|2 2|2 2|2 1|1 3|2 3|1 3|2 3|2 3|3 2|2 2|2 0|1 1|1 4|1 1|2 3|3 2|1 1|2 4|3 3|fitness = 10.20592811729143|time = 93.74167021546099|true
13 solution:
2 4|1 2|2 3|2 1|3 2|1 2|2 1|2 3|1 3|2 4|1 1|2 3|2 1|3 2|2 1|2 4|1 3|1 1|1 2|1 2|2 3|2 3|1 4|1 1|fitness = 10.244474395831967|time = 87.42969209481662|true
14 solution:
2 3|1 3|1 2|2 2|1 1|2 3|2 3|2 3|1 3|2 3|1 2|2 2|2 2|2 1|1 1|2 1|2 1|1 1|2 1|2 4|1 2|2 2|1 1|2 2|fitness = 10.284416140960511|time = 92.07287246717674|true
15 solution:
2 2|2 2|2 3|1 1|3 2|1 2|1 2|2 2|1 4|1 2|2 3|2 3|1 2|1 2|2 3|2 1|3 3|1 3|1 3|2 1|2 3|1 4|2 1|1 4|fitness = 10.240295149326958|time = 96.94294316266155|true
16 solution:
1 2|2 2|1 2|2 1|1 3|2 3|1 2|2 3|1 1|3 2|2 2|2 3|2 4|1 3|2 4|1 2|2 3|1 1|1 2|1 2|1 1|1 2|1 1|1 1|fitness = 10.257068446705755|time = 98.45914331265321|true
17 solution:
1 3|1 3|1 2|1 3|1 3|2 1|2 1|2 4|1 1|1 1|1 3|1 2|2 2|3 2|1 2|1 2|3 3|1 1|1 3|3 2|2 3|2 1|2 2|1 1|fitness = 10.260593332879864|time = 85.52188721998556|true
18 solution:
1 2|2 3|1 2|1 1|1 2|1 2|2 3|2 1|1 3|1 2|3 2|1 2|2 3|1 2|2 1|1 3|3 3|2 1|1 3|1 2|2 0|1 1|1 2|2 3|fitness = 10.254555048802034|time = 94.16695437174305|true
19 solution:
2 2|2 3|2 3|2 1|3 3|2 4|1 2|3 2|2 3|2 1|2 3|2 1|2 3|1 3|1 4|1 4|3 3|1 1|3 2|2 1|3 2|2 2|1 1|1 2|fitness = 10.23100757335245|time = 97.45033438076707|true
20 solution:
2 2|2 3|2 3|1 1|3 2|2 3|1 2|2 1|2 1|2 1|2 3|2 2|1 2|3 2|2 1|1 2|2 3|2 3|2 3|3 2|1 3|2 1|1 1|2 0|fitness = 10.287200826675345|time = 99.1842034646072|true
21 solution:
1 3|2 1|2 3|2 1|3 3|2 2|1 2|1 2|1 2|3 3|2 1|2 1|2 4|1 3|2 3|1 4|1 1|2 3|3 2|3 2|1 1|2 3|1 3|1 4|fitness = 10.136918993224752|time = 92.90247370220112|true
22 solution:
2 4|2 4|1 3|2 1|1 1|2 2|1 0|1 1|1 2|2 3|1 3|1 2|1 3|1 3|1 2|2 3|2 3|3 2|1 2|3 2|1 3|2 1|2 1|2 2|fitness = 10.130826153886387|time = 97.48144125356627|true
23 solution:
2 2|2 1|1 3|2 2|1 2|1 2|2 2|2 2|1 1|2 1|1 3|1 3|2 1|2 3|1 1|1 2|1 2|3 3|1 3|2 1|3 3|2 2|1 1|1 3|fitness = 10.22048542160362|time = 98.50561771024073|true
24 solution:
1 2|2 2|2 3|1 3|1 1|2 2|2 2|1 1|1 3|2 1|1 3|2 3|2 2|2 3|1 1|1 1|1 1|1 3|1 4|2 2|1 2|2 2|1 1|2 4|fitness = 10.303255915686217|time = 90.69664724175014|true
25 solution:
1 2|1 3|2 3|1 2|2 1|1 3|1 1|2 1|1 2|2 2|2 3|1 3|2 2|3 2|1 1|2 4|3 2|3 2|1 3|2 1|1 2|1 3|2 4|1 4|fitness = 10.358758607717277|time = 88.94664226193476|true
26 solution:
1 3|2 3|1 1|1 1|3 3|1 4|2 3|2 1|1 3|1 3|1 3|2 4|1 2|2 3|2 1|2 2|1 1|1 1|1 2|2 2|1 3|1 2|1 4|1 2|fitness = 10.291031091100917|time = 95.7597966250517|true
27 solution:
1 2|1 2|1 4|1 3|3 3|2 3|1 1|2 2|1 3|2 4|1 2|2 1|2 4|2 1|1 1|2 4|3 3|2 3|1 2|1 1|2 2|2 3|1 3|3 2|fitness = 10.249973619011245|time = 87.60901224567846|true
28 solution:
2 3|2 3|2 1|2 1|2 2|2 3|3 2|3 2|2 3|2 2|2 2|2 2|1 2|2 1|1 1|2 1|1 1|1 0|1 1|1 2|1 2|1 3|1 1|2 3|fitness = 10.209847785467689|time = 91.85143332593071|true
29 solution:
1 2|1 2|2 4|3 4|1 3|2 4|2 0|2 1|2 3|3 2|2 3|2 1|2 3|2 3|2 4|1 2|1 2|1 1|1 4|2 1|2 1|2 3|1 2|1 2|fitness = 10.195358198458111|time = 83.46831234186128|true
30 solution:
1 3|1 3|2 1|1 2|2 2|1 2|2 1|3 3|1 3|1 2|1 2|1 2|1 2|3 2|1 3|2 2|2 1|1 3|1 3|1 1|2 1|2 4|1 1|2 4|fitness = 10.225066665039186|time = 84.90233304883567|true
The final result:
fmax = 10.358758607717277
fmin = 10.130826153886387
fmean = 10.241567661835575
standard std = 0.052065164713289244
-1 solution:
1 2|1 3|2 3|1 2|2 1|1 3|1 1|2 1|1 2|2 2|2 3|1 3|2 2|3 2|1 1|2 4|3 2|3 2|1 3|2 1|1 2|1 3|2 4|1 4|fitness = 10.358758607717277|time = 88.94664226193476|true
