1 solution:
0 1 0 0(1,1)|0 1 0 0(1,1)|1 0 0 0(1,1)|0 1 0 0(1,1)|1 0 1 1(2,3)|1 0 1 1(2,3)|1 0 0 1(1,2)|1 0 1 1(2,3)|1 1 0 1(2,3)|1 1 0 1(2,3)|1 1 0 1(2,3)|1 1 0 1(2,3)|fitness = 0.13791475949221035|td = 38.45245901639344|tp = 169.6447747133705|valid
2 solution:
1 0 0 0(1,1)|0 1 0 0(1,1)|0 1 0 0(1,1)|0 1 0 0(1,1)|1 0 1 1(2,3)|1 0 1 1(2,3)|1 0 0 1(1,2)|1 0 1 1(2,3)|1 1 0 1(2,3)|1 1 0 1(2,3)|1 1 0 1(2,3)|1 1 0 1(2,3)|fitness = 0.13791475949221035|td = 38.25409836065574|tp = 169.6447747133705|valid
3 solution:
1 0 0 0(1,1)|1 0 0 0(1,1)|0 1 0 0(1,1)|0 1 0 0(1,1)|1 0 1 1(2,3)|1 0 1 1(2,3)|1 0 0 1(1,2)|1 0 1 1(2,3)|1 1 0 1(2,3)|1 0 1 1(2,3)|1 1 0 1(2,3)|1 1 0 1(2,3)|fitness = 0.13781823119077768|td = 41.65327868852459|tp = 169.6447747133705|valid
4 solution:
0 0 1 0(1,1)|0 0 1 1(1,2)|0 0 1 1(1,2)|0 1 1 1(2,3)|1 1 0 1(2,3)|1 1 0 1(2,3)|1 1 0 1(2,3)|1 1 0 1(2,3)|1 1 0 0(2,2)|1 1 0 0(2,2)|1 1 0 0(2,2)|1 1 0 1(2,3)|fitness = 0.14113491699355663|td = 33.38934426229508|tp = 173.2954338832214|valid
5 solution:
0 0 1 1(1,2)|0 0 1 0(1,1)|0 0 1 1(1,2)|0 1 1 1(2,3)|1 1 0 1(2,3)|1 1 0 1(2,3)|1 0 1 1(2,3)|1 1 0 1(2,3)|1 1 0 0(2,2)|1 1 0 0(2,2)|1 1 0 0(2,2)|1 1 0 1(2,3)|fitness = 0.13988852614146108|td = 33.38934426229508|tp = 174.55711100507887|valid
6 solution:
0 0 1 1(1,2)|0 0 1 1(1,2)|0 1 0 0(1,1)|0 1 1 1(2,3)|0 1 0 0(1,1)|1 1 0 1(2,3)|1 1 0 1(2,3)|1 1 0 1(2,3)|1 0 1 1(2,3)|1 1 0 0(2,2)|1 0 1 0(2,2)|1 1 0 1(2,3)|fitness = 0.13674771423944007|td = 27.579508196721314|tp = 179.43387423088103|valid
7 solution:
0 1 0 0(1,1)|1 0 0 0(1,1)|1 0 0 0(1,1)|0 1 0 0(1,1)|1 0 1 1(2,3)|1 0 1 1(2,3)|1 0 0 1(1,2)|1 0 1 1(2,3)|1 1 0 1(2,3)|1 0 1 1(2,3)|1 1 0 1(2,3)|1 1 0 1(2,3)|fitness = 0.13781823119077768|td = 41.851639344262296|tp = 169.6447747133705|valid
8 solution:
0 0 1 1(1,2)|1 1 0 0(2,2)|0 1 1 1(2,3)|1 1 0 0(2,2)|1 0 1 1(2,3)|0 1 0 1(1,2)|1 0 0 0(1,1)|0 1 1 1(2,3)|1 1 0 0(2,2)|0 1 1 1(2,3)|1 0 1 0(2,2)|1 1 0 0(2,2)|fitness = 0.1361714488234849|td = 29.116393442622954|tp = 163.26465682123603|valid
9 solution:
0 0 1 1(1,2)|0 0 1 1(1,2)|0 0 1 0(1,1)|0 1 1 1(2,3)|1 1 0 1(2,3)|1 1 0 1(2,3)|1 0 1 1(2,3)|1 1 0 1(2,3)|1 1 0 0(2,2)|1 1 0 0(2,2)|1 1 0 0(2,2)|1 1 0 1(2,3)|fitness = 0.13988852614146108|td = 33.38934426229508|tp = 174.55711100507887|valid
10 solution:
1 0 0 1(1,2)|0 1 1 0(2,2)|0 1 1 1(2,3)|1 0 0 1(1,2)|1 1 0 1(2,3)|1 1 0 1(2,3)|1 1 0 1(2,3)|1 1 0 0(2,2)|0 1 1 0(2,2)|1 0 1 0(2,2)|1 1 0 0(2,2)|0 1 0 1(1,2)|fitness = 0.14117045144297674|td = 34.52459016393443|tp = 174.55711100507887|valid
11 solution:
1 1 0 1(2,3)|1 0 1 1(2,3)|1 0 1 1(2,3)|1 1 0 1(2,3)|0 1 0 0(1,1)|0 1 1 0(2,2)|0 1 1 1(2,3)|1 0 1 0(2,2)|1 0 1 0(2,2)|1 1 0 0(2,2)|1 1 0 0(2,2)|1 1 0 1(2,3)|fitness = 0.13997637173741376|td = 40.147540983606554|tp = 177.3633843953804|valid
12 solution:
0 0 1 1(1,2)|1 1 0 0(2,2)|0 1 1 1(2,3)|1 1 0 0(2,2)|1 0 1 1(2,3)|0 1 0 1(1,2)|1 0 0 0(1,1)|0 1 1 1(2,3)|1 1 0 0(2,2)|0 1 1 1(2,3)|1 0 1 0(2,2)|1 1 0 0(2,2)|fitness = 0.1361714488234849|td = 29.116393442622954|tp = 163.26465682123603|valid
13 solution:
1 0 0 0(1,1)|1 0 0 0(1,1)|1 0 0 0(1,1)|0 1 0 1(1,2)|1 0 1 1(2,3)|1 0 1 1(2,3)|1 0 0 1(1,2)|1 0 1 1(2,3)|1 1 0 1(2,3)|1 1 0 1(2,3)|1 1 0 0(2,2)|1 0 0 1(1,2)|fitness = 0.13958967018970422|td = 46.71639344262295|tp = 163.13606243214718|valid
14 solution:
1 0 0 0(1,1)|1 0 0 0(1,1)|1 0 0 0(1,1)|0 1 0 0(1,1)|1 0 1 1(2,3)|1 0 1 1(2,3)|1 0 0 1(1,2)|1 0 1 1(2,3)|1 1 0 1(2,3)|0 1 1 1(2,3)|1 1 0 1(2,3)|1 1 0 1(2,3)|fitness = 0.1384947939297165|td = 44.410655737704914|tp = 169.6447747133705|valid
15 solution:
0 1 0 0(1,1)|1 0 0 0(1,1)|0 1 0 0(1,1)|0 1 0 0(1,1)|1 0 1 1(2,3)|1 0 1 1(2,3)|1 0 0 1(1,2)|1 0 1 1(2,3)|1 1 0 1(2,3)|1 1 0 1(2,3)|1 1 0 1(2,3)|1 1 0 1(2,3)|fitness = 0.13791475949221035|td = 36.78852459016394|tp = 169.6447747133705|valid
16 solution:
1 0 0 0(1,1)|0 1 0 0(1,1)|1 0 0 0(1,1)|0 1 0 0(1,1)|1 0 1 1(2,3)|1 0 1 1(2,3)|1 0 0 1(1,2)|1 0 1 1(2,3)|1 1 0 1(2,3)|0 1 1 1(2,3)|1 1 0 1(2,3)|1 1 0 1(2,3)|fitness = 0.13734493137905363|td = 41.01147540983606|tp = 169.6447747133705|valid
17 solution:
0 1 1 1(2,3)|1 1 0 0(2,2)|1 0 0 1(1,2)|1 1 0 1(2,3)|0 1 1 1(2,3)|0 1 0 1(1,2)|1 0 1 0(2,2)|1 1 0 1(2,3)|0 1 1 1(2,3)|0 1 0 0(1,1)|1 0 0 0(1,1)|1 0 1 1(2,3)|fitness = 0.13934615458449956|td = 33.77950819672131|tp = 179.43387423088103|valid
18 solution:
1 0 0 0(1,1)|1 0 0 0(1,1)|1 0 0 0(1,1)|0 1 0 0(1,1)|1 0 1 1(2,3)|1 0 1 1(2,3)|1 0 0 1(1,2)|1 0 1 1(2,3)|1 1 0 1(2,3)|1 0 1 1(2,3)|1 1 0 1(2,3)|1 1 0 1(2,3)|fitness = 0.1389680937414405|td = 46.71639344262295|tp = 169.6447747133705|valid
19 solution:
1 0 0 0(1,1)|1 0 0 0(1,1)|1 0 0 0(1,1)|0 1 0 0(1,1)|1 0 1 1(2,3)|1 0 1 1(2,3)|1 0 0 1(1,2)|1 0 1 1(2,3)|1 1 0 1(2,3)|1 0 1 1(2,3)|1 1 0 1(2,3)|1 1 0 1(2,3)|fitness = 0.1389680937414405|td = 46.71639344262295|tp = 169.6447747133705|valid
20 solution:
0 0 1 1(1,2)|1 1 0 0(2,2)|0 1 1 1(2,3)|1 1 0 0(2,2)|1 0 1 1(2,3)|0 1 0 1(1,2)|1 0 0 0(1,1)|0 1 1 1(2,3)|1 1 0 0(2,2)|0 1 1 1(2,3)|1 0 1 0(2,2)|1 1 0 0(2,2)|fitness = 0.1361714488234849|td = 29.116393442622954|tp = 163.26465682123603|valid
21 solution:
1 0 0 0(1,1)|0 0 1 1(1,2)|0 0 1 1(1,2)|0 1 1 1(2,3)|1 1 0 0(2,2)|1 1 0 1(2,3)|1 1 0 1(2,3)|1 1 0 0(2,2)|1 0 1 0(2,2)|1 1 0 0(2,2)|1 1 0 0(2,2)|0 1 1 1(2,3)|fitness = 0.13705896552533087|td = 33.089344262295086|tp = 167.60380948353964|valid
22 solution:
1 0 0 0(1,1)|1 0 0 0(1,1)|0 1 0 0(1,1)|0 1 0 0(1,1)|1 0 1 1(2,3)|1 0 1 1(2,3)|1 0 0 1(1,2)|1 0 1 1(2,3)|1 1 0 1(2,3)|1 0 1 1(2,3)|1 1 0 1(2,3)|1 1 0 1(2,3)|fitness = 0.13781823119077768|td = 41.65327868852459|tp = 169.6447747133705|valid
23 solution:
1 0 0 0(1,1)|0 1 0 0(1,1)|1 0 0 0(1,1)|0 1 0 0(1,1)|1 0 1 1(2,3)|1 0 1 1(2,3)|1 0 0 1(1,2)|1 0 1 1(2,3)|1 1 0 1(2,3)|1 1 0 1(2,3)|1 1 0 1(2,3)|0 1 1 1(2,3)|fitness = 0.13734493137905363|td = 38.15245901639344|tp = 169.6447747133705|valid
24 solution:
0 1 0 0(1,1)|1 0 0 0(1,1)|1 0 0 0(1,1)|0 1 0 0(1,1)|1 0 1 1(2,3)|1 0 1 1(2,3)|1 0 0 1(1,2)|1 0 1 1(2,3)|1 1 0 1(2,3)|1 0 1 1(2,3)|1 1 0 1(2,3)|1 0 1 1(2,3)|fitness = 0.13657184033868214|td = 41.851639344262296|tp = 169.6447747133705|valid
25 solution:
1 0 0 0(1,1)|0 1 0 0(1,1)|1 0 0 0(1,1)|0 1 0 0(1,1)|1 0 1 1(2,3)|1 0 1 1(2,3)|1 0 0 1(1,2)|1 0 1 1(2,3)|1 1 0 1(2,3)|1 1 0 1(2,3)|1 1 0 1(2,3)|1 1 0 1(2,3)|fitness = 0.1390646220428732|td = 43.3172131147541|tp = 169.6447747133705|valid
26 solution:
1 0 1 1(2,3)|1 0 1 0(2,2)|1 1 0 0(2,2)|1 0 1 1(2,3)|1 1 0 1(2,3)|0 1 0 1(1,2)|1 0 1 0(2,2)|1 0 0 1(1,2)|1 0 0 1(1,2)|1 1 0 0(2,2)|0 1 1 0(2,2)|1 0 0 1(1,2)|fitness = 0.13903144943568096|td = 40.76639344262295|tp = 174.55711100507887|valid
27 solution:
1 0 1 1(2,3)|1 0 0 1(1,2)|0 1 0 0(1,1)|1 1 0 1(2,3)|1 1 0 0(2,2)|1 1 0 1(2,3)|1 1 0 0(2,2)|1 1 0 1(2,3)|0 1 0 1(1,2)|0 0 1 0(1,1)|1 1 0 0(2,2)|1 0 1 1(2,3)|fitness = 0.13808172121376652|td = 40.7827868852459|tp = 179.43387423088103|valid
28 solution:
0 0 1 1(1,2)|1 1 0 0(2,2)|0 1 1 1(2,3)|1 1 0 0(2,2)|1 0 1 1(2,3)|0 1 0 1(1,2)|1 0 0 0(1,1)|0 1 1 1(2,3)|1 1 0 0(2,2)|0 1 1 1(2,3)|1 0 1 0(2,2)|1 1 0 0(2,2)|fitness = 0.1361714488234849|td = 29.116393442622954|tp = 163.26465682123603|valid
29 solution:
1 0 0 0(1,1)|1 0 0 0(1,1)|0 1 0 0(1,1)|0 1 0 0(1,1)|1 0 1 1(2,3)|1 0 1 1(2,3)|1 0 0 1(1,2)|1 0 1 1(2,3)|1 1 0 1(2,3)|1 1 0 1(2,3)|1 1 0 1(2,3)|1 1 0 1(2,3)|fitness = 0.1390646220428732|td = 41.65327868852459|tp = 169.6447747133705|valid
30 solution:
0 0 1 1(1,2)|1 1 0 0(2,2)|0 1 1 1(2,3)|1 1 0 0(2,2)|1 0 1 1(2,3)|0 1 0 1(1,2)|1 0 0 0(1,1)|0 1 1 1(2,3)|1 1 0 0(2,2)|0 1 1 1(2,3)|1 0 1 0(2,2)|1 1 0 0(2,2)|fitness = 0.1361714488234849|td = 29.116393442622954|tp = 163.26465682123603|valid
The final result:
fmax = 0.14117045144297674
fmin = 0.1361714488234849
fmean = 0.13819308708022715
standard std = 0.0014596464778676554
-1 solution:
1 0 0 1(1,2)|0 1 1 0(2,2)|0 1 1 1(2,3)|1 0 0 1(1,2)|1 1 0 1(2,3)|1 1 0 1(2,3)|1 1 0 1(2,3)|1 1 0 0(2,2)|0 1 1 0(2,2)|1 0 1 0(2,2)|1 1 0 0(2,2)|0 1 0 1(1,2)|fitness = 0.14117045144297674|td = 34.52459016393443|tp = 174.55711100507887|valid
