1 solution:
4 4|2 3|1 1|5 3|3 5|4 1|1 3|6 6|5 3|2 4|1 5|6 4|5 2|3 3|5 5|4 3|3 8|6 5|4 1|6 0|5 3|2 1|4 6|5 4|6 1|3 3|2 5|2 3|5 6|6 1|3 4|4 1|4 2|1 7|5 8|3 3|5 7|4 7|6 3|1 1|3 3|3 7|6 8|2 5|2 4|2 3|4 4|3 3|2 1|6 4|fitness = 19.81299711797434|time = 145.69327129590172|true
2 solution:
1 7|5 1|3 2|1 3|5 4|1 1|6 5|6 5|1 6|5 7|5 5|3 4|4 1|3 0|2 3|4 3|4 7|5 4|4 4|5 5|2 1|2 3|4 3|1 3|4 7|4 3|4 5|4 1|6 5|4 2|4 1|1 4|4 1|4 3|2 4|4 7|2 4|1 2|4 3|6 8|1 4|1 1|4 6|1 4|2 7|5 3|2 3|5 3|3 4|4 7|fitness = 19.920518917987888|time = 139.5076285681863|true
3 solution:
2 4|4 1|2 4|2 2|6 7|1 7|6 7|4 5|1 1|4 8|1 5|6 2|6 4|5 6|5 0|3 4|6 6|1 3|2 1|2 3|5 1|1 3|1 4|1 5|4 5|4 4|4 1|5 3|4 1|4 3|6 4|6 8|6 3|5 3|3 4|6 8|1 1|1 8|6 3|4 3|6 3|1 1|1 0|1 8|5 1|1 4|1 4|3 8|6 7|5 1|fitness = 19.91951830002966|time = 117.1787362150667|true
4 solution:
2 4|4 1|5 6|4 4|6 3|5 3|5 1|5 2|5 3|4 2|5 2|3 4|6 4|5 7|3 3|1 5|2 8|5 2|5 7|6 4|6 3|4 3|4 7|5 3|5 5|2 4|6 4|5 5|6 4|6 3|1 0|1 4|2 3|6 5|3 8|4 4|4 3|4 3|4 4|4 7|2 3|1 2|4 3|4 4|1 1|1 4|4 5|1 0|1 7|6 8|fitness = 20.038503016313346|time = 149.97175636065063|true
5 solution:
6 7|2 1|1 3|5 4|4 7|2 3|5 3|1 5|3 3|3 5|2 5|4 0|2 2|3 5|3 8|3 5|2 6|4 4|1 4|5 1|3 3|2 7|4 3|5 3|1 2|4 7|5 4|4 2|3 3|5 1|1 7|3 5|2 1|2 1|4 4|5 4|4 1|2 7|4 4|1 3|4 6|3 5|5 2|6 3|4 5|3 3|6 3|4 3|4 7|2 3|fitness = 19.858655102192877|time = 148.08980776147263|true
6 solution:
6 1|3 3|2 4|4 4|2 4|1 8|6 1|1 5|3 3|4 4|4 4|5 3|6 7|4 6|5 7|6 1|4 7|2 3|1 4|4 3|6 2|5 6|2 4|6 6|3 5|4 1|5 5|2 2|2 5|5 0|3 3|3 3|5 3|2 4|6 1|5 3|5 1|6 4|1 3|4 3|4 3|6 4|3 5|4 3|6 3|3 5|4 8|4 7|4 4|2 8|fitness = 20.032321277262717|time = 146.2530299495037|true
7 solution:
1 5|5 4|6 5|4 4|1 5|4 4|6 3|6 5|5 2|4 3|5 0|4 1|1 3|2 8|3 4|5 3|4 6|5 7|6 1|5 3|4 3|4 2|3 4|1 3|4 1|6 3|5 1|4 3|4 7|4 4|3 1|3 3|5 3|6 1|6 6|3 4|4 4|1 3|6 3|1 7|1 1|4 1|4 5|6 5|4 2|5 7|5 7|6 4|6 8|4 7|fitness = 19.895530922137514|time = 142.16379325227123|true
8 solution:
5 3|5 3|2 4|5 3|6 5|1 3|6 1|2 3|6 1|1 4|3 5|4 8|2 5|4 2|3 3|1 8|1 8|6 1|2 6|5 5|1 3|6 3|2 2|2 8|4 5|6 4|6 4|2 3|1 7|4 1|1 4|5 8|3 1|1 4|4 3|2 1|5 1|2 8|4 3|1 4|2 2|2 6|1 7|1 1|2 4|4 4|6 7|5 5|2 3|6 7|fitness = 19.804420121033928|time = 142.33504178330466|true
9 solution:
2 3|4 7|4 6|1 7|6 4|6 3|2 7|3 3|2 3|4 3|2 4|3 4|4 3|1 1|2 6|4 6|1 8|5 4|4 3|3 4|3 1|3 4|1 3|5 3|4 2|1 2|2 1|4 7|4 5|2 2|6 4|1 4|2 5|6 4|5 5|5 2|2 5|3 2|3 3|1 1|2 3|4 3|5 1|5 3|3 4|6 4|5 5|3 4|6 3|1 4|fitness = 19.865102638990876|time = 147.9670969297478|true
10 solution:
5 5|4 3|1 5|2 0|1 2|4 3|4 5|1 0|1 1|4 5|6 1|2 0|1 1|6 7|2 5|5 7|1 4|4 0|6 3|5 4|1 7|4 3|2 8|5 2|3 4|2 3|5 8|5 5|5 5|6 8|4 7|1 2|2 1|2 3|3 8|5 1|6 4|4 3|5 2|5 5|2 1|3 2|2 3|6 3|4 8|4 5|2 8|5 3|6 3|5 3|fitness = 19.629140276297147|time = 129.87119214093065|true
11 solution:
1 3|5 1|3 2|2 3|2 7|6 1|5 2|4 3|1 1|6 4|1 5|1 1|2 3|4 5|6 5|5 4|5 3|5 0|4 4|1 4|3 3|6 8|2 5|4 3|2 1|4 2|6 5|6 1|3 3|5 3|6 7|3 3|4 8|1 1|5 4|5 4|1 2|1 7|1 3|5 3|5 1|1 4|1 2|1 3|3 1|6 1|4 2|3 8|6 8|3 3|fitness = 20.087557191221553|time = 146.63809505088483|true
12 solution:
4 1|4 3|4 1|2 3|1 3|6 5|6 5|2 2|5 4|4 8|1 8|4 6|4 6|1 7|3 5|2 6|6 4|2 8|3 4|2 1|4 8|1 1|1 3|1 3|5 6|6 3|5 3|6 3|4 3|5 3|6 4|1 6|5 6|6 8|2 6|5 7|5 2|2 3|1 3|4 2|6 3|1 4|3 5|5 5|4 5|4 4|4 5|3 3|6 8|1 4|fitness = 19.80974045949278|time = 137.55821269588543|true
13 solution:
6 4|2 5|3 3|2 3|4 3|2 3|5 1|5 0|1 4|5 3|2 4|2 5|4 3|6 3|6 2|5 6|2 4|6 3|1 4|4 5|5 5|5 2|6 3|4 1|2 5|5 3|5 8|2 4|6 8|5 7|1 5|2 5|6 5|6 5|6 4|3 3|1 3|4 5|1 2|4 1|6 5|4 7|3 4|4 4|3 2|6 8|6 8|4 3|6 5|5 6|fitness = 19.937999388466654|time = 146.77145228372578|true
14 solution:
3 1|6 4|4 8|5 4|5 1|5 8|3 5|4 5|6 4|4 4|1 1|2 5|4 5|4 1|4 1|4 1|5 4|4 5|4 5|2 5|4 2|5 3|6 4|1 3|4 4|1 1|5 3|1 1|5 3|2 3|2 8|6 4|6 8|4 3|1 1|6 3|4 4|3 6|6 4|2 3|5 2|5 3|1 5|4 4|2 4|3 3|4 7|2 4|2 3|5 7|fitness = 20.189338347858644|time = 142.4740284236582|true
15 solution:
2 3|4 1|4 6|1 4|2 3|3 3|1 3|4 0|3 4|5 3|3 7|2 4|4 6|3 5|1 8|4 1|2 2|5 2|1 4|1 7|1 6|2 5|6 1|5 4|5 3|4 7|5 3|2 3|3 3|2 6|4 7|4 6|3 7|2 7|2 4|3 1|4 2|2 5|1 4|6 4|4 5|1 8|2 3|5 1|1 1|1 5|4 4|2 3|6 5|2 4|fitness = 19.822914587062726|time = 129.65534727189586|true
16 solution:
6 2|4 4|2 6|1 2|4 3|5 5|4 4|4 1|5 5|5 3|4 4|2 3|4 4|5 0|6 2|5 4|2 3|5 3|5 2|4 3|6 4|3 1|1 3|2 3|4 1|2 3|1 7|5 4|1 1|3 4|1 7|3 3|4 8|4 6|1 7|1 7|5 1|6 3|1 3|3 4|1 2|2 7|4 3|4 2|4 1|4 1|6 1|5 6|5 1|3 4|fitness = 19.940474752055994|time = 129.39380613648072|true
17 solution:
5 3|4 3|4 5|2 8|4 3|4 4|2 4|4 7|5 3|2 5|5 4|4 2|3 4|4 5|4 6|4 3|4 1|3 4|1 7|5 2|4 7|2 5|4 4|3 3|2 3|5 3|6 3|2 3|1 1|1 3|2 4|5 3|1 7|4 5|4 8|3 1|3 4|5 6|6 5|2 1|2 5|4 1|3 3|4 5|2 7|3 5|2 0|1 3|6 4|6 5|fitness = 20.277382481403013|time = 142.38067612954595|true
18 solution:
6 5|1 3|5 2|4 3|2 1|5 3|5 3|1 5|5 2|4 1|5 2|2 2|2 4|1 5|3 6|5 8|6 4|3 3|4 3|4 4|6 4|2 3|5 4|1 5|2 1|6 5|5 5|6 3|6 2|1 7|2 4|1 1|2 1|6 4|1 4|1 1|6 5|6 5|4 7|4 1|2 3|4 0|4 1|5 8|2 3|5 3|4 1|1 3|5 8|1 2|fitness = 20.01398591696375|time = 144.38765663113315|true
19 solution:
3 7|6 4|4 5|4 4|6 5|4 3|2 7|4 3|6 4|5 5|6 3|5 1|4 1|1 2|1 4|5 2|5 6|4 4|4 3|4 4|5 5|5 5|5 5|5 4|4 4|1 5|4 1|6 3|6 8|5 1|1 4|2 4|4 2|5 7|6 8|5 6|5 7|6 4|1 1|3 3|4 5|4 3|4 7|1 4|6 3|3 1|4 3|4 3|1 4|4 6|fitness = 20.32376758826862|time = 145.07921831392215|true
20 solution:
6 7|5 8|2 2|3 4|3 3|5 5|4 1|4 8|1 4|4 3|1 0|4 3|5 3|1 1|3 8|4 3|2 3|4 4|4 5|5 6|1 8|2 7|3 3|2 5|6 4|4 1|3 1|1 4|1 4|5 8|5 6|1 8|1 3|4 4|6 2|5 4|6 7|1 8|6 5|1 1|4 1|1 4|5 3|2 3|1 4|4 5|5 7|4 3|1 3|5 6|fitness = 19.98005592636275|time = 144.4239261110721|true
21 solution:
6 1|5 1|6 5|2 3|4 2|2 3|1 7|6 5|6 7|2 3|6 8|5 7|4 6|5 6|1 1|4 3|4 3|2 4|1 2|4 4|4 4|2 5|1 5|5 7|6 5|5 3|4 7|4 3|2 5|2 3|4 4|4 6|6 1|3 8|1 8|5 5|4 2|3 7|6 4|1 3|6 2|5 5|4 7|5 7|3 3|3 3|4 3|2 2|6 1|2 4|fitness = 20.015216033619165|time = 148.3316733820578|true
22 solution:
3 3|5 5|2 1|2 1|4 1|5 3|6 1|2 8|6 8|2 5|3 3|3 5|1 2|4 0|1 4|4 4|5 5|1 3|5 5|1 4|4 5|5 2|2 3|5 4|4 3|6 3|1 3|5 1|6 2|4 4|6 7|5 3|2 4|2 8|5 3|5 3|5 8|1 1|4 3|4 7|3 8|4 3|4 8|2 8|4 5|4 5|4 5|1 4|6 7|3 4|fitness = 20.019071977143675|time = 131.45433053481227|true
23 solution:
2 3|2 6|4 8|1 1|1 2|4 3|3 4|3 5|5 8|4 8|4 1|1 2|6 4|1 3|6 3|4 3|6 2|1 0|6 3|5 5|4 2|2 5|4 2|5 1|4 1|6 3|4 7|3 3|4 3|2 4|4 4|5 2|4 1|6 7|2 3|5 2|5 7|6 3|3 3|1 5|1 3|5 2|5 4|1 3|6 4|5 1|1 5|6 4|1 7|6 3|fitness = 19.926940422171008|time = 144.28004217324326|true
24 solution:
6 3|4 4|6 4|4 1|2 5|4 5|4 4|1 4|1 4|5 1|2 3|6 8|4 2|1 2|1 2|1 5|4 4|5 4|5 1|4 7|6 4|5 6|4 4|1 5|2 2|1 5|6 7|6 3|3 3|6 3|2 7|1 2|4 5|4 5|4 1|4 6|2 3|1 1|2 3|3 3|6 7|4 5|4 7|3 3|3 3|2 4|5 3|1 1|6 7|3 3|fitness = 19.99309984120917|time = 129.02387385222082|true
25 solution:
5 8|2 8|5 5|2 7|1 1|4 7|2 2|1 4|5 4|1 3|1 3|2 4|3 5|3 6|4 1|2 4|4 5|6 4|4 3|4 1|1 6|4 4|3 4|2 3|6 8|4 7|1 4|4 3|6 4|6 4|6 4|4 3|5 3|6 2|2 8|2 3|1 2|5 1|5 1|5 1|4 7|2 5|4 1|2 1|4 1|4 3|5 5|5 7|2 3|1 4|fitness = 19.826853520057163|time = 125.0748081886186|true
26 solution:
3 3|4 3|4 5|5 1|3 4|1 4|5 7|4 1|2 3|5 6|5 2|6 7|2 5|5 8|4 7|6 1|5 1|1 2|4 4|4 6|4 3|5 8|1 5|6 3|1 4|4 3|6 7|4 3|3 3|4 2|4 8|1 5|4 1|5 8|1 7|6 3|5 6|1 8|6 3|4 3|5 5|3 1|1 5|3 3|2 3|4 4|5 0|5 8|1 3|5 4|fitness = 20.345706357263392|time = 149.699118383655|true
27 solution:
3 3|6 6|2 5|2 4|5 6|4 3|3 4|5 3|4 3|2 7|1 7|6 5|2 4|5 5|5 6|2 5|4 3|6 3|5 7|6 5|3 3|5 5|5 3|2 1|4 4|6 7|4 1|3 7|5 1|5 5|5 5|4 4|4 4|4 1|2 4|4 8|4 3|3 7|4 3|2 1|3 4|3 3|1 4|3 3|4 7|1 4|1 1|2 3|6 4|4 6|fitness = 19.74586087168708|time = 135.98293336528076|true
28 solution:
4 8|4 5|2 4|4 1|4 1|5 3|6 3|3 5|2 7|6 3|5 5|3 6|4 3|4 6|2 3|1 4|5 2|2 7|5 4|5 2|2 5|4 1|4 7|5 8|2 1|6 4|6 4|1 3|4 4|4 7|1 5|5 7|5 3|1 8|5 3|4 3|4 3|2 3|1 3|6 7|4 1|4 7|1 2|5 4|2 1|6 4|4 5|2 2|1 4|3 4|fitness = 19.90679994505412|time = 148.3562603203285|true
29 solution:
5 3|6 3|4 5|3 4|1 4|4 3|5 3|3 6|3 3|3 1|1 2|4 3|3 1|6 6|6 4|6 5|4 5|1 3|1 4|5 8|4 1|5 5|4 4|5 3|3 0|4 8|6 2|4 3|3 4|5 7|4 7|6 3|6 7|5 6|1 0|4 3|4 8|2 4|6 1|5 5|4 4|2 5|4 2|4 4|4 3|4 4|2 5|3 1|2 1|2 2|fitness = 19.884347543581885|time = 129.67489158767196|true
30 solution:
5 3|6 2|2 5|6 4|1 4|5 3|1 3|3 1|5 3|5 2|3 3|1 3|4 3|6 4|2 6|1 5|1 4|6 0|4 7|4 3|1 5|2 5|4 4|5 4|3 3|5 3|1 3|2 5|5 5|4 3|1 7|2 5|5 7|4 4|6 5|4 3|1 1|5 5|5 1|4 5|2 3|5 4|2 2|5 2|2 4|3 1|3 5|4 7|2 4|1 3|fitness = 20.00057282374605|time = 139.68383308006068|true
The final result:
fmax = 20.345706357263392
fmin = 19.629140276297147
fmean = 19.960813122163646
standard std = 0.16316309372933824
-1 solution:
3 3|4 3|4 5|5 1|3 4|1 4|5 7|4 1|2 3|5 6|5 2|6 7|2 5|5 8|4 7|6 1|5 1|1 2|4 4|4 6|4 3|5 8|1 5|6 3|1 4|4 3|6 7|4 3|3 3|4 2|4 8|1 5|4 1|5 8|1 7|6 3|5 6|1 8|6 3|4 3|5 5|3 1|1 5|3 3|2 3|4 4|5 0|5 8|1 3|5 4|fitness = 20.345706357263392|time = 149.699118383655|true
