1 solution:
1 3|2 4|3 3|3 2|4 5|4 4|2 5|4 5|4 3|3 3|4 4|4 6|2 5|4 2|4 2|5 5|4 5|4 5|4 3|5 2|4 4|4 4|2 5|4 3|2 1|3 3|3 3|5 2|4 4|2 1|5 2|3 4|2 5|4 2|4 3|1 4|4 4|2 3|4 3|3 4|5 4|5 2|4 1|4 3|4 3|4 4|4 5|3 3|4 3|1 3|fitness = 20.184403538185887|time = 148.61605785447614|true
2 solution:
6 3|4 4|5 3|4 7|3 3|4 1|2 2|4 4|2 3|5 2|5 6|1 4|4 7|6 2|6 2|4 4|5 5|4 1|5 4|1 3|4 1|4 4|1 5|5 7|4 1|2 3|2 3|1 3|2 3|1 3|1 4|6 3|4 1|5 1|4 1|4 4|5 5|2 3|1 6|1 3|4 1|6 4|2 3|4 4|5 1|5 3|6 2|6 1|2 1|1 4|fitness = 20.948979058735706|time = 146.97657540707516|true
3 solution:
3 3|5 3|6 5|3 3|4 7|5 7|1 5|4 4|4 3|4 4|6 4|3 3|4 7|4 6|4 2|5 7|4 7|3 4|2 4|5 5|5 6|5 3|4 4|5 4|4 7|4 3|5 1|4 4|4 3|3 4|4 3|4 5|4 5|3 4|6 8|2 3|6 3|6 7|5 3|5 3|6 7|5 5|4 2|3 3|4 7|2 5|4 2|4 4|6 4|3 5|fitness = 20.542203417571802|time = 146.36959991071504|true
4 solution:
1 2|2 1|4 2|4 3|4 3|4 3|6 4|4 2|4 1|5 2|4 1|4 7|2 3|2 2|2 1|5 1|2 4|4 5|1 4|1 3|4 4|4 1|3 3|6 4|4 7|4 3|6 4|1 2|4 3|3 3|1 3|4 5|2 1|3 3|6 1|5 4|3 2|1 1|1 7|5 5|3 7|3 5|2 4|2 4|5 5|4 4|1 3|2 3|2 4|4 3|fitness = 20.455524499714926|time = 147.50526225215097|true
5 solution:
6 5|2 3|4 5|5 5|2 3|2 3|3 4|4 6|2 3|1 7|1 4|4 5|4 3|4 0|4 4|5 5|4 4|2 4|4 1|4 1|1 5|5 3|4 3|1 1|4 3|2 4|4 3|2 2|1 1|2 7|1 4|1 2|2 3|5 8|3 4|5 1|4 4|2 4|4 4|5 4|6 1|2 3|4 0|4 1|4 4|1 3|2 5|5 1|6 5|5 7|fitness = 20.58753112865936|time = 149.62833067160508|true
6 solution:
4 4|4 7|5 5|2 7|1 4|5 3|2 3|4 2|1 4|2 3|1 4|4 3|4 5|2 1|1 5|5 5|2 4|5 3|1 3|1 1|3 5|5 1|1 3|5 4|4 1|6 3|6 4|4 1|2 5|3 1|1 2|4 7|4 3|4 3|4 2|5 3|1 1|4 4|5 3|1 4|2 2|4 4|1 1|5 7|6 3|3 4|2 5|1 4|5 7|6 3|fitness = 20.729729078222583|time = 149.67358700153179|true
7 solution:
5 3|3 3|4 5|5 5|1 5|3 3|4 1|4 1|2 3|2 4|5 4|5 3|2 2|1 5|2 5|5 5|4 1|4 4|5 4|1 7|4 2|5 5|4 3|2 3|3 5|1 7|4 4|5 1|2 3|1 4|4 3|6 3|2 3|4 4|4 6|1 3|2 7|6 3|6 4|4 4|6 4|4 5|4 5|4 7|1 4|2 4|5 0|4 4|6 3|4 1|fitness = 20.711661462965207|time = 148.4560090699233|true
8 solution:
5 3|1 1|2 5|2 1|4 3|6 3|2 4|2 5|4 3|1 4|5 1|4 3|4 3|3 2|6 5|5 1|1 4|4 7|1 1|4 3|2 5|5 5|2 4|4 3|4 4|4 3|1 4|1 3|1 4|5 3|4 1|2 3|1 4|4 1|3 1|4 4|5 5|2 4|4 1|3 3|4 1|4 5|1 1|1 4|4 3|4 1|4 5|2 3|2 4|4 1|fitness = 21.43956656760603|time = 149.34923291567335|true
9 solution:
5 5|1 3|4 6|2 4|5 3|4 4|5 5|4 5|4 3|3 4|5 1|4 5|4 2|3 5|4 4|4 6|4 6|4 5|4 4|2 3|4 4|5 4|4 4|4 4|4 7|1 4|4 1|5 3|5 1|4 1|1 1|5 5|1 2|5 3|4 2|5 3|5 0|4 3|3 3|4 3|6 3|6 4|4 5|3 1|5 3|1 3|4 6|5 5|4 4|4 4|fitness = 20.472860262665904|time = 147.1921334241647|true
10 solution:
4 3|2 4|1 2|1 3|1 3|3 4|3 4|4 5|4 3|4 1|4 1|3 1|4 2|5 1|4 4|3 4|3 3|1 5|2 3|2 1|3 1|4 1|2 3|4 3|5 1|4 3|2 4|3 3|1 2|1 2|3 3|4 2|2 4|4 0|1 4|1 4|1 1|1 1|2 3|3 3|1 4|2 1|2 5|4 4|4 4|1 2|3 2|4 1|4 3|5 3|fitness = 20.39384732428971|time = 149.44333542186547|true
11 solution:
6 3|2 3|4 2|5 3|4 5|6 3|6 1|3 5|5 3|4 4|2 3|1 5|1 5|3 2|2 3|4 4|2 5|4 5|6 4|6 1|4 1|4 1|4 4|4 3|2 5|4 7|4 4|4 4|5 5|6 4|5 1|5 6|4 1|6 1|4 3|2 4|5 1|6 4|4 3|5 3|4 4|6 3|1 1|2 4|5 3|4 1|4 1|6 4|2 4|2 4|fitness = 21.17337596268996|time = 149.7410269734119|true
12 solution:
2 3|1 3|2 5|2 4|4 1|5 7|4 4|1 1|4 3|5 5|6 4|5 1|5 6|4 5|4 5|1 3|4 1|1 5|4 4|2 5|3 3|5 5|2 2|2 3|4 1|3 3|2 1|4 4|1 4|2 4|5 2|6 3|4 3|2 4|1 4|5 1|4 7|1 3|4 4|6 2|3 1|2 3|4 5|2 3|2 3|4 4|4 4|3 3|4 1|4 1|fitness = 20.81468860072181|time = 146.85991597243458|true
13 solution:
2 7|4 3|1 8|2 3|4 4|2 3|4 4|6 2|4 3|5 4|1 5|6 2|4 5|4 1|6 5|4 3|5 5|4 7|1 7|4 3|5 4|4 1|5 5|6 7|4 4|4 3|5 1|4 3|3 3|5 3|1 3|2 2|2 3|4 4|6 4|5 2|3 7|4 3|4 1|5 1|4 3|1 4|4 1|4 4|6 4|1 1|4 5|4 4|4 1|5 5|fitness = 21.07728057591532|time = 144.97019785599997|true
14 solution:
5 3|5 5|4 4|4 5|3 1|5 4|3 4|4 6|1 4|2 3|5 4|4 3|1 6|6 5|4 5|5 1|1 2|2 4|4 4|5 4|4 1|4 1|5 3|3 3|4 2|2 3|5 3|5 3|5 4|5 5|4 4|2 3|5 2|4 5|6 5|3 5|5 3|4 4|2 3|5 4|5 3|1 1|1 1|4 3|5 3|4 2|2 5|5 5|4 3|2 3|fitness = 20.311231216952876|time = 147.62337720059395|true
15 solution:
6 4|5 5|4 2|4 3|4 4|2 3|6 4|4 7|5 1|4 4|5 1|4 5|1 5|4 1|4 5|6 1|4 3|2 4|5 7|4 1|5 3|5 8|2 5|5 3|3 7|4 4|5 5|5 5|6 4|2 4|4 1|4 3|2 5|4 1|4 3|5 4|6 4|4 3|4 3|4 7|2 3|4 3|6 1|6 4|5 1|6 4|6 2|3 3|2 4|4 3|fitness = 20.859913293708|time = 141.36380785730864|true
16 solution:
6 4|2 3|2 5|6 4|1 5|6 4|4 1|2 8|5 1|5 4|5 3|3 3|1 1|4 0|4 0|5 5|1 5|1 4|6 3|2 3|5 4|4 1|4 3|6 4|4 1|4 3|5 4|6 4|5 5|6 4|5 1|6 5|6 3|4 3|6 2|4 1|4 1|4 4|4 3|1 3|1 3|4 1|1 5|5 5|4 4|2 5|5 5|6 3|3 3|6 3|fitness = 21.154262389669448|time = 147.6323078229891|true
17 solution:
3 4|5 3|4 4|5 1|4 4|5 3|4 3|4 2|5 3|5 5|5 4|2 5|4 3|1 6|6 2|4 1|4 4|1 2|5 2|4 3|2 4|4 1|4 3|5 3|2 5|4 4|5 6|4 3|5 3|4 4|1 4|3 1|6 4|4 5|1 1|2 3|4 2|2 1|4 4|2 5|4 3|4 1|2 3|4 4|4 7|4 1|3 5|4 4|4 1|4 4|fitness = 20.989263478051978|time = 147.24920371543124|true
18 solution:
2 1|1 3|4 5|4 1|4 1|2 3|2 1|4 2|4 3|2 5|1 4|2 3|5 3|1 5|4 2|2 5|5 5|1 4|2 2|2 3|4 4|1 4|4 1|1 4|4 4|5 3|5 3|2 4|1 1|5 1|4 1|4 3|2 3|4 5|4 3|5 1|4 3|2 3|4 1|1 1|4 4|1 1|6 5|4 4|4 3|1 3|4 4|2 5|2 4|6 4|fitness = 21.255454000910984|time = 149.541492465677|true
19 solution:
1 5|2 4|5 3|3 3|2 7|5 4|4 3|4 2|4 3|5 5|5 7|4 5|4 2|4 5|4 7|5 5|2 1|4 4|4 3|4 4|5 5|2 5|4 1|4 3|2 5|6 3|1 3|5 5|2 4|6 4|4 1|5 3|2 1|4 4|3 4|5 5|4 7|3 3|4 3|1 3|4 3|4 4|4 1|3 3|2 4|6 1|1 2|4 3|6 4|5 3|fitness = 21.009132887052903|time = 142.83793392501886|true
20 solution:
2 4|5 1|5 1|1 3|6 1|5 5|3 3|1 5|6 3|3 3|5 4|4 2|3 5|1 5|4 7|4 1|6 1|4 0|5 1|4 1|5 7|2 3|5 5|2 1|4 6|2 4|1 4|4 3|1 4|6 2|6 3|5 4|6 5|1 3|3 2|6 4|4 4|5 3|3 3|4 2|4 5|1 3|2 1|1 4|5 4|5 5|4 2|4 1|4 3|4 3|fitness = 20.25582144897812|time = 147.1302841967268|true
21 solution:
4 3|4 3|3 2|4 3|1 3|5 4|4 1|4 5|4 4|5 5|4 3|2 4|3 3|5 0|2 6|5 5|5 7|2 1|3 4|6 5|1 4|4 4|3 4|1 3|4 5|4 4|4 4|5 3|4 5|4 1|4 5|3 4|4 3|4 2|4 1|4 1|1 4|4 5|4 1|5 5|1 5|3 4|4 3|5 5|5 4|4 5|4 6|2 3|4 3|3 4|fitness = 20.22033738183281|time = 148.4005150877525|true
22 solution:
5 5|2 4|6 4|5 4|1 3|4 3|2 3|3 3|2 3|4 1|2 4|4 3|1 4|3 4|5 5|1 3|4 5|4 2|4 6|1 6|4 1|4 1|4 3|1 1|3 3|5 3|5 3|3 7|3 1|2 3|3 4|4 5|6 1|2 4|4 1|1 4|3 5|2 5|1 4|2 3|1 1|2 5|4 5|4 4|5 1|4 1|4 2|4 3|4 4|4 6|fitness = 20.291156126548266|time = 147.55379800293503|true
23 solution:
4 3|5 1|2 1|4 4|1 1|5 2|4 5|3 3|5 3|4 5|5 2|4 2|2 5|3 4|4 5|2 5|4 4|3 5|6 5|4 3|3 4|4 4|2 3|3 3|2 4|4 3|1 3|5 3|1 3|2 1|5 4|5 3|4 1|2 1|4 1|5 4|2 2|2 1|4 3|5 3|2 4|2 4|3 5|5 7|1 3|2 2|4 1|1 4|2 3|2 3|fitness = 20.489158343772413|time = 146.7038427065977|true
24 solution:
5 3|4 3|4 4|5 6|5 3|5 1|6 4|4 2|1 3|5 1|3 4|2 1|1 4|1 5|2 5|5 5|5 6|4 4|5 4|2 3|4 1|4 1|4 4|4 4|1 3|4 4|3 1|5 5|6 3|5 5|5 5|2 3|1 1|4 4|4 1|5 4|4 1|4 1|2 4|5 3|2 3|1 1|2 3|2 5|6 3|5 3|1 5|5 3|2 4|5 5|fitness = 21.04702670602979|time = 148.30822055287283|true
25 solution:
4 3|1 5|3 5|5 5|4 4|4 2|4 3|5 1|1 1|3 4|1 3|3 3|5 5|1 4|5 6|5 7|4 3|4 5|2 4|4 4|5 5|4 2|5 3|4 3|2 4|4 4|4 1|5 1|5 3|4 3|5 3|1 4|4 1|4 1|1 5|2 4|5 4|3 2|4 3|4 1|3 5|1 4|5 5|4 5|5 5|1 3|4 4|4 5|2 3|4 4|fitness = 20.184991588228982|time = 140.98463409580933|true
26 solution:
5 3|4 3|4 5|1 1|6 5|5 3|5 6|4 6|4 7|4 3|3 5|4 4|4 4|6 5|3 5|4 3|4 4|2 3|4 5|1 1|5 4|4 5|4 3|5 6|3 5|1 4|5 4|6 4|4 1|5 3|2 1|4 4|4 3|2 5|2 6|5 3|2 2|2 4|4 3|4 1|2 3|1 1|6 3|1 4|5 5|2 1|2 4|4 1|2 1|1 4|fitness = 20.587633519836874|time = 147.91531090527243|true
27 solution:
4 4|5 3|4 4|2 3|1 5|6 3|4 3|3 5|2 3|4 4|5 4|4 1|2 5|1 6|1 5|5 5|4 7|4 1|4 3|4 3|5 7|3 5|4 1|1 3|2 1|1 3|4 3|2 4|2 4|5 2|2 4|6 5|4 3|5 5|5 6|5 4|3 4|1 1|4 3|1 3|2 8|5 1|4 4|4 2|4 5|1 5|1 2|6 3|4 4|2 3|fitness = 20.86000607306705|time = 145.64000901823889|true
28 solution:
4 3|4 1|5 5|3 3|4 3|2 5|2 4|4 5|4 4|4 3|1 4|2 4|4 7|1 0|4 7|5 7|4 4|4 4|4 4|5 3|4 1|4 1|4 3|5 3|4 5|4 3|4 3|4 3|6 5|1 3|2 4|1 5|4 1|1 1|3 6|5 5|1 1|5 7|4 4|4 4|4 1|1 1|4 4|4 1|4 3|6 3|2 5|6 3|4 4|1 4|fitness = 21.16550130503256|time = 149.7014702472341|true
29 solution:
4 3|5 3|4 3|4 1|4 6|4 3|4 3|4 5|4 3|4 3|3 3|3 5|3 4|2 4|4 2|5 5|3 4|4 5|5 3|3 4|6 4|5 1|4 4|4 4|4 2|4 4|5 5|3 3|3 3|5 2|4 4|4 3|3 4|4 1|3 5|5 1|5 2|1 5|4 3|4 4|4 4|3 1|5 5|4 6|5 5|3 4|3 6|4 3|5 6|4 3|fitness = 20.40500701668214|time = 148.66976149387548|true
30 solution:
4 3|1 3|3 5|2 4|1 1|2 4|2 3|1 5|4 3|4 5|1 4|2 3|4 1|1 4|4 2|2 1|1 3|4 1|5 3|2 4|5 5|5 4|3 3|4 3|3 2|1 3|4 3|2 2|3 1|5 1|4 4|4 2|4 4|4 5|1 5|4 3|5 1|2 1|4 5|1 1|1 4|1 1|4 5|4 3|4 4|4 3|3 5|5 4|5 1|3 1|fitness = 20.8690346771388|time = 142.17632279453204|true
The final result:
fmax = 21.43956656760603
fmin = 20.184403538185887
fmean = 20.71621943104794
standard std = 0.35989083358382823
-1 solution:
5 3|1 1|2 5|2 1|4 3|6 3|2 4|2 5|4 3|1 4|5 1|4 3|4 3|3 2|6 5|5 1|1 4|4 7|1 1|4 3|2 5|5 5|2 4|4 3|4 4|4 3|1 4|1 3|1 4|5 3|4 1|2 3|1 4|4 1|3 1|4 4|5 5|2 4|4 1|3 3|4 1|4 5|1 1|1 4|4 3|4 1|4 5|2 3|2 4|4 1|fitness = 21.43956656760603|time = 149.34923291567335|true
