1 solution:
1 1 0 0(2,2)|1 1 0 1(2,3)|1 1 0 0(2,2)|1 1 0 1(2,3)|1 1 0 1(2,3)|1 1 0 1(2,3)|1 1 0 1(2,3)|1 0 0 1(1,2)|1 1 0 0(2,2)|1 1 0 0(2,2)|0 1 1 1(2,3)|1 1 0 1(2,3)|fitness = 0.15741213386049552|td = 42.15819672131148|tp = 165.06478645329406|valid
2 solution:
1 1 0 0(2,2)|0 1 0 1(1,2)|1 1 0 0(2,2)|1 1 0 1(2,3)|1 1 0 1(2,3)|1 1 0 1(2,3)|1 1 0 0(2,2)|1 1 0 1(2,3)|1 1 0 0(2,2)|1 1 0 1(2,3)|1 1 0 0(2,2)|1 1 0 1(2,3)|fitness = 0.15588986992558346|td = 46.380327868852454|tp = 163.13606243214718|valid
3 solution:
1 1 0 1(2,3)|1 1 0 0(2,2)|1 1 0 0(2,2)|1 1 0 1(2,3)|1 1 0 0(2,2)|0 1 0 1(1,2)|1 1 0 1(2,3)|1 1 0 1(2,3)|1 1 0 1(2,3)|1 1 0 1(2,3)|1 1 0 0(2,2)|0 1 1 1(2,3)|fitness = 0.15668130436659802|td = 43.222950819672135|tp = 179.43387423088103|valid
4 solution:
1 0 1 1(2,3)|1 1 0 1(2,3)|1 1 0 0(2,2)|1 0 1 1(2,3)|1 1 0 0(2,2)|1 1 0 1(2,3)|1 1 0 1(2,3)|1 0 1 1(2,3)|1 1 0 1(2,3)|1 1 0 0(2,2)|1 1 0 0(2,2)|1 1 0 1(2,3)|fitness = 0.1576681138013058|td = 49.779508196721316|tp = 179.43387423088103|valid
5 solution:
1 1 0 0(2,2)|1 1 0 0(2,2)|1 1 0 0(2,2)|0 1 1 1(2,3)|1 1 0 1(2,3)|1 1 0 1(2,3)|1 0 1 1(2,3)|1 1 0 1(2,3)|1 1 0 1(2,3)|1 1 0 1(2,3)|1 0 1 1(2,3)|1 1 0 0(2,2)|fitness = 0.1571948139895817|td = 46.71639344262295|tp = 169.6447747133705|valid
6 solution:
1 1 0 0(2,2)|1 1 0 0(2,2)|1 1 0 1(2,3)|1 0 0 1(1,2)|1 1 0 0(2,2)|1 1 0 1(2,3)|1 0 0 1(1,2)|1 1 0 1(2,3)|1 1 0 1(2,3)|1 1 0 0(2,2)|1 1 0 1(2,3)|1 1 0 1(2,3)|fitness = 0.15685636269103778|td = 49.779508196721316|tp = 178.17219710902359|valid
7 solution:
1 1 0 1(2,3)|1 1 0 0(2,2)|1 1 0 0(2,2)|1 1 0 1(2,3)|1 1 0 0(2,2)|0 1 0 1(1,2)|0 1 1 1(2,3)|1 1 0 1(2,3)|1 1 0 1(2,3)|1 1 0 0(2,2)|1 1 0 1(2,3)|1 1 0 1(2,3)|fitness = 0.15668130436659802|td = 45.95737704918033|tp = 179.43387423088103|valid
8 solution:
1 1 0 0(2,2)|1 0 1 1(2,3)|1 1 0 0(2,2)|1 0 1 1(2,3)|1 1 0 1(2,3)|0 1 1 1(2,3)|1 1 0 0(2,2)|1 1 0 1(2,3)|1 1 0 1(2,3)|1 1 0 1(2,3)|1 1 0 1(2,3)|1 1 0 0(2,2)|fitness = 0.15719481398958174|td = 48.38770491803279|tp = 173.8594592090031|valid
9 solution:
1 1 0 0(2,2)|1 1 0 1(2,3)|0 1 1 1(2,3)|1 1 0 0(2,2)|1 1 0 1(2,3)|1 1 0 1(2,3)|0 1 0 1(1,2)|1 1 0 1(2,3)|1 1 0 1(2,3)|1 1 0 0(2,2)|1 1 0 0(2,2)|0 1 1 1(2,3)|fitness = 0.15496161370277844|td = 37.12131147540984|tp = 177.87542214329784|valid
10 solution:
1 1 0 1(2,3)|1 0 1 0(2,2)|1 1 0 0(2,2)|1 0 1 1(2,3)|1 1 0 1(2,3)|1 1 0 0(2,2)|1 1 0 1(2,3)|1 0 1 1(2,3)|1 1 0 1(2,3)|1 1 0 0(2,2)|1 1 0 1(2,3)|1 1 0 1(2,3)|fitness = 0.1567046038468925|td = 49.779508196721316|tp = 179.1370992651553|valid
11 solution:
1 1 0 0(2,2)|1 1 0 1(2,3)|1 1 0 0(2,2)|1 1 0 0(2,2)|1 1 0 1(2,3)|1 1 0 1(2,3)|0 1 1 0(2,2)|1 1 0 1(2,3)|1 1 0 1(2,3)|1 1 0 1(2,3)|1 1 0 1(2,3)|1 1 0 1(2,3)|fitness = 0.1582878346847305|td = 47.349180327868844|tp = 175.09635891061072|valid
12 solution:
1 1 0 0(2,2)|1 1 0 0(2,2)|1 1 0 1(2,3)|1 1 0 1(2,3)|1 1 0 1(2,3)|1 0 1 1(2,3)|0 1 1 1(2,3)|1 0 0 1(1,2)|1 1 0 1(2,3)|1 1 0 0(2,2)|1 1 0 0(2,2)|1 0 1 1(2,3)|fitness = 0.15491935215630442|td = 47.349180327868844|tp = 173.2954338832214|valid
13 solution:
1 1 0 0(2,2)|1 1 0 0(2,2)|1 1 0 0(2,2)|1 0 1 1(2,3)|1 0 1 1(2,3)|1 1 0 1(2,3)|1 1 0 1(2,3)|1 1 0 1(2,3)|1 1 0 1(2,3)|1 1 0 1(2,3)|1 1 0 1(2,3)|1 1 0 0(2,2)|fitness = 0.1589145046534013|td = 49.779508196721316|tp = 169.6447747133705|valid
14 solution:
1 1 0 0(2,2)|1 1 0 1(2,3)|1 1 0 1(2,3)|1 1 0 0(2,2)|1 1 0 1(2,3)|1 1 0 1(2,3)|1 1 0 1(2,3)|1 0 1 1(2,3)|0 1 1 1(2,3)|1 1 0 0(2,2)|1 1 0 0(2,2)|0 1 1 1(2,3)|fitness = 0.1567215141778577|td = 42.98688524590165|tp = 177.87542214329784|valid
15 solution:
1 1 0 0(2,2)|1 1 0 1(2,3)|1 1 0 0(2,2)|1 0 0 1(1,2)|1 0 0 1(1,2)|0 1 1 1(2,3)|1 1 0 0(2,2)|1 1 0 1(2,3)|1 1 0 1(2,3)|1 1 0 1(2,3)|1 1 0 0(2,2)|1 1 0 1(2,3)|fitness = 0.15513667202721823|td = 48.38770491803279|tp = 168.01282565794935|valid
16 solution:
0 1 0 1(1,2)|1 1 0 0(2,2)|1 1 0 1(2,3)|1 1 0 1(2,3)|1 1 0 1(2,3)|1 1 0 0(2,2)|0 1 1 1(2,3)|1 1 0 1(2,3)|1 1 0 1(2,3)|1 1 0 0(2,2)|1 1 0 0(2,2)|1 1 0 1(2,3)|fitness = 0.156681304366598|td = 42.484426229508195|tp = 179.1370992651553|valid
17 solution:
1 0 1 0(2,2)|1 1 0 0(2,2)|1 1 0 0(2,2)|1 1 0 0(2,2)|1 1 0 1(2,3)|1 0 1 1(2,3)|1 1 0 1(2,3)|1 1 0 1(2,3)|1 0 1 1(2,3)|1 0 1 1(2,3)|1 1 0 1(2,3)|1 1 0 1(2,3)|fitness = 0.15545821299479692|td = 49.779508196721316|tp = 169.6447747133705|valid
18 solution:
1 1 0 0(2,2)|1 1 0 0(2,2)|1 1 0 1(2,3)|1 1 0 1(2,3)|1 0 1 1(2,3)|1 1 0 1(2,3)|1 1 0 0(2,2)|1 1 0 1(2,3)|1 1 0 1(2,3)|0 1 1 1(2,3)|1 1 0 0(2,2)|1 0 1 1(2,3)|fitness = 0.1571948139895817|td = 47.473770491803286|tp = 178.17219710902359|valid
19 solution:
1 1 0 0(2,2)|1 1 0 0(2,2)|1 1 0 1(2,3)|1 1 0 0(2,2)|1 1 0 1(2,3)|1 1 0 1(2,3)|1 1 0 1(2,3)|1 1 0 1(2,3)|1 1 0 0(2,2)|1 0 0 1(1,2)|1 1 0 0(2,2)|1 0 1 1(2,3)|fitness = 0.15537430856738543|td = 49.779508196721316|tp = 167.60380948353964|valid
20 solution:
1 1 0 0(2,2)|1 1 0 0(2,2)|1 1 0 0(2,2)|0 1 1 1(2,3)|1 1 0 1(2,3)|1 1 0 0(2,2)|1 1 0 1(2,3)|1 1 0 1(2,3)|1 1 0 1(2,3)|1 0 1 1(2,3)|1 1 0 1(2,3)|1 0 1 1(2,3)|fitness = 0.15719481398958174|td = 46.71639344262295|tp = 169.6447747133705|valid
21 solution:
1 1 0 0(2,2)|1 1 0 1(2,3)|1 1 0 0(2,2)|1 1 0 1(2,3)|1 1 0 0(2,2)|0 1 1 1(2,3)|1 1 0 1(2,3)|1 1 0 0(2,2)|1 1 0 1(2,3)|1 1 0 1(2,3)|1 1 0 1(2,3)|0 1 0 1(1,2)|fitness = 0.15668130436659802|td = 43.222950819672135|tp = 175.09635891061072|valid
22 solution:
1 0 1 0(2,2)|1 1 0 1(2,3)|1 1 0 0(2,2)|1 1 0 1(2,3)|1 1 0 0(2,2)|1 1 0 0(2,2)|1 0 1 1(2,3)|1 1 0 1(2,3)|1 1 0 1(2,3)|1 1 0 1(2,3)|1 0 1 1(2,3)|1 1 0 1(2,3)|fitness = 0.1567046038468925|td = 49.779508196721316|tp = 173.8594592090031|valid
23 solution:
1 1 0 0(2,2)|1 1 0 0(2,2)|1 1 0 1(2,3)|0 1 1 1(2,3)|1 1 0 1(2,3)|1 0 1 1(2,3)|1 0 1 1(2,3)|1 1 0 0(2,2)|1 1 0 1(2,3)|1 1 0 1(2,3)|1 1 0 0(2,2)|0 1 1 1(2,3)|fitness = 0.15547512332576216|td = 41.5516393442623|tp = 178.17219710902359|valid
24 solution:
1 1 0 1(2,3)|1 1 0 1(2,3)|1 1 0 0(2,2)|1 0 1 1(2,3)|0 1 1 1(2,3)|1 1 0 0(2,2)|1 1 0 1(2,3)|1 1 0 1(2,3)|1 0 0 1(1,2)|1 1 0 0(2,2)|1 1 0 0(2,2)|1 1 0 1(2,3)|fitness = 0.15616574300840003|td = 43.96967213114754|tp = 179.1370992651553|valid
25 solution:
1 1 0 0(2,2)|1 1 0 1(2,3)|1 1 0 0(2,2)|1 1 0 0(2,2)|1 0 1 1(2,3)|1 1 0 1(2,3)|1 0 1 1(2,3)|1 1 0 1(2,3)|0 1 1 1(2,3)|1 1 0 1(2,3)|0 1 1 1(2,3)|1 1 0 0(2,2)|fitness = 0.15547512332576216|td = 40.53032786885246|tp = 173.56268424327737|valid
26 solution:
1 1 0 0(2,2)|1 1 0 1(2,3)|1 1 0 0(2,2)|1 0 0 1(1,2)|1 1 0 1(2,3)|1 0 1 1(2,3)|1 1 0 1(2,3)|1 1 0 0(2,2)|1 1 0 0(2,2)|1 1 0 1(2,3)|1 1 0 1(2,3)|1 1 0 1(2,3)|fitness = 0.15788543367221955|td = 49.779508196721316|tp = 173.8594592090031|valid
27 solution:
1 0 1 1(2,3)|1 0 1 1(2,3)|1 1 0 0(2,2)|1 1 0 1(2,3)|1 1 0 1(2,3)|1 1 0 1(2,3)|0 1 0 0(1,1)|1 1 0 1(2,3)|1 1 0 1(2,3)|1 1 0 0(2,2)|1 1 0 0(2,2)|1 1 0 1(2,3)|fitness = 0.15425756589678108|td = 47.349180327868844|tp = 179.43387423088103|valid
28 solution:
1 1 0 0(2,2)|1 1 0 1(2,3)|1 1 0 0(2,2)|1 1 0 0(2,2)|1 1 0 1(2,3)|1 1 0 1(2,3)|1 0 1 1(2,3)|1 1 0 1(2,3)|1 1 0 0(2,2)|1 1 0 1(2,3)|1 1 0 0(2,2)|1 1 0 1(2,3)|fitness = 0.15764977040066275|td = 49.779508196721316|tp = 157.44443803246543|valid
29 solution:
1 1 0 1(2,3)|1 1 0 0(2,2)|1 0 1 0(2,2)|1 1 0 0(2,2)|1 1 0 1(2,3)|1 1 0 1(2,3)|0 1 1 1(2,3)|1 1 0 1(2,3)|1 1 0 1(2,3)|0 1 1 1(2,3)|1 1 0 0(2,2)|0 1 1 1(2,3)|fitness = 0.15403831355962483|td = 39.87868852459016|tp = 179.1370992651553|valid
30 solution:
1 1 0 1(2,3)|1 0 1 1(2,3)|1 1 0 0(2,2)|1 1 0 0(2,2)|1 1 0 1(2,3)|1 1 0 1(2,3)|1 1 0 1(2,3)|1 1 0 1(2,3)|0 1 1 1(2,3)|1 1 0 0(2,2)|1 1 0 0(2,2)|1 0 1 1(2,3)|fitness = 0.15719481398958177|td = 48.1516393442623|tp = 179.1370992651553|valid
The final result:
fmax = 0.1589145046534013
fmin = 0.15403831355962483
fmean = 0.1564885353846731
standard std = 0.0011746549162496192
-1 solution:
1 1 0 0(2,2)|1 1 0 0(2,2)|1 1 0 0(2,2)|1 0 1 1(2,3)|1 0 1 1(2,3)|1 1 0 1(2,3)|1 1 0 1(2,3)|1 1 0 1(2,3)|1 1 0 1(2,3)|1 1 0 1(2,3)|1 1 0 1(2,3)|1 1 0 0(2,2)|fitness = 0.1589145046534013|td = 49.779508196721316|tp = 169.6447747133705|valid
