1 solution:
1 0 1 1 1(3,4)|1 1 0 1 0(3,3)|0 1 1 1 1(3,4)|1 1 1 0 1(3,4)|0 1 1 1 0(3,3)|1 0 1 1 1(3,4)|1 1 1 0 1(3,4)|1 1 0 1 0(3,3)|0 1 1 1 1(3,4)|0 1 1 1 1(3,4)|1 1 1 0 1(3,4)|1 1 0 1 1(3,4)|fitness = 0.1960088490832582|td = 27.34548611111111|tp = 218.99469302476388|valid
2 solution:
1 0 0 1 0(2,2)|1 1 1 0 1(3,4)|0 1 1 1 1(3,4)|1 0 1 1 0(3,3)|0 1 1 1 0(3,3)|1 1 0 1 0(3,3)|0 1 1 1 1(3,4)|1 0 1 1 1(3,4)|0 1 1 1 1(3,4)|1 0 1 1 1(3,4)|1 0 1 1 0(3,3)|1 0 1 1 1(3,4)|fitness = 0.1953255110776409|td = 26.86111111111111|tp = 138.49854223287466|valid
3 solution:
0 1 1 1 0(3,3)|1 0 1 1 0(3,3)|0 1 1 1 1(3,4)|1 1 0 1 1(3,4)|0 1 1 1 0(3,3)|1 0 1 1 0(3,3)|1 1 1 0 1(3,4)|1 1 0 1 1(3,4)|1 0 1 1 1(3,4)|1 1 0 1 1(3,4)|1 1 0 1 1(3,4)|1 1 1 0 1(3,4)|fitness = 0.19593270061758705|td = 25.133680555555554|tp = 143.71322175607014|valid
4 solution:
1 0 1 1 0(3,3)|1 1 0 1 1(3,4)|1 0 1 1 1(3,4)|0 1 1 1 1(3,4)|0 1 1 1 1(3,4)|1 1 0 1 1(3,4)|1 0 0 1 1(2,3)|0 0 1 1 1(2,3)|1 1 0 1 0(3,3)|1 1 0 1 0(3,3)|1 0 1 1 0(3,3)|1 0 1 1 1(3,4)|fitness = 0.195627502755788|td = 21.383680555555554|tp = 153.72034234071776|valid
5 solution:
1 1 0 1 1(3,4)|1 0 0 1 0(2,2)|0 1 1 1 0(3,3)|1 1 1 0 1(3,4)|1 1 0 1 1(3,4)|0 1 0 1 0(2,2)|1 1 0 1 1(3,4)|1 0 1 1 0(3,3)|1 1 0 1 1(3,4)|0 1 1 1 1(3,4)|0 1 1 1 0(3,3)|1 1 0 1 0(3,3)|fitness = 0.1950093444008473|td = 21.928853754940707|tp = 117.54012511943073|valid
6 solution:
0 1 1 1 1(3,4)|1 1 0 1 1(3,4)|1 1 1 0 1(3,4)|1 0 1 1 1(3,4)|0 1 1 1 0(3,3)|0 1 1 1 1(3,4)|0 1 1 1 1(3,4)|1 0 1 1 1(3,4)|1 0 1 1 1(3,4)|1 1 0 1 1(3,4)|1 0 1 1 1(3,4)|0 1 1 1 1(3,4)|fitness = 0.19646760996130708|td = 31.369791666666664|tp = 226.19361133379294|valid
7 solution:
0 1 0 1 1(2,3)|0 1 1 1 1(3,4)|1 0 1 1 1(3,4)|1 1 1 0 1(3,4)|1 0 1 1 1(3,4)|1 1 0 1 1(3,4)|0 1 0 1 1(2,3)|0 1 1 1 1(3,4)|1 1 0 1 1(3,4)|0 1 1 1 0(3,3)|0 1 1 1 0(3,3)|0 1 1 1 0(3,3)|fitness = 0.19590512342137523|td = 21.239583333333332|tp = 208.17476618924997|valid
8 solution:
0 1 1 1 1(3,4)|1 1 0 1 0(3,3)|1 1 1 0 1(3,4)|0 1 0 1 1(2,3)|1 0 1 1 1(3,4)|1 1 1 0 1(3,4)|1 1 0 1 1(3,4)|1 0 1 1 1(3,4)|0 1 0 1 1(2,3)|1 1 1 0 1(3,4)|0 1 1 1 0(3,3)|1 1 1 0 1(3,4)|fitness = 0.1955085033257229|td = 23.578125|tp = 221.95428335144737|valid
9 solution:
0 1 1 1 0(3,3)|0 1 0 1 1(2,3)|1 0 1 1 1(3,4)|0 1 1 1 0(3,3)|0 1 1 1 1(3,4)|0 1 1 1 1(3,4)|1 0 1 1 0(3,3)|0 1 1 1 1(3,4)|0 0 1 1 1(2,3)|1 1 1 0 1(3,4)|1 0 1 1 0(3,3)|1 1 0 1 0(3,3)|fitness = 0.19546070604945243|td = 29.90972222222222|tp = 153.72034234071776|valid
10 solution:
1 1 1 0 1(3,4)|1 0 1 1 1(3,4)|1 1 0 1 1(3,4)|0 1 1 1 1(3,4)|0 1 0 1 1(2,3)|0 1 1 1 0(3,3)|0 1 1 1 1(3,4)|1 1 0 1 0(3,3)|1 1 1 0 1(3,4)|0 1 1 1 0(3,3)|1 0 1 1 0(3,3)|0 0 1 1 1(2,3)|fitness = 0.19547337812705787|td = 24.71527777777778|tp = 136.42971119357958|valid
11 solution:
1 1 1 0 1(3,4)|1 0 1 1 0(3,3)|0 1 1 1 1(3,4)|1 1 0 1 1(3,4)|1 0 1 1 1(3,4)|0 1 0 1 1(2,3)|1 1 0 1 1(3,4)|1 1 0 1 1(3,4)|1 1 1 0 1(3,4)|0 1 1 1 1(3,4)|1 1 1 0 1(3,4)|0 1 1 1 1(3,4)|fitness = 0.19594299041608204|td = 22.786458333333332|tp = 226.19361133379294|valid
12 solution:
1 0 1 1 1(3,4)|0 1 1 1 1(3,4)|1 1 0 1 1(3,4)|0 1 1 1 1(3,4)|1 0 0 1 1(2,3)|1 0 0 1 1(2,3)|1 1 0 1 1(3,4)|0 1 0 1 0(2,2)|1 0 0 1 1(2,3)|0 1 1 1 0(3,3)|1 1 1 0 1(3,4)|1 0 1 1 1(3,4)|fitness = 0.19511291847803264|td = 18.61075268817204|tp = 225.94158452881663|valid
13 solution:
1 1 0 1 1(3,4)|0 1 1 1 0(3,3)|0 1 1 1 0(3,3)|0 1 1 1 1(3,4)|1 0 1 1 1(3,4)|1 1 0 1 0(3,3)|0 1 0 1 1(2,3)|1 1 0 1 1(3,4)|1 1 0 1 1(3,4)|1 1 0 1 0(3,3)|0 1 0 1 0(2,2)|0 0 1 1 1(2,3)|fitness = 0.1954090026156764|td = 21.700922266139656|tp = 127.9558786546585|valid
14 solution:
1 1 0 1 0(3,3)|0 1 1 1 1(3,4)|1 1 0 1 0(3,3)|1 0 1 1 1(3,4)|1 1 1 0 1(3,4)|1 1 1 0 1(3,4)|1 0 1 1 1(3,4)|1 1 0 1 1(3,4)|1 0 1 1 1(3,4)|1 1 1 0 1(3,4)|0 1 0 1 0(2,2)|0 1 1 1 1(3,4)|fitness = 0.19557623521325712|td = 21.322916666666668|tp = 220.96053091194662|valid
15 solution:
1 1 1 0 0(3,3)|0 1 1 1 1(3,4)|1 1 1 0 1(3,4)|1 0 1 1 1(3,4)|1 1 1 0 1(3,4)|1 1 0 1 0(3,3)|1 0 1 1 1(3,4)|1 1 1 0 1(3,4)|0 1 1 1 1(3,4)|1 0 1 1 0(3,3)|0 1 1 1 1(3,4)|0 1 1 1 1(3,4)|fitness = 0.19563166081635275|td = 30.15625|tp = 203.8647707455183|valid
16 solution:
1 0 1 1 0(3,3)|1 1 1 0 0(3,3)|0 1 1 1 1(3,4)|1 1 1 0 1(3,4)|1 1 0 1 1(3,4)|1 1 0 1 1(3,4)|1 0 1 1 1(3,4)|1 1 0 1 0(3,3)|0 1 1 1 1(3,4)|1 1 1 0 1(3,4)|1 1 1 0 1(3,4)|1 0 1 1 1(3,4)|fitness = 0.1956363000032881|td = 23.21701388888889|tp = 218.99469302476388|valid
17 solution:
1 1 0 1 1(3,4)|1 1 1 0 1(3,4)|1 1 0 1 1(3,4)|1 1 1 0 1(3,4)|0 0 1 1 0(2,2)|0 1 1 1 1(3,4)|1 0 1 1 0(3,3)|0 1 1 1 1(3,4)|0 0 1 1 1(2,3)|0 1 1 1 1(3,4)|1 1 0 1 0(3,3)|0 1 1 1 1(3,4)|fitness = 0.19511187634169738|td = 23.88715277777778|tp = 220.96053091194662|valid
18 solution:
1 1 0 1 1(3,4)|0 0 1 1 1(2,3)|1 0 1 1 0(3,3)|1 1 0 1 0(3,3)|0 1 1 1 0(3,3)|1 1 0 1 0(3,3)|1 1 0 1 1(3,4)|0 1 1 1 1(3,4)|0 1 1 1 1(3,4)|0 1 1 1 0(3,3)|1 0 1 1 0(3,3)|0 1 1 1 0(3,3)|fitness = 0.19568444772395713|td = 22.055555555555557|tp = 62.18858184626785|valid
19 solution:
1 1 0 1 1(3,4)|1 1 1 0 1(3,4)|1 1 0 1 0(3,3)|0 1 1 1 1(3,4)|0 1 1 1 1(3,4)|1 1 0 1 0(3,3)|0 1 1 1 1(3,4)|1 0 1 1 1(3,4)|1 1 0 1 0(3,3)|1 0 0 1 0(2,2)|0 1 1 1 0(3,3)|0 1 1 1 0(3,3)|fitness = 0.19547356168464|td = 24.183135704874836|tp = 107.11076607303977|valid
20 solution:
0 1 0 1 1(2,3)|1 1 0 1 1(3,4)|0 1 1 1 1(3,4)|1 0 1 1 1(3,4)|0 0 1 1 1(2,3)|1 1 1 0 1(3,4)|0 1 1 1 0(3,3)|1 1 1 0 1(3,4)|1 1 0 1 0(3,3)|1 1 0 1 0(3,3)|0 1 0 1 1(2,3)|1 1 0 1 0(3,3)|fitness = 0.19537078720087253|td = 21.162055335968375|tp = 159.22259650092388|valid
21 solution:
1 1 0 1 0(3,3)|1 0 1 1 1(3,4)|0 1 1 1 0(3,3)|0 1 1 1 1(3,4)|0 1 1 1 1(3,4)|1 1 1 0 0(3,3)|0 1 1 1 1(3,4)|0 1 0 1 1(2,3)|0 1 0 1 1(2,3)|1 1 0 1 0(3,3)|1 1 0 1 1(3,4)|1 1 0 1 1(3,4)|fitness = 0.1957526638911657|td = 23.874835309617914|tp = 138.49854223287466|valid
22 solution:
1 1 1 0 1(3,4)|1 1 1 0 1(3,4)|1 0 1 1 0(3,3)|1 1 0 1 1(3,4)|0 1 1 1 1(3,4)|1 1 0 1 1(3,4)|1 0 0 1 1(2,3)|1 1 0 1 0(3,3)|1 0 1 1 1(3,4)|1 0 1 1 0(3,3)|1 1 0 1 1(3,4)|0 1 1 1 1(3,4)|fitness = 0.19574535162747755|td = 19.68774703557312|tp = 224.94783208931588|valid
23 solution:
1 0 1 1 1(3,4)|1 1 0 1 1(3,4)|1 0 1 1 1(3,4)|1 0 1 1 1(3,4)|1 1 0 1 1(3,4)|0 1 1 1 0(3,3)|1 0 1 1 1(3,4)|1 0 1 1 1(3,4)|1 1 0 1 1(3,4)|1 0 0 1 1(2,3)|1 1 1 0 1(3,4)|0 0 1 1 1(2,3)|fitness = 0.19579503722460606|td = 23.918402777777775|tp = 216.27836857774287|valid
24 solution:
0 1 1 1 1(3,4)|0 1 1 1 0(3,3)|0 1 0 1 1(2,3)|0 1 1 1 0(3,3)|0 1 1 1 0(3,3)|0 1 1 1 1(3,4)|1 1 0 1 1(3,4)|0 1 1 1 0(3,3)|0 1 1 1 1(3,4)|1 0 1 1 0(3,3)|1 1 0 1 0(3,3)|0 1 1 1 1(3,4)|fitness = 0.19597390517116065|td = 26.129117259552043|tp = 132.20842964334298|valid
25 solution:
1 1 0 1 1(3,4)|1 0 1 1 1(3,4)|1 0 1 1 1(3,4)|1 1 0 1 0(3,3)|0 1 0 1 1(2,3)|1 0 1 1 1(3,4)|0 1 1 1 0(3,3)|1 0 1 1 0(3,3)|1 1 0 1 1(3,4)|1 0 1 1 1(3,4)|1 1 0 1 1(3,4)|1 1 0 1 1(3,4)|fitness = 0.19616178642612908|td = 21.38064516129032|tp = 234.4154170677377|valid
26 solution:
1 1 0 1 1(3,4)|1 1 0 1 0(3,3)|1 0 1 1 1(3,4)|1 0 1 1 1(3,4)|1 0 0 1 0(2,2)|0 1 1 1 1(3,4)|0 1 1 1 1(3,4)|0 0 1 1 1(2,3)|1 0 1 1 1(3,4)|0 1 1 1 1(3,4)|1 1 0 1 1(3,4)|1 0 1 1 1(3,4)|fitness = 0.19560363674650644|td = 21.38064516129032|tp = 225.49069962447075|valid
27 solution:
1 0 1 1 1(3,4)|1 1 1 0 0(3,3)|1 1 0 1 1(3,4)|0 1 1 1 1(3,4)|1 0 1 1 1(3,4)|0 1 1 1 0(3,3)|0 1 1 1 0(3,3)|0 1 1 1 1(3,4)|1 1 0 0 1(2,3)|1 1 0 1 1(3,4)|1 1 0 1 1(3,4)|1 0 1 1 1(3,4)|fitness = 0.1954468700800463|td = 24.015625|tp = 214.58170442891992|valid
28 solution:
1 0 1 1 0(3,3)|1 0 1 1 1(3,4)|0 1 1 1 1(3,4)|1 1 0 1 0(3,3)|1 0 1 1 0(3,3)|1 1 0 1 0(3,3)|1 0 1 1 0(3,3)|0 1 1 1 1(3,4)|0 1 0 1 1(2,3)|1 1 1 0 0(3,3)|1 1 0 1 0(3,3)|0 1 1 1 0(3,3)|fitness = 0.19532040984180754|td = 21.3247311827957|tp = 56.686327686061745|valid
29 solution:
1 0 1 1 1(3,4)|1 1 0 1 0(3,3)|0 1 1 1 1(3,4)|1 1 0 1 1(3,4)|1 0 1 1 0(3,3)|1 1 0 1 1(3,4)|1 0 1 1 1(3,4)|0 1 0 1 0(2,2)|1 1 1 0 1(3,4)|0 1 0 1 1(2,3)|0 1 1 1 1(3,4)|1 0 1 1 1(3,4)|fitness = 0.19562107727675593|td = 22.180555555555557|tp = 218.99469302476388|valid
30 solution:
1 0 1 1 1(3,4)|0 1 1 1 1(3,4)|1 1 1 0 0(3,3)|0 1 1 1 1(3,4)|1 0 1 1 0(3,3)|1 1 0 1 1(3,4)|0 1 1 1 0(3,3)|1 1 0 1 0(3,3)|1 1 1 0 1(3,4)|1 1 1 0 1(3,4)|1 1 0 1 1(3,4)|1 0 1 1 1(3,4)|fitness = 0.19570224364936423|td = 23.119791666666668|tp = 168.4245772014886|valid
The final result:
fmax = 0.19646760996130708
fmin = 0.1950093444008473
fmean = 0.19562639970829707
standard std = 3.1786779000084897E-4
-1 solution:
0 1 1 1 1(3,4)|1 1 0 1 1(3,4)|1 1 1 0 1(3,4)|1 0 1 1 1(3,4)|0 1 1 1 0(3,3)|0 1 1 1 1(3,4)|0 1 1 1 1(3,4)|1 0 1 1 1(3,4)|1 0 1 1 1(3,4)|1 1 0 1 1(3,4)|1 0 1 1 1(3,4)|0 1 1 1 1(3,4)|fitness = 0.19646760996130708|td = 31.369791666666664|tp = 226.19361133379294|valid
