1 solution:
2 1|1 2|1 2|3 3|2 3|2 2|1 2|2 2|2 2|2 1|1 1|2 2|2 3|3 3|1 1|1 2|1 1|3 2|1 1|3 2|2 1|2 3|1 1|3 1|fitness = 10.167587523807976|time = 111.14334209839399|true
2 solution:
1 3|1 2|3 4|2 2|3 3|1 2|1 2|2 4|2 4|1 2|1 2|2 3|1 2|2 1|2 3|2 1|1 1|1 2|2 1|2 1|2 3|1 2|1 3|2 3|fitness = 10.224299256095396|time = 94.90615627236225|true
3 solution:
2 4|1 2|2 4|3 2|1 2|2 2|2 3|2 4|1 2|3 2|2 3|2 3|2 3|2 3|3 3|2 3|1 2|3 2|1 2|2 4|2 1|2 3|3 3|2 1|fitness = 10.119564737918724|time = 97.07783856207995|true
4 solution:
1 3|1 2|2 3|2 2|3 3|2 3|1 4|2 2|1 2|2 2|2 3|2 2|2 2|1 2|2 1|2 2|1 1|1 3|1 3|2 1|2 3|1 3|2 4|2 1|fitness = 10.37494191421954|time = 106.78409409756392|true
5 solution:
1 3|2 3|2 3|2 3|3 3|2 2|1 4|1 3|1 1|2 3|1 3|2 2|1 2|3 2|2 2|3 2|2 3|3 2|1 3|2 4|2 2|2 3|2 1|3 2|fitness = 10.230462903611459|time = 113.63953860427787|true
6 solution:
2 3|2 1|2 2|1 2|3 2|2 2|2 2|2 3|1 3|2 3|1 2|1 2|2 3|2 3|3 2|2 3|2 3|2 3|2 0|3 2|3 2|3 3|1 3|2 4|fitness = 10.146691999133955|time = 111.04434476641342|true
7 solution:
2 2|2 3|1 4|2 2|3 2|2 3|2 3|2 2|2 1|2 3|2 2|2 2|3 2|2 3|2 1|2 2|3 3|3 3|2 3|2 1|2 3|3 2|2 3|2 2|fitness = 10.17240236932365|time = 113.3020011430656|true
8 solution:
2 3|2 3|2 2|1 2|2 1|2 3|1 4|3 2|1 2|2 3|2 1|1 2|1 2|3 2|2 1|1 2|3 3|1 1|2 2|3 2|2 3|2 3|2 3|2 3|fitness = 10.348588388631851|time = 112.66708751665458|true
9 solution:
2 3|1 2|2 3|2 3|3 3|2 2|2 3|1 2|1 3|2 2|1 3|1 2|2 4|3 2|2 3|1 2|3 2|1 2|1 4|3 1|1 2|3 3|2 3|3 2|fitness = 10.280508492371354|time = 119.23924444084997|true
10 solution:
1 2|2 3|2 3|3 2|3 2|2 4|2 2|2 2|1 2|1 3|1 2|1 3|2 2|1 2|2 3|2 2|1 2|3 4|1 3|2 4|1 3|2 3|1 3|2 4|fitness = 10.25561122339943|time = 111.29486732681619|true
11 solution:
2 3|1 2|2 3|2 1|2 3|2 3|2 2|2 3|1 3|3 3|1 2|2 2|1 2|2 2|2 4|3 2|3 3|1 2|3 3|2 2|3 3|2 2|3 2|1 1|fitness = 10.211240006380951|time = 114.00384512575037|true
12 solution:
1 2|2 3|2 1|1 2|3 3|1 2|1 1|2 2|2 3|2 2|3 2|2 2|2 2|2 3|2 4|3 2|3 3|1 2|2 3|2 3|3 2|2 3|2 3|2 1|fitness = 10.237023924127097|time = 108.7459147772905|true
13 solution:
2 3|2 2|2 2|2 3|3 2|2 4|1 2|2 1|1 3|2 3|2 3|2 3|2 3|2 4|1 4|2 3|2 2|1 3|2 3|1 2|3 3|2 3|2 4|1 2|fitness = 10.189820458592491|time = 119.35170411612597|true
14 solution:
3 2|1 3|2 2|3 2|3 3|2 3|2 2|2 4|2 3|3 3|2 3|2 3|2 2|3 2|2 2|1 3|3 3|3 4|1 2|3 4|3 2|1 3|3 3|3 2|fitness = 10.140615690351968|time = 117.06744509017788|true
15 solution:
1 2|2 3|2 3|2 3|2 1|2 3|1 1|2 1|1 2|2 4|3 2|2 2|1 2|2 3|2 4|2 4|1 4|3 2|1 3|2 4|2 4|2 3|2 1|2 4|fitness = 10.132174725040851|time = 90.90881128059937|true
16 solution:
3 3|2 3|2 3|2 3|3 3|2 1|2 1|1 2|3 3|2 3|3 2|2 3|3 2|2 3|1 1|3 4|1 2|1 2|2 2|3 2|1 3|2 3|2 2|1 2|fitness = 10.101511476220061|time = 116.37450890070185|true
17 solution:
3 2|2 3|2 3|3 2|3 3|2 4|1 2|2 4|1 2|2 2|2 1|2 3|2 3|3 3|1 1|1 4|2 2|2 1|3 3|2 1|1 2|2 3|2 3|2 1|fitness = 10.186042110438466|time = 107.59341256354594|true
18 solution:
1 3|2 3|2 3|2 3|3 3|1 2|2 2|2 1|1 3|2 1|2 2|2 4|2 3|3 2|2 2|2 2|2 1|1 2|2 3|2 1|1 3|2 4|2 1|1 2|fitness = 10.32959931782386|time = 104.19797999749146|true
19 solution:
3 3|1 3|1 4|3 2|3 3|2 3|2 2|2 1|2 3|2 4|1 3|2 3|2 3|2 1|2 3|2 3|3 2|2 1|1 2|2 1|1 2|2 3|2 1|3 2|fitness = 10.22638377921508|time = 119.56325961450484|true
20 solution:
2 1|2 4|1 1|1 2|2 1|1 2|2 4|1 2|1 3|2 3|2 2|2 3|2 3|2 1|3 2|2 3|1 2|3 2|1 2|2 1|1 3|2 3|1 3|3 2|fitness = 10.227379584777966|time = 106.14179717186792|true
21 solution:
2 3|2 2|2 3|2 3|3 3|2 1|2 0|2 2|1 3|3 2|1 2|3 2|1 2|3 2|1 2|3 2|1 3|2 1|1 3|3 4|2 1|3 2|1 3|2 1|fitness = 10.236880065651468|time = 107.62280323149378|true
22 solution:
2 2|2 3|2 3|2 4|3 3|2 4|2 4|2 2|1 2|2 1|2 1|2 2|2 4|2 4|2 4|3 2|3 3|1 3|1 3|2 4|2 2|1 3|3 3|3 4|fitness = 10.074192400591599|time = 93.33438414406528|true
23 solution:
3 2|2 3|1 2|2 3|3 3|2 4|2 4|2 1|2 3|2 2|1 2|2 2|2 2|3 2|2 3|2 4|3 3|1 3|3 3|3 2|1 1|2 2|2 1|2 3|fitness = 10.281734361593303|time = 105.43506520931817|true
24 solution:
2 3|2 3|1 1|2 3|3 3|2 3|2 1|2 1|2 4|2 2|2 3|2 2|2 2|1 2|2 3|1 2|2 1|1 2|2 3|3 2|1 2|2 1|2 4|2 4|fitness = 10.21965208255189|time = 86.18286208293748|true
25 solution:
2 3|2 3|2 3|3 2|1 2|1 2|2 3|2 2|2 2|2 3|2 3|2 3|2 3|2 1|2 3|2 4|1 3|1 4|3 2|2 4|3 3|1 2|2 3|2 2|fitness = 10.20376076055267|time = 116.31296982976829|true
26 solution:
1 3|2 3|1 2|2 3|3 3|1 3|3 2|2 3|2 3|1 3|2 3|2 3|2 1|3 2|2 1|1 2|1 1|1 2|2 2|3 2|3 3|3 2|1 1|2 4|fitness = 10.228957496937495|time = 113.6190125398417|true
27 solution:
2 3|1 2|2 3|2 3|1 2|2 2|2 3|2 3|2 3|2 3|2 2|3 2|2 3|3 2|1 4|3 2|1 3|3 2|2 3|3 2|3 3|1 2|2 4|2 4|fitness = 10.252181575161309|time = 117.75533248302112|true
28 solution:
2 3|2 3|2 3|2 2|2 1|2 3|2 2|2 1|1 3|1 2|2 3|2 3|2 2|3 2|2 1|2 3|1 1|2 1|2 3|2 2|2 2|1 3|2 3|3 4|fitness = 10.294876694502102|time = 119.60746675172534|true
29 solution:
2 3|1 2|1 2|2 3|3 3|2 2|1 4|2 2|1 3|2 3|2 3|2 3|2 3|3 2|2 1|3 2|2 2|1 1|1 3|3 4|3 3|2 4|2 2|2 2|fitness = 10.313961584387641|time = 105.05474496603017|true
30 solution:
2 2|2 2|2 3|2 3|2 1|2 3|2 3|2 4|1 3|2 1|2 2|2 3|2 2|3 2|1 2|1 2|3 3|1 3|1 2|2 4|3 2|3 3|1 2|2 3|fitness = 10.279857449135832|time = 112.6982418007598|true
The final result:
fmax = 10.37494191421954
fmin = 10.074192400591599
fmean = 10.222950145084914
standard std = 0.07267272521580952
runtime = 0–° ±,0∑÷,14√Î,522∫¡√Î
-1 solution:
1 3|1 2|2 3|2 2|3 3|2 3|1 4|2 2|1 2|2 2|2 3|2 2|2 2|1 2|2 1|2 2|1 1|1 3|1 3|2 1|2 3|1 3|2 4|2 1|fitness = 10.37494191421954|time = 106.78409409756392|true
