1 solution:
3 2|4 3|5 4|5 1|3 3|3 3|5 1|3 3|3 2|6 2|5 4|6 2|4 2|5 3|4 2|3 3|4 3|5 3|3 3|3 3|5 4|3 2|5 2|5 1|fitness = 10.34503602146121|time = 245.18741957441787|true
2 solution:
3 3|6 2|5 2|3 2|5 4|3 2|6 1|3 3|5 2|5 3|5 1|5 3|3 2|6 3|4 3|3 3|5 3|3 2|4 3|5 2|5 3|5 2|6 2|3 2|fitness = 10.401608125859243|time = 249.61867140232417|true
3 solution:
3 4|4 3|1 2|5 1|6 2|5 2|1 1|3 4|6 2|4 3|5 2|5 3|4 3|1 2|3 2|5 3|6 2|6 2|4 4|5 3|5 3|6 3|6 2|5 4|fitness = 10.111925618424005|time = 226.15380589539384|true
4 solution:
3 3|6 2|6 3|5 1|6 3|6 2|5 3|3 4|5 2|5 3|4 4|5 3|4 3|3 3|4 3|3 3|6 2|5 2|2 2|5 3|5 4|5 2|6 2|5 3|fitness = 10.22116567721102|time = 245.3742050541942|true
5 solution:
5 2|4 3|5 4|3 3|2 1|5 2|5 3|5 1|5 3|1 2|5 4|5 2|3 3|6 3|5 4|6 2|3 4|3 3|4 3|5 3|5 2|3 2|3 3|5 1|fitness = 10.298674850661683|time = 243.198376680843|true
6 solution:
3 3|3 3|3 3|5 3|5 1|3 3|5 3|3 3|5 1|5 3|4 3|5 2|4 4|3 3|3 3|5 2|3 3|5 2|4 3|3 3|3 3|4 3|5 2|5 1|fitness = 10.394996487472207|time = 201.47343827315586|true
7 solution:
3 3|3 3|3 3|5 4|3 3|5 4|5 3|6 2|3 3|4 3|3 2|5 2|5 2|6 2|3 2|5 3|5 3|3 2|3 2|3 3|3 3|5 4|6 2|6 1|fitness = 10.267383017873277|time = 240.14911565528598|true
8 solution:
4 3|5 2|3 3|3 3|3 4|3 3|5 4|5 4|5 2|5 4|5 4|6 2|5 1|4 4|4 3|5 3|5 4|5 1|4 4|4 2|6 3|5 3|5 3|3 2|fitness = 10.23783246895758|time = 236.1448396230233|true
9 solution:
5 4|3 3|3 1|4 4|3 4|5 2|5 3|5 4|3 2|5 1|5 0|5 3|3 2|4 3|3 3|5 3|3 3|4 2|1 2|3 3|6 2|6 2|5 2|1 1|fitness = 10.210694710029156|time = 247.01467749430796|true
10 solution:
3 3|3 2|3 3|5 3|5 4|3 3|4 3|5 4|3 2|4 3|3 3|4 3|3 3|5 4|6 2|6 2|5 2|5 4|5 3|3 3|6 2|5 3|5 4|5 4|fitness = 10.291873502860893|time = 221.8467074904653|true
11 solution:
3 3|5 2|5 2|3 1|3 4|3 2|4 4|5 2|5 4|5 3|6 1|3 3|5 3|6 2|5 3|6 2|6 2|3 3|4 3|5 3|3 3|3 2|4 3|5 2|fitness = 10.2956311604065|time = 227.60529406861298|true
12 solution:
3 2|5 2|5 3|3 1|5 3|3 3|4 4|5 2|3 2|4 3|5 4|5 3|5 1|1 3|3 3|3 2|3 4|6 2|5 1|5 4|4 4|3 1|1 2|1 1|fitness = 10.314084338511735|time = 217.7905764030749|true
13 solution:
3 1|5 3|3 4|5 2|5 1|3 3|5 2|3 3|1 2|1 1|5 4|4 3|4 1|3 3|4 3|5 2|1 3|3 3|3 2|5 2|6 2|5 1|5 3|5 1|fitness = 10.394188173019652|time = 224.4997612598184|true
14 solution:
5 3|5 2|5 2|3 3|6 4|5 2|6 1|5 2|5 1|3 1|3 3|5 3|6 1|4 3|6 2|5 3|6 2|5 4|4 4|5 2|5 3|3 2|1 2|4 4|fitness = 10.350491036396976|time = 227.03933204928796|true
15 solution:
5 2|6 2|5 3|5 2|6 1|5 3|3 2|5 4|4 2|6 2|5 1|3 4|5 1|1 2|1 3|4 2|3 3|5 4|3 2|2 3|5 4|4 2|5 3|5 4|fitness = 10.230282505181671|time = 249.3815682271668|true
16 solution:
5 2|6 3|3 3|5 3|4 4|5 2|5 4|5 4|5 1|5 2|3 3|5 2|5 4|3 3|6 2|4 3|3 3|4 3|3 3|5 2|3 3|5 3|3 3|3 1|fitness = 10.276329568003504|time = 233.47166930828664|true
17 solution:
4 2|3 3|5 2|3 2|3 4|3 4|6 3|3 3|3 3|6 3|5 2|5 3|3 3|5 3|3 3|3 3|4 3|5 2|3 2|6 2|5 3|3 2|5 3|5 4|fitness = 10.2448097013262|time = 242.59273143895277|true
18 solution:
3 3|4 3|5 2|4 4|6 4|5 2|5 1|3 3|6 2|6 2|5 4|3 3|3 3|1 4|6 3|6 2|6 2|5 2|3 1|5 2|5 4|5 2|5 3|5 3|fitness = 10.307517912785562|time = 221.03762258620907|true
19 solution:
5 2|5 3|6 3|3 1|3 3|3 4|5 2|5 2|4 3|1 2|6 1|5 2|3 3|1 4|6 2|5 2|5 3|3 3|4 4|6 2|5 3|5 3|3 3|3 4|fitness = 10.307515511009358|time = 227.2370196606448|true
20 solution:
3 3|5 2|3 2|3 2|5 2|4 3|4 3|1 2|5 4|4 3|4 2|5 3|4 4|6 2|4 3|5 3|5 3|3 2|1 1|3 3|6 2|3 3|3 3|4 3|fitness = 10.212192532463916|time = 249.5349760010688|true
21 solution:
3 3|5 3|5 2|5 1|3 2|5 3|4 1|5 3|5 1|3 3|3 2|5 4|3 3|3 2|6 2|4 3|1 3|5 1|2 3|5 2|5 2|3 2|5 3|5 2|fitness = 10.27650815899778|time = 244.46989921268374|true
22 solution:
3 3|6 2|5 2|5 3|3 4|3 3|5 3|5 3|3 2|3 3|5 4|6 2|5 4|5 1|6 2|1 2|4 3|3 2|5 3|3 3|4 3|5 2|3 2|3 1|fitness = 10.349123047108797|time = 246.33507180805677|true
23 solution:
3 2|4 3|5 3|3 3|5 4|5 2|4 4|5 4|3 3|3 3|3 2|5 2|3 3|1 2|3 3|4 3|5 4|3 3|4 3|4 2|5 3|3 2|5 3|3 3|fitness = 10.284347455923047|time = 243.15021334016348|true
24 solution:
5 2|3 3|3 3|5 1|3 3|5 3|4 3|3 3|5 3|3 3|3 3|1 2|4 3|3 3|6 2|5 3|3 3|5 4|5 2|6 2|3 3|5 4|1 2|4 1|fitness = 10.289104192906947|time = 212.1892542864463|true
25 solution:
3 2|3 3|5 1|5 2|5 3|5 2|4 2|5 3|6 2|4 4|6 2|5 3|5 2|3 2|4 2|3 3|3 3|5 3|3 3|5 2|4 2|5 2|5 1|5 1|fitness = 10.236539767008615|time = 247.85624183849532|true
26 solution:
5 2|4 2|3 2|6 2|3 4|3 3|5 2|3 3|4 4|5 4|4 2|5 3|5 1|1 2|3 3|5 1|6 2|4 3|3 3|4 2|4 2|5 3|5 3|3 3|fitness = 10.163085512332483|time = 233.96967334265378|true
27 solution:
4 2|5 2|5 4|6 2|5 1|3 3|4 3|3 3|1 2|6 2|3 2|3 4|3 3|5 3|3 0|1 2|5 3|3 1|3 1|5 4|1 2|1 2|5 3|5 3|fitness = 10.259280441814086|time = 218.26930401571286|true
28 solution:
3 1|5 4|4 2|3 2|6 1|5 2|4 3|5 3|4 2|5 1|4 2|6 2|3 4|1 2|5 3|3 4|5 4|5 1|4 3|3 3|5 2|5 3|5 2|4 4|fitness = 10.12025631264559|time = 233.88037278048841|true
29 solution:
3 2|5 3|5 3|4 3|6 2|1 2|6 2|5 1|5 1|5 2|2 3|4 3|6 2|4 3|4 3|4 3|4 2|5 3|4 1|3 4|5 4|5 3|5 1|5 1|fitness = 10.137302474102857|time = 244.51910861800192|true
30 solution:
5 2|4 3|3 4|3 2|5 2|3 3|5 4|3 3|3 3|4 2|3 1|3 3|5 2|5 1|6 3|5 3|3 1|2 2|6 3|6 3|5 2|5 2|6 3|5 1|fitness = 10.158745936468568|time = 192.36968791723388|true
31 solution:
5 2|6 2|5 2|4 4|3 4|5 3|6 2|3 3|5 4|6 1|4 3|5 3|4 2|5 4|4 3|5 2|4 3|5 2|4 4|3 4|5 3|3 2|4 3|5 4|fitness = 10.267016254023874|time = 247.05190750796353|true
32 solution:
3 2|6 2|4 2|4 4|6 3|3 3|6 1|3 2|5 1|5 2|5 4|5 2|6 1|3 3|4 3|5 2|3 3|3 3|3 2|3 1|5 2|3 2|5 3|4 4|fitness = 10.402604662967466|time = 248.07299195202035|true
33 solution:
3 1|5 2|5 2|3 2|6 4|5 2|6 3|3 3|5 2|5 3|5 1|5 3|4 1|5 3|6 2|3 3|4 2|5 4|1 1|5 2|3 3|3 2|4 3|5 4|fitness = 10.336198820346628|time = 248.33109408911568|true
34 solution:
3 3|5 2|2 3|5 3|5 4|3 3|1 2|1 2|3 2|4 3|3 3|1 2|5 4|3 3|5 2|3 3|5 2|3 2|3 1|3 4|3 3|5 2|5 3|5 1|fitness = 10.42777544310419|time = 249.2194284373262|true
35 solution:
3 3|3 3|5 1|3 2|5 2|3 2|5 2|5 4|3 3|1 2|5 1|3 3|5 3|3 3|3 3|3 3|5 2|3 3|5 4|3 3|5 3|3 2|3 4|3 3|fitness = 10.354473511265024|time = 206.14434656890697|true
36 solution:
5 4|5 2|5 3|3 3|3 2|3 2|4 4|1 3|5 2|5 2|3 2|5 2|6 1|1 3|4 3|5 2|3 3|3 2|3 3|3 3|3 2|5 3|3 3|5 1|fitness = 10.371791669589967|time = 247.7807897777192|true
37 solution:
3 3|5 3|5 4|5 2|5 2|5 1|6 1|5 2|1 1|6 2|5 4|5 3|4 3|5 4|3 2|6 2|3 4|3 3|3 2|3 3|6 2|3 2|5 2|6 1|fitness = 10.345206337776052|time = 248.09802266283066|true
38 solution:
5 2|5 3|1 2|4 4|3 3|3 3|5 2|6 2|3 2|4 2|3 2|3 3|4 1|4 3|5 3|5 2|5 3|5 4|4 1|3 3|5 2|5 2|3 3|5 1|fitness = 10.377674761066412|time = 242.96956050738535|true
39 solution:
3 3|4 3|4 3|5 2|5 4|4 3|4 3|3 3|3 3|5 2|5 1|5 2|4 3|3 3|5 3|4 3|4 2|3 3|3 2|4 2|3 2|3 4|5 3|3 3|fitness = 10.166872555557028|time = 230.91581980815704|true
40 solution:
5 4|5 2|3 3|3 2|2 3|4 3|3 3|6 2|3 3|5 4|3 3|4 2|4 4|5 3|3 3|3 3|5 2|3 2|4 4|3 4|5 3|5 2|4 3|5 4|fitness = 10.158970794867056|time = 222.04564477045477|true
41 solution:
5 2|5 3|5 2|4 4|3 4|3 3|6 3|3 2|5 2|4 3|6 2|6 3|1 1|5 3|5 2|5 4|3 3|5 2|3 3|3 3|6 2|4 3|1 2|4 4|fitness = 10.213826984136475|time = 248.03080429557156|true
42 solution:
3 3|4 2|5 2|5 2|6 3|3 3|5 4|5 4|3 2|4 2|6 2|5 4|3 3|3 3|4 3|3 3|5 2|3 2|5 3|4 2|5 3|4 3|4 3|5 2|fitness = 10.218493262351174|time = 213.47997823869292|true
43 solution:
5 3|3 3|5 3|5 4|6 2|3 2|6 2|6 2|5 2|6 2|3 3|5 2|1 1|5 4|3 4|3 3|3 3|5 1|5 2|3 3|5 3|6 3|1 2|4 4|fitness = 10.239083718623545|time = 247.1690898328288|true
44 solution:
5 2|5 2|5 3|5 3|3 4|3 3|5 1|3 3|5 2|5 3|4 4|3 3|1 2|3 3|4 4|5 3|5 3|3 2|4 4|3 3|3 4|5 2|6 2|6 1|fitness = 10.327180841534052|time = 242.99033304282662|true
45 solution:
6 2|5 2|6 2|3 3|5 4|5 3|5 3|5 2|5 4|6 2|3 1|3 3|6 4|3 3|4 3|3 3|5 3|5 1|4 2|3 3|5 3|3 2|5 2|4 4|fitness = 10.293329083166016|time = 220.869365665591|true
46 solution:
3 3|5 2|4 2|3 3|3 4|5 2|5 4|3 2|5 2|4 3|3 1|5 2|1 3|3 3|6 2|5 3|3 3|4 2|3 1|3 3|5 4|3 2|5 4|4 4|fitness = 10.307249652471095|time = 229.73581866076967|true
47 solution:
3 3|5 3|3 2|3 4|5 4|3 3|3 3|5 1|3 3|3 1|3 2|4 3|3 3|3 3|6 2|5 3|6 2|4 3|3 2|4 2|5 3|5 4|3 2|5 4|fitness = 10.216323113358104|time = 198.53021769526546|true
48 solution:
3 1|6 2|5 3|5 1|5 2|6 2|5 3|5 4|5 2|6 2|3 3|1 2|6 1|6 1|5 3|5 3|5 2|3 3|3 4|6 2|3 3|4 1|5 4|1 2|fitness = 10.268959558162074|time = 249.53219305107706|true
49 solution:
5 3|4 2|5 2|3 3|6 2|6 2|5 3|3 3|3 3|5 3|3 3|3 3|6 1|5 2|6 2|5 3|5 2|5 1|3 4|3 3|5 2|5 2|4 3|5 4|fitness = 10.356871444508144|time = 243.77620979279146|true
50 solution:
3 2|3 3|5 4|3 3|3 4|3 2|4 3|5 4|5 2|5 2|5 2|6 2|1 1|3 3|5 2|4 3|5 3|3 3|4 4|3 4|5 2|4 3|6 2|5 3|fitness = 10.285466292030499|time = 229.57981909965383|true
The final result:
fmax = 10.42777544310419
fmin = 10.111925618424005
fmean = 10.278477899602581
standard std = 0.07828310025444676
-1 solution:
3 3|5 2|2 3|5 3|5 4|3 3|1 2|1 2|3 2|4 3|3 3|1 2|5 4|3 3|5 2|3 3|5 2|3 2|3 1|3 4|3 3|5 2|5 3|5 1|fitness = 10.42777544310419|time = 249.2194284373262|true
