1 solution:
2 3|1 3|2 1|6 1|6 3|5 1|6 3|1 6|4 4|1 3|2 5|4 3|2 3|6 4|6 4|2 5|4 6|4 3|1 4|6 7|2 4|2 1|3 5|4 3|4 7|6 1|2 7|4 4|1 8|2 7|4 4|4 1|6 3|4 3|6 1|2 4|1 1|4 5|3 8|5 5|6 1|4 4|4 1|1 8|5 6|2 3|4 2|5 1|5 1|6 3|fitness = 20.392851000700528|time = 148.87657440635618|true
2 solution:
2 1|2 5|6 3|2 4|1 7|3 4|6 1|4 3|2 3|5 5|2 3|3 3|4 1|6 7|1 0|5 8|2 2|6 7|4 3|4 3|5 7|2 4|4 3|1 4|4 1|4 3|2 2|5 1|6 1|6 3|1 4|1 3|4 1|4 1|6 3|5 1|1 4|5 8|1 7|1 3|4 3|1 3|6 8|6 7|4 4|5 1|4 4|4 4|3 1|5 3|fitness = 20.81677819602707|time = 145.4494299090334|true
3 solution:
6 7|4 4|6 5|4 5|4 1|6 7|5 8|4 3|3 3|2 5|5 4|1 1|5 5|3 4|4 2|5 8|6 8|4 8|6 3|6 4|4 7|5 8|4 3|1 3|1 5|6 3|5 1|6 3|4 3|4 4|4 7|6 6|4 3|5 5|6 4|6 4|4 5|4 4|1 3|6 3|5 8|1 5|4 3|5 5|4 4|6 3|6 2|6 3|6 4|1 4|fitness = 20.671485666438414|time = 149.27312892252266|true
4 solution:
2 3|5 5|5 8|6 3|4 4|2 1|1 4|4 8|5 3|5 8|6 4|5 6|6 7|4 4|6 1|1 3|2 3|2 5|6 3|1 5|1 4|2 3|4 3|4 3|4 4|6 5|5 8|5 7|2 1|6 8|2 3|1 8|2 1|4 7|1 1|5 8|6 3|1 4|1 3|1 1|6 3|1 7|1 4|4 4|6 4|6 7|1 2|6 3|6 7|1 1|fitness = 20.762313254786527|time = 149.310491244676|true
5 solution:
5 3|5 4|4 3|6 3|2 3|6 4|2 2|2 5|5 7|4 4|6 4|1 4|2 3|3 8|4 5|4 1|2 4|4 1|6 4|4 3|4 6|5 5|2 3|1 1|4 4|3 3|4 3|4 3|6 1|2 4|6 7|6 4|5 5|5 3|5 8|5 5|1 1|4 8|4 3|4 7|4 1|4 7|5 1|1 4|3 3|6 1|1 5|4 1|5 3|5 8|fitness = 20.652462078339482|time = 148.82755504257082|true
6 solution:
2 4|4 3|4 7|3 1|5 7|4 5|4 5|5 8|4 3|4 8|5 4|1 3|1 8|5 3|5 3|5 8|6 1|2 5|3 3|4 7|4 4|6 5|5 3|4 4|4 4|4 3|1 4|2 4|6 7|1 4|2 3|4 4|4 6|6 8|3 6|5 8|6 3|6 3|6 3|4 4|2 3|3 7|2 5|2 3|5 8|4 7|4 8|6 4|4 3|5 1|fitness = 20.29157913181077|time = 146.33942922970803|true
7 solution:
1 4|4 4|6 5|2 4|1 4|4 4|6 7|1 8|4 3|2 4|1 3|3 7|3 5|5 2|5 8|4 4|4 3|1 7|1 8|4 7|6 3|5 3|5 3|6 8|6 5|1 3|2 1|5 8|6 3|4 1|5 6|4 4|6 3|4 4|4 1|5 4|6 3|6 5|1 1|6 3|4 7|2 4|6 8|4 3|6 7|5 3|5 8|4 4|2 7|6 3|fitness = 20.71055170208261|time = 145.4602001389809|true
8 solution:
1 7|5 3|4 5|6 8|6 3|5 3|4 7|2 7|5 5|5 8|4 4|2 7|5 3|4 6|4 1|6 5|6 8|4 4|5 5|4 8|5 3|5 4|1 3|2 4|6 4|4 3|6 3|3 4|4 3|5 8|4 7|4 4|3 5|4 2|1 5|5 3|5 3|4 4|4 3|5 5|6 3|6 5|1 5|6 5|4 4|2 4|4 6|5 6|6 3|5 5|fitness = 20.374626317751154|time = 144.56173323936872|true
9 solution:
6 3|5 8|6 5|6 4|5 3|6 8|1 8|4 7|5 3|5 8|6 3|6 5|1 7|2 7|3 8|2 4|2 2|6 5|4 3|2 3|4 8|6 1|4 3|5 5|5 5|6 4|4 7|1 3|5 5|5 3|4 4|6 1|4 6|1 3|3 4|5 7|6 4|6 5|5 6|6 4|3 3|6 5|2 7|1 8|2 3|2 4|4 1|5 6|4 3|5 5|fitness = 20.126523852527097|time = 138.2867613057415|true
10 solution:
1 3|4 1|6 8|4 4|1 8|5 7|6 7|1 1|1 4|5 5|6 4|6 6|6 3|1 1|1 1|5 7|1 3|1 7|2 3|5 8|1 1|4 4|5 5|5 5|1 5|4 3|4 3|4 3|5 8|6 3|1 1|4 1|2 3|4 4|6 4|5 3|5 2|6 3|4 3|2 7|1 7|5 4|4 7|6 3|1 1|6 4|3 0|2 3|1 8|5 6|fitness = 20.631746640941305|time = 149.63773294544373|true
11 solution:
2 3|5 5|6 5|6 3|1 7|5 7|6 3|4 6|5 8|4 1|5 2|5 8|4 4|4 2|1 1|5 1|4 8|5 8|6 4|6 5|5 7|6 8|6 7|5 5|6 1|6 4|5 3|4 3|4 1|1 4|4 4|3 8|4 6|4 7|6 8|5 4|3 6|1 3|6 3|2 3|6 3|6 3|4 6|4 8|4 3|4 7|4 2|4 3|6 3|5 5|fitness = 20.38433964703176|time = 146.32523067660355|true
12 solution:
6 3|6 4|2 8|6 1|1 3|6 7|4 3|1 5|6 3|2 4|4 8|1 4|5 1|4 4|6 7|2 5|5 8|1 1|6 7|5 7|1 7|4 1|2 1|4 3|6 5|6 4|4 3|6 3|4 3|6 3|5 8|2 8|1 5|1 5|1 3|6 3|6 7|5 1|4 7|6 3|2 1|4 7|4 3|4 7|4 1|1 5|5 8|1 1|5 2|2 2|fitness = 20.53118914328442|time = 146.84512377010486|true
13 solution:
4 2|4 3|4 4|5 5|1 7|4 4|2 7|3 2|3 3|6 4|5 7|4 5|4 3|4 8|4 5|5 1|6 3|5 7|5 3|2 3|4 4|6 1|5 5|4 3|2 2|6 3|6 5|4 4|5 1|4 7|4 4|6 3|4 8|5 4|6 7|5 5|4 2|6 5|6 5|4 3|2 1|5 3|4 1|4 3|1 4|5 1|6 2|4 4|3 3|2 3|fitness = 20.704467548938208|time = 139.75510045094714|true
14 solution:
5 3|5 3|5 8|5 3|6 7|5 3|5 8|6 8|5 7|5 6|3 3|6 8|4 4|4 5|6 7|4 3|5 6|5 4|6 7|4 3|6 5|6 3|4 8|4 4|1 5|6 3|5 7|6 1|6 4|5 8|1 5|2 2|4 7|4 7|5 6|5 8|6 4|6 4|6 7|1 3|4 8|4 8|1 3|4 3|6 4|1 1|6 2|4 3|2 4|3 1|fitness = 20.430972001786255|time = 148.77851438805033|true
15 solution:
6 3|4 1|4 2|4 3|6 5|3 3|4 4|2 1|5 5|5 5|1 7|3 3|2 4|1 5|4 7|6 5|4 8|5 1|6 1|5 1|4 3|4 3|4 1|6 4|2 1|6 1|1 7|3 3|4 4|5 5|2 4|2 3|4 1|4 4|1 8|4 4|6 4|2 3|6 3|1 7|6 4|6 5|6 5|4 4|4 3|1 7|4 8|5 3|4 3|5 4|fitness = 20.632948264926732|time = 140.82176373087268|true
16 solution:
1 3|5 1|2 1|6 4|4 3|3 3|4 3|6 0|1 4|5 4|6 3|1 8|6 3|1 7|4 7|6 4|3 1|4 8|6 1|4 7|2 3|5 1|5 7|2 4|4 7|5 6|2 3|6 4|6 8|6 5|1 4|4 8|2 5|3 3|3 2|2 7|4 7|6 1|4 3|6 4|4 8|5 3|1 1|6 4|4 1|1 4|4 5|2 5|6 3|1 3|fitness = 20.502043021594343|time = 142.0243725749238|true
17 solution:
6 3|4 4|4 1|6 1|1 5|5 8|5 2|4 3|1 4|2 3|1 3|1 4|1 4|1 5|1 8|2 4|2 4|4 4|2 3|5 5|1 3|5 5|6 3|6 4|1 1|3 3|5 1|5 3|6 5|5 7|6 5|4 3|2 1|5 2|3 5|6 7|6 2|4 3|5 3|1 4|6 3|6 2|4 7|1 5|5 3|1 1|4 8|1 4|5 8|1 3|fitness = 20.675862677148274|time = 144.93324255930682|true
18 solution:
2 3|5 3|4 4|5 5|1 5|6 3|2 3|6 5|2 3|6 1|6 1|6 4|6 4|4 3|4 7|5 7|6 4|1 7|5 4|4 4|6 1|6 4|5 5|2 7|1 5|6 5|4 4|6 3|6 5|5 3|5 7|6 3|4 6|5 5|1 8|4 3|4 7|6 8|6 3|4 3|5 3|4 7|6 5|3 4|4 1|4 2|4 8|6 3|6 7|5 3|fitness = 20.70413642803001|time = 144.17254514583652|true
19 solution:
6 4|3 1|1 5|2 5|3 3|6 4|2 8|6 8|4 3|4 8|5 3|5 7|1 5|5 4|4 7|4 3|2 8|4 4|5 3|5 5|6 7|2 5|4 3|1 4|6 4|1 1|6 6|5 5|5 3|4 7|4 7|6 4|4 3|3 4|6 5|4 1|5 3|4 6|2 3|6 4|4 4|4 4|4 3|4 4|6 7|4 1|2 3|4 5|6 3|5 1|fitness = 20.35051756700574|time = 145.33057785160693|true
20 solution:
4 3|4 3|4 5|4 4|3 3|6 8|6 7|1 5|5 8|4 3|6 4|5 6|4 1|6 5|3 8|6 3|5 3|4 7|6 7|6 3|6 4|4 1|6 4|4 4|4 8|4 3|3 7|5 3|6 5|5 1|2 8|4 8|4 4|5 5|6 2|5 7|5 2|6 3|4 3|4 4|6 5|4 7|6 5|1 8|4 7|4 3|6 6|5 3|6 3|6 8|fitness = 20.54944995579393|time = 148.9099315016367|true
21 solution:
2 3|4 4|6 4|4 8|1 7|6 3|3 3|6 4|4 3|4 4|2 5|6 1|5 3|1 4|3 5|3 4|4 4|4 2|5 5|4 8|5 7|2 4|6 4|4 8|2 3|1 7|6 8|6 1|2 8|5 1|4 1|1 4|3 8|5 3|4 7|5 3|2 7|3 7|6 4|4 3|5 8|2 3|4 1|5 8|2 3|4 4|2 8|1 4|6 7|2 8|fitness = 20.046791674821392|time = 146.67704653813024|true
22 solution:
4 3|6 4|4 5|5 6|5 3|6 4|6 4|3 7|2 3|5 7|5 1|1 7|4 6|1 7|4 2|5 2|4 3|4 3|1 7|5 7|6 3|6 8|4 4|4 4|4 7|4 3|5 6|4 1|4 4|4 4|2 6|4 1|6 4|5 7|4 3|3 8|5 6|6 8|6 3|4 5|4 1|4 3|4 8|4 4|6 3|6 3|6 3|4 4|4 3|4 8|fitness = 20.39858177284612|time = 146.79931045343756|true
23 solution:
6 3|2 7|5 6|6 4|5 7|4 3|4 5|1 5|5 1|1 3|1 3|6 7|6 7|4 3|1 8|5 1|6 4|4 1|5 7|4 3|5 4|4 6|4 4|1 4|6 4|4 3|4 7|5 7|4 5|5 3|6 3|4 3|4 1|2 8|4 3|6 4|4 7|4 3|4 4|4 3|5 8|4 1|1 8|5 1|5 7|6 3|4 2|2 7|5 8|5 6|fitness = 20.463045943703342|time = 148.66409846961764|true
24 solution:
6 6|4 4|6 4|3 3|5 3|5 5|6 3|4 5|5 7|3 3|5 5|4 6|6 3|4 3|4 5|5 4|4 5|6 7|4 4|2 3|4 4|5 3|6 4|4 3|4 2|2 3|1 1|5 3|4 7|1 1|4 4|5 6|6 4|5 2|2 5|5 7|5 5|6 7|6 7|5 5|6 8|5 1|4 3|5 5|4 4|3 5|6 1|4 7|5 5|5 4|fitness = 20.21393057333612|time = 144.65760661672996|true
25 solution:
5 2|4 3|4 3|6 5|1 3|1 7|6 4|4 6|5 5|4 8|5 5|1 1|4 4|4 4|6 8|5 7|5 1|5 2|5 3|5 3|5 5|2 8|5 5|5 5|6 5|5 3|4 1|5 3|1 3|1 4|6 5|4 7|4 4|6 7|6 6|6 3|6 4|5 3|5 3|2 3|4 1|4 7|4 4|2 4|5 6|2 4|3 3|5 4|6 8|6 4|fitness = 20.38114219581048|time = 144.98660243226192|true
26 solution:
5 3|6 5|1 6|6 4|2 4|5 7|5 1|5 5|4 3|4 3|5 7|1 4|3 3|4 3|4 8|2 4|6 3|4 7|1 4|1 1|5 7|4 1|2 3|5 4|4 1|6 5|5 5|5 4|1 1|4 3|1 4|5 4|1 1|5 5|3 4|6 3|1 2|1 3|6 4|4 7|2 4|4 7|4 3|4 7|5 5|5 8|4 4|6 3|6 3|4 4|fitness = 20.71317014550132|time = 147.67098343339993|true
27 solution:
4 4|1 5|2 6|5 3|1 8|5 8|6 1|6 3|3 3|5 3|6 7|5 3|1 5|3 8|6 5|6 4|4 3|1 1|6 3|2 8|5 4|4 7|4 4|5 3|6 5|6 3|5 1|6 7|5 1|1 5|1 7|6 7|6 7|6 7|2 4|6 7|6 5|4 4|1 7|1 1|2 3|4 3|5 6|4 4|5 1|2 3|2 6|6 3|2 3|5 1|fitness = 20.484885667219633|time = 146.63113676112545|true
28 solution:
6 5|4 7|6 1|4 7|6 4|6 7|6 4|2 7|6 8|6 4|5 1|5 8|4 3|1 8|6 7|6 3|5 3|6 3|1 5|6 3|5 8|2 3|2 4|1 4|2 3|6 6|5 3|5 7|6 8|5 1|6 3|2 4|2 7|6 8|6 1|5 5|2 7|4 1|6 5|1 7|4 8|4 7|6 2|5 3|6 4|4 1|4 3|6 3|2 1|5 7|fitness = 20.082665860786335|time = 149.78913339453192|true
29 solution:
4 1|6 7|6 8|2 1|4 7|4 3|5 1|6 2|4 1|4 4|4 4|6 1|4 4|6 7|6 2|6 3|4 3|1 3|5 4|5 2|1 8|4 8|4 3|1 3|4 8|6 2|3 7|5 3|4 3|3 3|2 3|3 3|4 4|6 2|2 5|2 8|4 8|6 7|4 3|2 5|4 3|6 5|1 8|5 3|5 4|6 5|4 2|4 1|5 6|5 2|fitness = 20.23585134777538|time = 147.60060066790155|true
30 solution:
1 4|6 5|3 5|5 8|5 3|5 3|4 4|4 3|1 3|6 4|3 4|4 5|1 8|6 7|6 7|4 4|4 8|4 1|1 5|4 3|6 6|4 1|4 4|1 3|4 4|4 4|5 8|5 3|3 7|5 3|4 3|4 3|6 3|6 7|6 4|2 4|5 2|1 3|3 4|4 1|2 8|1 7|1 5|3 3|2 4|5 1|6 5|6 3|6 7|5 5|fitness = 20.624112774589726|time = 149.7289688158642|true
The final result:
fmax = 20.81677819602707
fmin = 20.046791674821392
fmean = 20.484700735111144
standard std = 0.2101410186659537
-1 solution:
2 1|2 5|6 3|2 4|1 7|3 4|6 1|4 3|2 3|5 5|2 3|3 3|4 1|6 7|1 0|5 8|2 2|6 7|4 3|4 3|5 7|2 4|4 3|1 4|4 1|4 3|2 2|5 1|6 1|6 3|1 4|1 3|4 1|4 1|6 3|5 1|1 4|5 8|1 7|1 3|4 3|1 3|6 8|6 7|4 4|5 1|4 4|4 4|3 1|5 3|fitness = 20.81677819602707|time = 145.4494299090334|true
