1 solution:
6 1|6 4|1 2|3 3|6 4|5 3|5 5|4 7|2 3|2 3|2 3|6 4|2 3|2 8|4 8|2 8|6 2|1 1|5 7|6 4|6 4|6 4|4 7|5 3|4 2|1 5|3 3|4 4|6 4|6 3|2 7|1 1|6 0|6 1|6 1|5 3|5 5|1 6|4 3|4 3|5 6|2 4|4 7|3 5|2 7|4 1|6 5|5 3|6 7|2 3|fitness = 20.465434451095994|time = 148.276854072224|true
2 solution:
6 6|4 4|5 7|6 7|6 3|6 6|2 3|1 7|6 7|5 5|6 4|1 5|1 5|6 3|4 8|5 6|6 7|5 8|6 7|4 1|4 4|6 3|5 6|5 3|5 8|1 3|6 5|4 3|5 5|6 8|1 7|4 3|6 2|6 4|5 3|4 3|4 1|6 8|2 7|4 4|2 1|5 3|3 5|6 3|6 4|4 3|3 8|5 7|6 1|1 7|fitness = 20.06905888445396|time = 147.9143069115677|true
3 solution:
5 3|4 3|4 4|4 7|1 3|6 3|2 4|4 6|6 4|5 5|4 4|3 5|1 5|3 7|4 1|5 6|2 4|2 8|1 3|5 7|5 7|4 1|4 5|5 5|4 8|6 4|6 5|4 3|4 7|4 1|6 6|6 8|4 3|4 7|6 5|6 4|1 4|4 6|4 4|5 3|6 4|6 5|4 3|4 7|2 3|1 5|5 1|5 6|5 6|5 3|fitness = 20.42267729124343|time = 130.70102673624658|true
4 solution:
6 8|6 4|4 6|4 4|6 3|3 3|6 3|4 3|4 3|4 7|1 7|2 3|6 7|6 5|5 1|6 3|6 4|1 6|1 1|4 3|1 4|5 5|5 3|6 3|4 4|4 3|5 7|4 4|5 3|5 8|1 5|4 5|6 3|5 4|3 1|4 7|5 6|6 3|4 5|4 4|4 5|1 4|4 0|1 7|4 5|4 8|2 5|4 8|1 4|4 3|fitness = 20.63088572618675|time = 144.90941837623873|true
5 solution:
2 5|4 1|1 7|5 8|4 4|4 4|6 7|4 3|4 4|5 3|4 7|6 3|4 1|3 2|6 4|4 3|6 7|2 7|2 3|4 4|5 3|5 4|4 7|5 4|2 4|6 3|5 4|6 5|6 7|4 7|5 3|4 4|4 5|2 8|4 7|5 3|6 4|6 8|5 3|6 4|6 3|4 1|4 7|5 3|6 4|1 6|4 5|2 5|6 3|2 3|fitness = 20.562071415863965|time = 149.06360949940805|true
6 solution:
4 3|4 1|2 2|6 4|6 4|5 5|6 5|4 1|2 4|4 3|4 4|3 5|4 5|3 6|6 5|5 5|4 3|5 4|6 4|5 4|1 3|4 4|6 4|4 8|4 8|4 3|5 4|4 1|5 5|4 1|2 8|4 5|4 3|5 5|5 1|5 7|4 3|4 8|4 3|4 3|1 8|4 3|4 4|5 7|4 4|4 3|4 3|6 3|6 4|5 7|fitness = 20.644838133957574|time = 149.63769420878333|true
7 solution:
2 8|5 5|5 5|2 3|4 3|5 3|6 5|4 6|3 3|5 4|6 6|1 6|1 8|1 2|4 5|6 5|4 7|6 4|1 7|1 7|5 3|2 7|4 3|6 1|5 6|4 3|5 8|5 7|5 3|6 4|4 4|6 4|4 3|4 3|6 3|5 7|3 5|4 4|5 7|4 4|4 3|4 4|5 7|4 4|3 3|1 8|6 3|2 1|6 4|1 8|fitness = 20.34818165858302|time = 149.55542595816382|true
8 solution:
2 3|4 7|5 3|6 3|1 1|5 1|4 1|6 8|6 3|4 4|6 8|6 7|2 3|2 3|6 4|5 1|5 6|1 5|5 3|6 5|1 1|2 3|4 3|1 8|3 3|4 5|2 4|4 3|6 4|5 1|4 7|2 4|6 3|1 2|6 4|4 1|4 8|6 7|4 3|4 4|4 7|5 4|6 4|1 6|6 1|4 2|4 8|5 4|6 4|6 8|fitness = 20.434232739508207|time = 146.54254355366695|true
9 solution:
4 3|6 7|5 7|1 1|6 3|6 3|6 3|4 8|5 3|4 4|4 3|2 8|4 1|4 2|4 7|5 3|6 6|1 5|5 7|5 3|5 3|5 8|1 7|1 3|5 7|6 7|5 4|5 1|5 7|6 1|4 4|6 7|4 6|2 5|1 4|4 1|6 5|4 1|3 4|5 3|4 7|2 7|5 3|5 4|6 5|5 1|2 5|1 3|5 8|5 1|fitness = 20.616391845515743|time = 148.27562381856328|true
10 solution:
4 4|4 4|4 5|4 3|6 3|2 4|4 3|1 8|5 3|2 3|6 4|6 3|1 6|5 4|1 1|5 5|6 8|5 2|2 4|3 3|4 4|5 3|6 3|5 7|6 8|4 3|3 3|6 5|6 4|5 5|6 3|6 5|4 4|4 5|5 6|6 5|4 4|5 5|4 4|5 3|5 6|3 5|4 1|4 7|6 4|6 4|4 5|4 3|6 7|4 3|fitness = 20.681745860848793|time = 149.59559133271873|true
11 solution:
4 1|4 3|2 4|1 7|5 2|2 4|6 3|6 3|4 4|6 1|4 6|3 7|5 3|4 6|3 3|4 1|2 3|1 8|2 3|1 1|6 4|6 7|1 6|5 3|6 5|4 1|5 1|1 3|5 5|1 4|4 5|4 1|4 4|3 4|1 1|2 7|5 2|1 4|4 5|3 3|4 5|6 2|4 7|1 4|4 3|4 4|6 4|4 4|5 0|1 5|fitness = 20.131693423279213|time = 148.60806647407765|true
12 solution:
5 8|5 5|6 8|6 1|5 3|1 1|5 1|1 8|6 3|6 7|5 1|4 0|1 3|3 1|5 2|5 4|2 3|5 3|4 4|1 8|5 0|4 4|4 1|2 4|1 5|1 1|5 3|4 1|4 4|5 3|5 1|1 3|6 8|2 1|4 3|1 8|5 4|4 1|3 3|4 3|2 1|5 8|1 1|5 5|1 4|2 3|5 5|4 3|5 3|6 5|fitness = 20.569253214381927|time = 149.5061483502469|true
13 solution:
6 4|1 6|1 6|1 8|6 3|4 3|6 7|2 8|5 3|4 3|3 4|4 6|4 7|4 2|6 4|6 3|4 4|4 4|4 3|2 4|5 3|5 5|6 4|1 1|3 1|4 3|1 7|1 4|5 2|5 7|2 3|5 8|4 4|4 7|4 1|5 5|1 6|4 4|2 3|1 4|6 5|6 3|4 6|1 7|2 3|1 7|5 5|1 5|4 3|1 3|fitness = 20.466166604284787|time = 144.62452963054136|true
14 solution:
6 3|4 3|4 5|3 7|6 4|2 4|2 3|2 3|6 4|4 4|6 4|1 5|5 8|4 1|2 4|5 3|5 3|4 5|6 4|4 3|5 2|4 7|3 1|4 3|3 6|6 4|6 5|5 5|2 3|5 3|1 1|4 7|4 7|4 1|3 3|3 1|5 5|4 7|4 3|4 4|4 7|4 1|4 1|2 3|4 5|6 6|4 5|6 4|5 2|6 3|fitness = 20.455611429295473|time = 143.6711125268697|true
15 solution:
2 4|4 3|2 5|5 8|1 6|4 7|6 7|1 0|5 1|4 4|1 7|6 1|5 6|5 2|4 3|6 4|6 6|5 7|2 6|4 1|5 5|5 8|5 4|2 3|6 5|6 4|5 4|4 3|6 5|4 3|3 3|5 8|4 1|2 5|6 8|3 3|5 5|6 3|4 4|4 4|2 7|3 4|4 4|3 1|4 3|2 4|4 3|5 4|3 3|5 3|fitness = 20.031652110203048|time = 148.14483775743057|true
16 solution:
5 3|6 3|3 5|5 5|6 3|5 6|6 7|3 5|4 3|4 4|6 3|4 5|4 3|3 8|4 6|3 3|1 5|5 6|6 3|4 4|2 4|5 5|6 4|5 7|6 5|6 3|3 4|6 3|5 8|4 7|4 4|2 4|1 3|6 5|3 4|5 5|4 8|5 8|4 4|4 3|6 4|6 4|4 4|1 4|6 8|4 1|4 5|2 7|3 3|6 2|fitness = 20.457809226938537|time = 145.1979109954443|true
17 solution:
6 1|5 5|6 7|2 3|1 4|4 4|6 7|2 3|6 3|5 5|5 3|1 5|5 7|6 7|6 0|5 6|6 7|6 3|5 3|4 3|5 1|5 7|4 4|6 4|4 4|6 3|6 4|5 5|4 3|4 1|5 3|2 5|6 5|2 4|5 6|5 3|4 5|1 7|1 3|6 3|6 8|6 4|4 4|5 3|6 7|4 6|5 8|6 4|6 1|6 4|fitness = 20.803366086798164|time = 148.4627612961857|true
18 solution:
5 3|5 8|6 2|2 8|6 4|2 7|2 3|2 1|6 1|6 8|6 1|1 7|1 6|4 2|6 4|6 7|4 3|4 8|2 3|2 4|6 4|5 7|1 4|3 4|4 2|6 7|6 7|4 3|6 7|1 4|2 6|5 1|5 3|5 8|3 3|5 1|5 4|1 1|1 5|5 2|6 3|4 3|1 5|3 3|5 5|3 3|6 1|1 3|2 3|5 5|fitness = 20.157594096453543|time = 149.0517716659909|true
19 solution:
1 3|4 3|5 4|6 1|4 7|4 7|6 3|4 6|4 3|4 4|4 4|6 4|4 7|3 5|1 1|6 5|5 3|4 2|5 8|6 7|6 8|6 3|4 8|6 4|2 8|3 4|2 5|4 3|5 3|6 4|2 3|6 3|6 8|4 5|3 3|5 5|5 2|6 7|6 4|4 7|4 1|5 7|6 4|6 4|4 3|6 3|1 1|4 7|6 4|6 3|fitness = 20.483331334745806|time = 146.87498856720126|true
20 solution:
1 1|6 4|4 5|1 1|4 1|6 1|4 3|1 5|6 3|6 3|2 3|6 4|1 7|1 2|1 1|4 3|6 1|6 4|6 7|1 1|1 3|1 7|1 5|6 3|6 3|6 3|4 1|2 2|4 4|5 7|4 6|1 4|1 1|5 5|2 3|2 7|6 4|6 3|6 4|4 3|4 8|4 4|3 4|5 1|6 7|2 5|3 8|6 7|5 8|4 1|fitness = 20.450574277714537|time = 136.35952206732208|true
21 solution:
5 5|5 5|1 8|4 3|1 1|3 5|5 1|2 4|4 3|4 4|5 6|6 8|6 6|4 7|4 1|2 6|3 5|3 3|6 7|4 7|1 5|3 1|4 4|4 3|5 4|1 4|5 5|4 4|1 7|5 4|5 6|6 4|5 3|5 5|6 3|5 4|4 3|2 7|1 8|4 3|5 8|5 3|1 4|4 8|4 1|4 3|4 8|3 3|6 3|6 4|fitness = 20.15418433364698|time = 140.07632402141337|true
22 solution:
6 1|1 4|4 8|6 8|3 3|5 3|2 7|4 3|4 1|6 1|6 3|6 4|2 2|3 8|4 2|1 3|2 4|4 4|1 5|1 1|4 7|5 8|4 7|1 1|4 6|2 3|4 4|4 4|3 3|5 3|4 5|4 3|4 8|2 2|2 3|3 1|5 8|2 3|6 7|4 3|2 1|4 4|4 4|4 7|4 1|5 3|2 1|6 3|6 1|2 5|fitness = 20.701415682000754|time = 148.17298926377518|true
23 solution:
4 3|2 4|4 7|1 4|1 7|5 3|6 3|2 3|5 7|2 5|5 5|6 3|1 4|4 4|3 5|4 6|5 5|1 1|4 3|5 5|5 4|6 3|1 5|1 1|4 4|1 3|6 1|5 8|4 1|5 3|6 4|6 6|1 5|2 5|3 5|5 6|2 5|2 7|2 3|4 3|4 3|4 8|6 7|6 4|1 8|4 3|6 8|1 7|4 3|2 3|fitness = 20.521438445588426|time = 146.7907433333155|true
24 solution:
4 4|2 1|4 0|6 1|6 2|6 4|6 3|6 5|2 3|1 8|1 8|1 4|3 3|6 2|4 8|4 4|4 7|4 1|1 7|4 7|2 3|5 7|5 5|4 4|3 6|6 5|6 4|2 3|6 1|5 3|2 3|2 4|6 3|6 2|4 4|6 3|6 6|4 8|4 7|1 4|2 1|4 8|2 3|3 3|5 4|4 8|4 5|4 7|5 3|5 7|fitness = 20.178364922743846|time = 147.39753750386564|true
25 solution:
5 1|5 8|4 4|6 4|5 3|6 3|6 1|4 8|4 3|2 8|2 5|4 7|4 3|1 5|1 1|5 3|4 4|5 4|6 3|2 3|5 5|6 5|1 3|5 5|4 3|6 3|5 8|5 3|2 4|5 5|1 4|4 3|6 8|5 1|6 2|5 1|5 6|4 5|1 6|4 1|4 4|6 3|6 5|1 3|4 7|1 0|4 7|6 5|1 1|6 3|fitness = 20.717022028905564|time = 148.68302972751803|true
26 solution:
4 3|6 3|6 7|6 7|6 5|4 4|2 3|1 8|6 7|2 5|5 7|1 5|1 5|5 7|6 7|5 5|2 8|4 4|6 3|5 1|6 3|5 8|4 3|6 3|4 5|1 5|6 5|2 3|5 6|1 8|5 6|4 4|3 7|1 8|6 5|6 3|2 3|1 7|3 3|4 7|6 1|6 7|4 4|1 3|4 4|4 4|6 8|6 3|5 8|6 7|fitness = 20.41494642679687|time = 148.3901874656964|true
27 solution:
6 8|4 3|1 8|2 7|6 8|4 3|1 3|6 1|1 5|4 1|2 4|6 4|6 7|4 1|2 8|5 1|6 7|6 2|4 3|6 3|5 4|4 8|4 4|6 3|2 8|6 3|4 1|4 4|6 4|5 7|5 6|1 7|4 8|6 1|5 3|1 4|2 2|3 1|5 3|1 3|2 2|3 3|6 8|6 3|5 3|3 5|2 5|5 8|2 1|3 4|fitness = 20.259333145193146|time = 144.1264566756162|true
28 solution:
4 3|4 1|1 5|6 3|4 3|4 3|6 4|6 2|5 5|4 8|5 7|6 5|2 3|1 4|4 3|2 5|4 7|5 2|6 4|6 7|3 5|6 4|1 5|4 7|5 6|4 1|6 4|5 5|1 4|6 8|2 3|4 6|5 3|4 5|6 4|4 7|6 7|6 3|6 1|3 4|5 6|4 1|5 3|4 3|5 5|6 6|2 6|6 1|5 3|5 5|fitness = 20.14010257229108|time = 149.2444503982994|true
29 solution:
3 7|6 3|4 4|6 4|4 1|4 8|6 5|1 1|6 3|4 3|6 4|6 8|4 1|2 5|4 0|2 7|6 3|2 5|1 7|6 3|4 1|5 8|4 3|2 4|5 4|1 7|5 3|5 8|1 1|6 3|4 8|4 8|6 8|1 1|3 4|5 8|6 2|6 3|1 1|4 4|4 3|4 1|4 3|6 4|3 3|2 4|2 8|6 3|3 3|5 2|fitness = 20.461655360680172|time = 149.51103024804127|true
30 solution:
6 5|5 8|1 7|6 6|4 7|6 4|4 3|5 3|5 3|5 5|4 8|1 2|1 1|4 2|6 1|6 3|3 1|1 6|6 4|5 7|1 3|5 4|1 3|6 3|4 1|4 3|6 5|6 7|4 1|5 6|4 7|4 8|3 3|5 1|5 3|5 3|5 8|3 5|6 1|4 3|2 5|4 4|4 1|6 5|2 5|2 5|4 5|5 3|6 7|6 3|fitness = 20.42921022561984|time = 148.29414570552422|true
The final result:
fmax = 20.803366086798164
fmin = 20.031652110203048
fmean = 20.42867476516064
standard std = 0.20721389957453712
-1 solution:
6 1|5 5|6 7|2 3|1 4|4 4|6 7|2 3|6 3|5 5|5 3|1 5|5 7|6 7|6 0|5 6|6 7|6 3|5 3|4 3|5 1|5 7|4 4|6 4|4 4|6 3|6 4|5 5|4 3|4 1|5 3|2 5|6 5|2 4|5 6|5 3|4 5|1 7|1 3|6 3|6 8|6 4|4 4|5 3|6 7|4 6|5 8|6 4|6 1|6 4|fitness = 20.803366086798164|time = 148.4627612961857|true
