1 solution:
1 2|1 2|2 3|1 2|2 1|1 2|1 2|1 2|1 3|1 2|2 3|2 3|2 3|2 1|1 1|1 2|1 1|1 1|1 3|2 1|1 3|1 2|1 1|1 2|fitness = 10.507766382601254|time = 101.31448611649304|true
2 solution:
1 2|1 2|2 4|2 3|3 3|1 2|1 2|2 1|1 2|2 1|1 2|2 1|1 2|3 2|1 1|1 2|1 3|1 1|1 3|2 1|3 3|1 2|1 1|2 3|fitness = 10.54134583658771|time = 112.98728528458186|true
3 solution:
2 3|1 2|2 2|2 3|3 3|2 2|2 3|2 1|1 2|2 1|2 3|2 3|2 3|2 1|1 1|1 2|1 2|1 1|1 3|2 1|2 1|1 2|1 3|2 3|fitness = 10.484577076628762|time = 97.9217048718879|true
4 solution:
2 3|1 2|1 2|2 1|3 3|1 2|2 3|2 1|2 3|2 1|1 2|1 2|2 3|3 2|1 1|2 3|2 3|1 1|1 3|2 1|1 1|1 2|1 1|1 2|fitness = 10.518078016920201|time = 99.86731910551454|true
5 solution:
1 2|1 2|1 2|1 2|2 1|2 3|1 2|2 1|2 3|2 1|1 2|1 2|1 2|2 1|1 1|1 2|1 1|1 1|1 3|2 1|1 1|1 3|2 3|1 2|fitness = 10.546965627934739|time = 97.83093511734837|true
6 solution:
1 2|1 2|1 2|1 2|1 2|1 2|2 3|2 1|1 3|2 1|1 2|2 3|1 3|3 2|1 1|1 2|1 3|1 1|1 3|2 1|1 3|1 2|2 3|2 4|fitness = 10.530005928126263|time = 105.97223308467771|true
7 solution:
1 2|2 3|1 2|2 2|3 3|2 3|2 3|2 1|1 3|2 1|2 3|1 2|2 3|3 2|1 1|2 3|1 1|1 1|1 3|2 1|2 1|1 2|1 1|2 1|fitness = 10.523821701953212|time = 107.66179412530633|true
8 solution:
1 2|2 3|1 2|2 1|3 2|2 3|1 3|2 1|1 2|2 1|1 2|2 3|1 2|3 2|2 2|2 4|3 3|1 1|1 3|1 1|1 3|1 2|2 1|2 1|fitness = 10.460164082093975|time = 106.77910168953161|true
9 solution:
1 2|1 2|2 2|2 3|2 1|1 2|1 2|2 1|1 2|1 2|2 3|2 3|2 3|3 2|1 1|2 3|1 1|2 3|1 3|2 1|1 2|2 3|1 1|1 2|fitness = 10.491580883697354|time = 116.82482452118006|true
10 solution:
1 2|1 2|1 2|2 1|3 3|2 3|1 2|2 1|1 3|1 2|1 2|1 2|2 3|2 1|1 1|1 2|1 1|1 1|1 3|2 1|1 2|1 2|1 1|1 2|fitness = 10.575872712879558|time = 112.55501927650062|true
11 solution:
3 2|2 3|1 2|2 3|3 3|2 3|1 2|2 1|1 2|1 2|1 2|2 3|2 3|3 2|1 1|1 2|1 3|1 1|1 3|2 1|3 2|2 3|1 1|1 1|fitness = 10.497852057952075|time = 100.34620789949584|true
12 solution:
1 2|1 2|2 3|2 1|3 3|2 3|2 3|2 1|1 2|1 2|1 2|1 2|2 3|3 2|1 1|1 2|1 1|1 1|1 3|2 1|1 2|1 2|1 1|2 1|fitness = 10.578415412516595|time = 101.82888206164097|true
13 solution:
1 2|1 2|1 2|2 1|3 3|2 2|1 1|2 1|1 2|2 1|1 2|2 3|2 3|3 2|2 1|1 2|1 1|1 1|1 3|2 1|1 3|1 3|1 2|1 3|fitness = 10.53203516991099|time = 97.53299181217444|true
14 solution:
1 2|1 2|2 3|2 2|3 2|2 3|2 3|2 1|1 3|3 2|1 2|1 2|1 2|2 1|1 1|2 3|1 1|1 3|1 3|2 1|1 2|2 2|1 1|2 1|fitness = 10.50826915949623|time = 95.88337748141672|true
15 solution:
2 3|1 2|2 3|2 1|3 3|1 2|2 3|2 1|1 3|1 2|1 2|1 2|1 2|2 1|1 1|2 2|1 1|1 1|1 2|3 2|1 2|1 2|2 3|2 1|fitness = 10.504354098362287|time = 118.98755607506162|true
16 solution:
1 2|2 3|2 3|1 2|3 3|1 2|2 3|2 1|1 2|2 1|1 2|2 3|1 2|3 2|1 1|3 2|1 1|1 1|1 2|2 1|1 3|1 2|1 1|2 3|fitness = 10.562787756716682|time = 112.5510038614671|true
17 solution:
1 2|1 2|1 2|1 2|3 3|2 2|2 3|3 2|1 3|2 1|2 3|2 2|1 2|2 1|1 1|1 2|1 1|1 1|1 3|2 1|1 2|1 2|1 1|2 3|fitness = 10.54711681500029|time = 118.64616506344149|true
18 solution:
1 2|1 2|1 2|1 2|3 3|1 2|2 3|2 1|1 2|2 1|1 2|2 3|2 3|3 2|1 1|2 3|1 3|1 1|1 3|2 1|1 2|1 2|1 1|1 1|fitness = 10.58703515432422|time = 119.38156715532679|true
19 solution:
1 2|2 3|2 3|1 2|3 3|2 3|1 2|2 1|1 2|1 2|1 2|1 2|2 3|2 1|1 1|1 2|1 1|1 1|1 2|2 1|1 2|1 2|1 1|2 1|fitness = 10.55354210515063|time = 107.10325654720552|true
20 solution:
1 2|1 2|1 1|2 1|3 3|1 2|2 3|2 1|1 2|2 1|2 3|1 2|2 3|3 2|1 1|1 2|3 3|1 1|1 3|2 1|1 3|2 3|1 1|1 2|fitness = 10.54190894751289|time = 96.43635128915439|true
21 solution:
1 2|1 2|1 2|1 2|3 3|2 3|1 2|2 1|1 2|2 1|2 3|1 2|2 3|2 1|1 1|1 2|1 1|1 1|3 3|2 1|1 3|1 2|1 3|2 2|fitness = 10.517748691662302|time = 102.68615137940448|true
22 solution:
1 2|1 2|1 2|2 1|3 3|2 2|2 3|2 1|1 2|1 2|2 3|1 2|2 3|3 2|1 1|1 3|3 3|1 3|1 3|2 1|3 3|1 2|1 1|2 1|fitness = 10.509845373320646|time = 98.79136868944762|true
23 solution:
1 2|1 2|1 2|2 3|3 3|1 2|2 0|2 1|1 3|2 1|2 3|2 3|1 2|3 2|1 1|2 4|3 3|1 1|1 3|3 2|3 2|1 2|1 1|2 4|fitness = 10.468510363957668|time = 108.09810184537147|true
24 solution:
1 2|1 2|1 3|1 2|3 3|2 3|2 2|2 1|2 3|1 2|1 2|1 2|2 3|3 2|1 1|2 2|3 3|1 1|1 2|1 1|1 2|1 1|1 1|2 3|fitness = 10.493267542382009|time = 103.95118985652843|true
25 solution:
3 2|1 2|2 3|2 3|3 3|1 2|2 2|2 1|1 2|1 2|1 2|1 3|2 3|3 2|1 1|1 2|1 1|1 1|1 3|2 1|3 2|1 3|1 3|2 1|fitness = 10.490967405795068|time = 105.19450757760728|true
26 solution:
1 2|1 2|1 3|2 2|1 2|2 3|1 2|2 1|1 3|2 1|1 2|1 2|1 2|3 2|1 1|2 3|1 1|1 1|1 3|2 1|1 2|2 3|2 1|2 3|fitness = 10.526426019348474|time = 101.23503896474006|true
27 solution:
2 3|1 2|1 2|1 2|3 3|2 3|2 3|2 1|1 2|2 1|1 2|1 2|2 3|3 2|1 1|3 2|1 1|1 2|1 3|2 1|1 1|1 3|1 1|2 2|fitness = 10.554934364954363|time = 108.86398053899453|true
28 solution:
1 2|1 2|1 3|1 2|2 1|1 2|1 1|2 1|1 2|2 1|1 3|2 3|2 3|3 2|1 1|2 3|1 3|1 1|1 3|2 1|2 3|1 2|2 2|1 2|fitness = 10.494222699838218|time = 104.2330101144143|true
29 solution:
2 2|1 2|1 2|2 1|1 2|2 3|1 2|2 1|1 2|2 1|2 3|1 2|2 3|3 2|1 1|2 2|1 3|1 1|1 3|2 1|1 3|1 1|2 1|2 1|fitness = 10.477130521333077|time = 94.56730650099466|true
30 solution:
1 3|1 2|2 3|1 2|3 2|1 2|1 2|2 1|1 2|1 2|1 2|2 3|1 2|2 1|1 1|1 2|1 1|1 1|1 3|2 1|2 1|1 2|1 1|1 1|fitness = 10.548831776365244|time = 116.62979531854681|true
The final result:
fmax = 10.58703515432422
fmin = 10.460164082093975
fmean = 10.522512656177435
standard std = 0.03323539700419121
-1 solution:
1 2|1 2|1 2|1 2|3 3|1 2|2 3|2 1|1 2|2 1|1 2|2 3|2 3|3 2|1 1|2 3|1 3|1 1|1 3|2 1|1 2|1 2|1 1|1 1|fitness = 10.58703515432422|time = 119.38156715532679|true
