1 solution:
5 3|6 3|6 4|6 1|1 3|6 3|2 3|1 2|5 1|5 1|2 4|4 1|1 1|4 3|2 2|5 1|4 1|1 4|1 4|1 7|6 5|5 5|1 1|5 7|6 1|1 3|2 1|4 1|6 4|5 1|5 3|6 3|1 8|1 8|6 2|1 7|4 4|6 3|2 3|6 3|6 5|1 2|1 4|5 3|4 3|5 6|2 2|1 1|6 1|5 7|fitness = 21.13832573200828|time = 157.5197162354774|true
2 solution:
6 3|5 8|2 6|6 3|1 1|1 4|4 1|1 5|4 3|4 1|2 2|6 4|4 7|6 3|4 7|3 3|2 4|5 4|6 3|1 1|4 4|6 4|1 5|1 1|4 5|2 3|2 3|5 1|4 7|3 3|1 1|4 4|2 3|6 3|1 1|6 4|3 3|1 7|4 1|1 1|4 2|4 3|6 4|1 1|5 4|1 1|4 7|5 1|2 3|6 1|fitness = 21.111481839123844|time = 153.3129910797431|true
3 solution:
1 1|5 3|5 6|2 7|1 3|1 1|2 1|4 8|1 1|4 3|5 1|5 3|1 7|4 1|6 2|6 4|2 1|6 3|1 4|4 7|4 7|4 1|5 3|4 3|5 5|1 4|5 5|2 3|6 1|4 3|4 1|6 4|2 1|5 5|1 4|5 1|2 5|4 3|6 3|6 5|6 3|6 3|1 5|5 4|6 3|1 6|1 5|5 8|2 1|2 3|fitness = 21.20183622644298|time = 158.33152125914935|true
4 solution:
2 3|2 3|6 2|6 4|6 8|2 4|6 3|4 3|5 3|6 4|4 3|1 5|4 4|2 2|1 4|1 1|4 1|4 4|1 4|2 7|4 1|5 2|4 1|1 1|4 7|2 3|2 3|5 8|6 3|4 4|6 3|4 7|4 1|5 6|3 3|5 7|2 1|4 1|2 5|1 1|6 4|2 3|2 5|5 4|2 3|2 3|4 2|4 3|5 1|2 1|fitness = 21.069924161968885|time = 159.0887097047752|true
5 solution:
5 1|4 7|4 1|2 3|6 8|4 3|4 3|6 4|1 1|6 3|1 4|5 3|4 4|4 8|4 1|5 1|4 7|4 4|1 4|1 7|4 1|2 1|4 4|5 3|6 8|6 5|5 3|4 3|4 1|5 8|6 3|6 3|4 1|4 4|4 3|5 8|4 4|4 1|1 1|6 3|5 3|4 7|4 5|1 7|1 5|4 1|4 1|4 1|5 3|5 3|fitness = 21.33718033815655|time = 159.61654534990367|true
6 solution:
5 8|5 3|2 7|6 4|6 7|6 3|4 1|4 6|5 1|2 4|4 1|4 4|1 3|5 1|6 4|2 1|4 4|4 7|2 3|4 5|2 3|5 1|2 3|6 3|4 3|1 1|6 7|6 3|6 4|5 3|1 7|4 4|4 1|6 5|6 4|5 4|1 1|1 1|4 3|6 3|4 5|6 4|1 1|5 1|4 4|6 4|6 8|6 3|2 7|1 3|fitness = 21.179449922198568|time = 157.67990817556299|true
7 solution:
1 1|6 3|6 5|6 4|4 7|4 1|6 1|4 0|5 1|4 4|1 4|1 1|1 1|6 4|4 5|2 5|4 3|3 3|4 3|4 3|5 1|5 5|6 5|6 3|4 8|4 3|5 1|2 3|6 1|5 1|6 3|1 5|6 5|4 1|6 3|5 3|4 7|6 4|4 1|4 7|6 1|6 5|1 5|1 8|4 3|5 3|4 1|4 4|6 1|2 1|fitness = 21.37029440984965|time = 155.86060911559616|true
8 solution:
6 4|2 3|1 5|1 4|1 1|5 5|6 3|1 2|4 3|4 3|5 7|1 4|1 4|3 3|6 1|5 1|4 1|1 2|6 3|4 3|2 3|5 7|4 1|6 7|4 4|1 7|5 1|4 4|1 1|5 1|6 3|4 1|6 3|1 1|4 1|1 1|4 4|4 3|4 1|6 3|4 4|4 3|1 5|5 6|1 4|1 4|4 5|6 4|4 1|6 7|fitness = 21.387148631791337|time = 158.82240325226223|true
9 solution:
3 3|4 3|6 5|2 3|3 3|4 4|5 1|1 2|4 3|5 5|2 8|4 3|1 5|1 5|1 1|6 4|6 2|1 8|1 4|4 3|1 1|5 3|5 5|5 3|1 1|1 1|5 5|4 4|5 1|5 3|6 1|4 1|4 3|4 8|1 4|5 4|4 4|1 5|4 1|1 3|4 4|5 2|1 0|5 5|5 3|1 8|1 1|4 3|1 1|6 3|fitness = 21.254114842685045|time = 159.52308933731737|true
10 solution:
4 1|5 3|6 3|5 3|1 3|1 1|6 3|4 6|4 3|5 3|1 7|1 7|4 7|4 5|4 1|4 4|6 4|3 4|6 7|6 3|1 1|2 4|4 3|5 7|6 4|4 3|4 1|1 1|1 1|1 1|4 3|4 4|4 1|2 2|4 1|4 1|6 4|2 4|4 1|5 3|1 3|1 5|1 3|4 7|4 1|6 5|4 8|6 3|6 4|2 1|fitness = 21.455469517634363|time = 159.70505120096342|true
11 solution:
2 4|4 1|1 6|2 8|4 1|5 3|2 3|4 6|5 3|1 1|3 3|6 3|4 6|1 2|4 7|5 7|5 6|1 0|1 8|3 3|5 7|2 1|1 4|5 3|1 1|6 3|4 7|5 5|2 3|4 3|1 3|5 3|4 1|5 5|6 1|1 1|1 5|5 1|5 1|6 4|6 1|6 4|3 3|4 1|5 3|4 1|1 4|5 8|6 3|4 3|fitness = 21.0710485143143|time = 154.61176323266514|true
12 solution:
6 1|5 5|6 7|6 4|2 3|6 4|1 1|3 5|3 3|5 8|6 3|4 3|4 1|2 4|4 0|4 4|4 3|4 6|5 7|1 1|4 4|2 7|1 1|1 4|2 3|5 3|4 3|2 3|4 1|5 3|1 1|2 7|6 3|2 4|3 4|6 7|4 3|4 3|1 5|1 1|2 3|1 5|1 4|4 4|2 3|1 1|6 4|5 5|6 7|5 2|fitness = 20.99901260486812|time = 155.8930697252776|true
13 solution:
5 3|4 4|4 2|6 4|4 4|4 1|2 3|4 1|5 1|5 1|5 4|4 1|4 1|4 8|6 4|3 4|6 5|1 7|4 3|4 1|5 4|4 4|4 4|6 3|4 3|4 1|4 1|1 4|1 1|5 3|4 3|5 3|1 5|1 1|4 3|5 8|6 4|4 3|4 3|1 1|4 3|1 1|3 3|4 5|4 4|4 7|6 5|1 1|6 3|6 3|fitness = 21.48501057995772|time = 155.22900835546614|true
14 solution:
2 3|4 3|3 2|5 1|1 4|2 3|6 1|4 7|1 3|5 3|1 4|1 1|1 1|3 2|5 3|4 1|6 4|4 5|6 3|1 5|1 1|4 3|1 5|2 3|6 4|5 3|2 4|4 3|4 7|1 4|6 4|4 1|4 3|4 4|1 4|1 1|6 5|1 4|5 2|1 4|6 2|5 5|1 0|1 5|6 3|4 5|4 0|2 3|5 2|4 4|fitness = 21.04772717635771|time = 158.72435418852314|true
15 solution:
5 1|4 4|1 3|4 4|1 1|4 4|4 3|1 3|4 4|4 4|5 1|1 6|4 3|6 2|6 0|4 1|1 1|1 4|1 1|4 4|1 4|6 1|4 1|4 3|6 1|6 3|6 5|6 4|4 3|5 1|3 3|4 3|1 1|4 7|6 6|4 3|4 8|1 3|4 4|1 4|2 1|1 2|4 6|4 3|1 1|4 4|4 3|5 6|3 3|6 1|fitness = 21.112482272838765|time = 159.14125422177096|true
16 solution:
1 1|1 4|4 7|5 4|6 3|1 1|5 3|6 4|4 3|4 4|1 1|4 1|4 3|4 4|4 5|6 3|2 7|4 5|5 6|2 3|4 4|4 1|5 3|2 3|6 2|4 1|4 3|4 1|1 1|5 1|2 3|6 3|5 1|6 5|4 1|5 4|4 1|6 4|4 3|1 1|4 3|5 5|4 1|2 3|4 4|6 3|4 4|2 3|6 7|2 7|fitness = 21.52582700139435|time = 159.4660722580298|true
17 solution:
2 1|5 1|4 6|6 1|6 3|2 4|4 3|2 3|1 1|4 4|1 7|6 4|4 7|6 8|6 2|2 3|4 4|4 2|1 1|4 3|6 5|5 3|5 4|4 4|5 5|4 4|5 4|5 3|4 7|5 1|1 7|1 6|6 1|2 4|2 5|5 3|4 1|5 1|1 1|4 1|6 3|6 3|4 1|1 4|4 1|1 4|4 3|4 1|4 3|2 7|fitness = 21.052393078548732|time = 157.03585280884954|true
18 solution:
5 3|4 4|4 5|2 4|5 6|6 3|6 1|3 2|4 3|5 8|5 5|1 2|4 1|1 2|4 5|2 3|3 7|1 1|6 5|4 3|5 2|2 3|5 1|1 7|2 1|4 3|5 3|1 1|2 4|5 3|2 4|4 1|4 3|4 1|3 7|5 8|1 1|4 1|2 3|6 4|4 3|6 3|1 3|5 3|6 4|4 7|4 1|6 3|6 1|6 4|fitness = 21.15668115074269|time = 158.5269003002364|true
19 solution:
6 4|5 3|4 3|5 1|4 1|6 3|2 4|1 5|2 3|4 7|6 3|4 5|6 3|6 7|2 6|5 1|2 3|4 2|5 1|1 7|6 4|1 1|3 3|6 4|4 5|3 1|2 3|2 3|6 1|4 3|6 5|4 3|4 7|4 1|6 4|6 1|1 3|1 1|1 4|6 7|1 3|2 3|1 8|6 7|4 4|1 1|2 1|4 1|4 7|6 3|fitness = 20.996693482709496|time = 159.91525946674446|true
20 solution:
4 3|6 3|4 1|4 1|1 7|1 5|6 3|4 1|4 3|3 3|5 7|1 5|1 1|6 4|2 5|6 4|4 3|1 8|5 2|5 3|4 4|5 1|4 1|6 7|5 1|1 1|2 1|2 3|1 1|5 3|2 4|2 3|4 2|4 0|5 3|5 4|4 1|4 3|1 5|4 4|2 7|1 1|4 1|2 4|2 3|4 3|4 6|5 3|5 6|2 4|fitness = 21.104668128116682|time = 159.63307736293217|true
21 solution:
5 3|5 1|1 1|2 3|5 3|2 3|5 1|4 6|5 3|4 1|5 3|1 5|4 3|2 3|2 4|6 4|1 1|5 4|5 3|1 1|2 3|2 4|5 4|4 1|1 5|1 4|5 8|5 5|5 5|6 1|6 4|6 6|4 1|4 4|6 0|5 4|1 4|6 3|4 1|5 5|1 3|4 5|1 1|5 3|2 3|6 4|6 1|4 4|4 1|5 8|fitness = 21.11895070519459|time = 155.92339750685062|true
22 solution:
4 3|4 4|2 5|6 4|1 4|1 1|2 1|1 5|4 1|4 1|5 1|4 3|1 5|4 7|6 8|4 3|5 3|1 2|1 4|4 7|4 7|1 4|4 3|5 3|4 5|1 1|5 7|2 3|1 1|5 3|1 1|1 1|4 3|6 4|4 3|5 5|4 6|6 1|4 3|1 4|5 1|3 3|1 5|4 1|2 3|4 1|4 5|5 1|2 3|2 1|fitness = 21.5074400821989|time = 159.95903879387706|true
23 solution:
1 4|4 1|4 2|6 1|5 3|4 4|6 1|1 4|6 3|5 3|6 4|6 2|4 4|2 5|4 4|1 8|5 1|6 3|6 3|1 4|3 4|2 3|4 1|1 1|2 1|4 3|2 1|4 4|4 3|2 3|6 1|4 1|6 4|5 1|2 2|4 1|2 2|4 3|4 3|6 4|2 1|5 3|4 8|1 6|2 4|5 3|4 5|4 3|6 3|1 3|fitness = 21.15095427757606|time = 157.17397754956866|true
24 solution:
2 3|2 3|4 4|1 4|6 3|4 7|5 5|4 1|4 3|6 1|1 4|4 3|4 1|4 4|1 1|1 5|4 4|5 3|1 3|4 3|1 1|5 5|4 3|5 3|2 5|1 4|5 7|2 4|4 4|5 3|1 1|1 7|1 1|4 4|4 1|5 4|6 1|6 5|6 3|4 3|5 6|1 1|5 3|1 4|1 4|6 3|4 4|1 1|4 1|6 1|fitness = 21.450273317905264|time = 157.66892359471353|true
25 solution:
1 1|4 4|5 6|6 7|1 1|1 7|2 3|4 3|4 4|5 5|4 4|1 7|1 1|3 2|1 7|3 1|6 5|1 1|6 3|4 4|4 3|6 3|4 5|1 5|4 3|2 3|4 4|6 4|6 3|5 1|2 3|1 1|2 1|4 3|1 1|5 4|6 1|4 4|4 4|4 7|6 4|5 1|1 5|4 3|4 1|4 3|6 4|4 3|6 7|5 3|fitness = 21.16117635625491|time = 158.03949890315198|true
26 solution:
5 1|6 3|1 5|2 4|5 1|2 3|2 3|3 5|6 3|6 1|4 3|5 8|5 3|1 5|1 8|5 1|4 1|1 1|5 4|6 4|1 1|2 4|2 4|6 3|4 7|2 3|6 4|1 1|4 3|3 3|6 3|4 5|4 6|4 4|1 4|5 3|6 4|5 6|4 3|4 4|2 3|1 1|4 3|1 1|4 1|2 4|4 4|5 1|2 1|2 4|fitness = 21.351988082349386|time = 159.777483262834|true
27 solution:
4 3|4 7|6 8|6 1|1 3|4 7|2 1|1 5|4 3|2 3|2 7|2 3|1 7|1 8|1 4|5 1|1 1|1 7|1 4|1 1|6 3|6 3|2 3|5 3|6 5|5 3|5 7|2 3|4 1|1 1|5 3|1 4|4 7|5 1|1 7|2 4|4 8|5 3|1 3|1 1|1 1|1 5|1 5|1 1|5 8|4 1|4 4|6 1|4 3|2 6|fitness = 21.270579331718253|time = 154.91785399676164|true
28 solution:
1 1|6 1|5 7|2 3|4 3|5 7|5 1|1 1|4 1|4 3|5 2|1 4|5 1|1 0|4 7|1 5|4 4|5 5|1 4|2 3|3 3|5 6|1 4|1 4|2 3|6 3|5 1|4 1|4 3|2 4|5 1|5 8|4 3|4 1|4 6|5 1|4 4|4 1|1 4|5 3|4 3|4 7|1 1|1 7|6 3|5 6|4 4|4 3|2 3|6 4|fitness = 21.146362520904557|time = 159.91606216740408|true
29 solution:
5 1|5 1|4 7|5 5|1 0|5 3|4 3|5 1|6 3|1 1|1 3|4 1|4 4|1 0|6 4|5 6|6 3|1 4|4 4|4 3|5 4|4 3|4 1|5 8|4 7|1 1|5 7|2 1|4 7|5 7|4 3|2 3|4 8|4 8|3 8|5 1|1 7|4 3|5 4|4 1|1 1|4 1|6 3|1 1|1 1|5 3|1 6|4 3|5 3|2 4|fitness = 20.948171314790656|time = 159.30151506734768|true
30 solution:
6 3|4 3|2 2|2 4|3 4|2 3|5 1|4 1|4 3|4 4|1 3|3 3|2 1|5 8|4 1|6 1|1 1|3 3|5 8|4 4|4 4|2 4|1 3|5 3|6 1|5 3|5 1|1 3|4 1|2 4|2 3|1 1|1 4|6 1|1 8|5 4|5 6|4 3|1 1|6 4|6 1|6 5|1 7|3 3|5 5|5 3|6 4|6 4|2 1|6 4|fitness = 21.18450722500362|time = 159.79313836576|true
The final result:
fmax = 21.52582700139435
fmin = 20.948171314790656
fmean = 21.211572427520142
standard std = 0.1647996440546117
runtime = 0–° ±,1∑÷,1√Î,256∫¡√Î
-1 solution:
1 1|1 4|4 7|5 4|6 3|1 1|5 3|6 4|4 3|4 4|1 1|4 1|4 3|4 4|4 5|6 3|2 7|4 5|5 6|2 3|4 4|4 1|5 3|2 3|6 2|4 1|4 3|4 1|1 1|5 1|2 3|6 3|5 1|6 5|4 1|5 4|4 1|6 4|4 3|1 1|4 3|5 5|4 1|2 3|4 4|6 3|4 4|2 3|6 7|2 7|fitness = 21.52582700139435|time = 159.4660722580298|true
