0.68834600 0.69613830 0.73955289 0.31321242 0.75412389 0.03731549 0.54666866 0.66607827 0.45139397 0.43822252 0.04330524 0.50231297 0.37590259 0.81233383 0.42498599 0.77282398 0.32499278 0.95128848
0.61577938 0.09325655 0.26068595 0.57524666 0.40597049 0.07572461 0.31027461 0.34971976 0.24182150 0.47804378 0.40980290 0.19910489 0.73227108 0.99532607 0.84132052 0.52547445 0.66105562 0.00024112
0.96655232 0.87574266 0.92261732 0.17594418 0.91763445 0.19115013 0.33629801 0.77961654 0.86982568 0.02007897 0.73569908 0.22475925 0.79160976 0.97853005 0.07872225 0.77682618 0.24436309 0.30216593
0.57868717 0.41947794 0.88676984 0.54964127 0.01805590 0.36768371 0.82842361 0.38901487 0.47367641 0.27909280 0.87256384 0.92735633 0.65609024 0.94654341 0.98965166 0.22823137 0.94533237 0.14227160
0.07149879 0.50256976 0.99178420 0.32832815 0.12992024 0.95549076 0.44302285 0.14790704 0.62438943 0.42498029 0.95624381 0.96873387 0.52993267 0.75788528 0.16071551 0.26235856 0.08950697 0.33451055
0.64585839 0.27214137 0.93436370 0.27517384 0.36792297 0.24791707 0.40140798 0.64039502 0.09187473 0.50676699 0.42832152 0.37096601 0.61497634 0.71702434 0.36522480 0.80496774 0.55469039 0.09658327
0.40591178 0.35587139 0.42590880 0.66677769 0.11219855 0.33918104 0.58114775 0.30954082 0.68168493 0.99464540 0.34223011 0.13825201 0.19223603 0.46688640 0.31310950 0.61162288 0.04574814 0.87936306
0.43087367 0.89516952 0.22927192 0.66490886 0.78559732 0.20626348 0.81332288 0.00065178 0.61959709 0.26644916 0.31521731 0.53594598 0.20277479 0.52866065 0.16952978 0.59901445 0.47311752 0.54716651
0.56827589 0.72132287 0.43005564 0.71451599 0.36018165 0.62827415 0.27326338 0.60245576 0.53140921 0.81063452 0.19061885 0.31273165 0.02936596 0.41317175 0.51642318 0.56888460 0.33673189 0.45530635
0.70461179 0.76159616 0.25459835 0.33314745 0.19157301 0.79783365 0.81161843 0.14310465 0.75932244 0.39799026 0.08032798 0.61433787 0.45216408 0.43541158 0.95230271 0.34062789 0.44860228 0.01914396
0.60057639 0.56181941 0.54515111 0.28343696 0.44075122 0.96081031 0.06982073 0.26647610 0.89149065 0.81412973 0.11044322 0.83601839 0.13059170 0.36246890 0.91663276 0.35104786 0.34459254 0.45209822
0.21405850 0.63626399 0.67787803 0.33892510 0.95584060 0.89016104 0.20150464 0.04401670 0.72826325 0.34765149 0.74247295 0.80273251 0.62663099 0.87463273 0.34093489 0.95918187 0.92197755 0.18459027