0 0.43582955 0.12354172 0.25046923 0.03627758 0.61870038 0.53184044 0.37472795 0.59670651 0.94095303 0.32613364 0.78993109 0.13512871
0 0.31157234 0.90756845 0.57742910 0.35138281 0.48032384 0.60565262 0.94475403 0.93592861 0.46572292 0.65411588 0.83327487 0.40908328
0 0.05756361 0.86707035 0.82338895 0.89342152 0.20055529 0.46874783 0.32202088 0.23599572 0.64862482 0.24591207 0.67833362 0.81597808
0 0.26869835 0.56411356 0.44093923 0.44852186 0.76828575 0.81727632 0.44352907 0.02708397 0.42294734 0.56467459 0.78572693 0.93414696
0 0.58773190 0.95017925 0.06210032 0.79422330 0.39093117 0.99572311 0.38464912 0.84322013 0.02900503 0.01425491 0.84272246 0.04468862
0 0.50828858 0.69702207 0.04919847 0.09617646 0.51210105 0.39584283 0.33289365 0.63784815 0.31113315 0.74309800 0.95455190 0.30073238
0 0.28049825 0.03049400 0.44739587 0.71340188 0.63858992 0.70221792 0.81310592 0.22358536 0.48089684 0.90892659 0.84022522 0.88515778
0 0.04618327 0.31608161 0.25437187 0.21114927 0.42295120 0.26346253 0.75827231 0.29985916 0.58085873 0.93226058 0.27451219 0.20385661
0 0.69477603 0.39197643 0.86503483 0.83059455 0.21841897 0.27141453 0.86879918 0.23855899 0.06000773 0.32638796 0.77264273 0.92432141
0 0.51415576 0.36131736 0.21027721 0.58355678 0.31220218 0.80272863 0.27047787 0.87303495 0.26745880 0.71972302 0.98790998 0.90078970
0 0.51235012 0.23981512 0.48866905 0.52811293 0.25118318 0.11810344 0.76749374 0.07971906 0.28529160 0.68355917 0.48474382 0.72736822
0 0.30655599 0.50828879 0.48861789 0.63743325 0.10081055 0.92394641 0.99171832 0.95434019 0.35440407 0.94404234 0.46095437 0.82950766