0.87349172 0.77652319 0.39100433 0.15687466 0.52048083 0.90860737 0.79900427 0.88806463 0.88922469
0.19482715 0.13545065 0.40402312 0.71486492 0.27242806 0.65753504 0.75260544 0.51330438 0.41159509
0.35754673 0.89007391 0.37478422 0.83593714 0.99105988 0.23744707 0.57260560 0.40316748 0.02776343
0.07966568 0.27743159 0.65736315 0.86077968 0.83702418 0.85998807 0.96438228 0.63082516 0.89163786
0.36361510 0.29846236 0.44832565 0.96128581 0.73300261 0.26071880 0.62960452 0.97878985 0.29657797
0.07920812 0.80252158 0.05716023 0.81739483 0.66541501 0.38244753 0.39905915 0.15100625 0.28346882
0.97121689 0.94370362 0.17868730 0.02608905 0.68970991 0.13514875 0.22050575 0.08520593 0.31897186
0.44296426 0.57512161 0.75539655 0.39528627 0.16963567 0.18182968 0.21472316 0.08137588 0.63859333
0.65524168 0.39025467 0.71891317 0.07259183 0.10413772 0.63449844 0.45678059 0.34423334 0.21339918
0.51416447 0.24502733 0.30874807 0.04156834 0.74412929 0.78622860 0.61371585 0.86646280 0.18716245
0.74396021 0.72123313 0.19740523 0.88392352 0.62235933 0.37509941 0.76501229 0.27793300 0.25125048
0.89891853 0.89811914 0.15666605 0.73807308 0.52057917 0.20229852 0.34261255 0.08085512 0.38440062