1 solution:
6 6|5 4|4 1|6 4|6 3|5 7|1 2|2 8|6 3|1 3|6 7|6 1|1 8|6 5|2 6|5 2|6 4|6 3|5 7|6 3|6 4|4 3|6 4|2 3|4 6|3 3|5 8|5 1|6 8|6 5|3 4|6 8|1 4|5 8|5 3|5 4|4 3|6 2|4 3|6 4|6 1|6 8|5 8|4 7|2 4|4 5|2 8|4 3|1 3|6 8|fitness = 19.966588230396813|time = 135.50603702722503|true
2 solution:
4 4|6 3|6 1|6 3|6 3|6 3|6 5|5 5|6 3|5 2|2 3|5 5|6 3|6 5|4 1|6 4|4 8|6 1|2 5|6 4|1 5|2 4|6 4|6 7|5 8|2 3|6 1|6 3|6 8|6 3|5 5|2 8|4 6|4 5|6 5|6 8|5 8|5 7|6 7|6 4|4 4|4 4|6 6|4 3|1 4|4 7|1 8|6 4|6 4|6 2|fitness = 20.012871979986343|time = 129.00471241015094|true
3 solution:
6 3|4 4|2 8|6 8|1 4|2 3|6 3|4 7|5 3|6 4|5 7|4 3|3 3|6 4|6 2|4 5|6 8|3 4|6 3|5 3|4 7|5 4|1 4|1 5|6 8|5 3|6 1|6 2|6 7|5 7|6 8|4 6|6 4|5 2|6 7|1 7|3 3|3 4|6 3|4 3|6 7|5 7|5 7|4 5|3 7|5 8|5 4|5 3|6 3|5 8|fitness = 19.963322970691276|time = 135.73829102767934|true
4 solution:
4 3|5 3|6 4|6 3|5 3|4 3|6 8|4 8|4 3|6 3|5 7|6 8|3 7|4 1|5 1|5 6|6 5|1 5|3 5|5 3|5 5|5 3|5 1|4 4|2 5|5 5|6 3|5 4|6 8|4 6|5 6|4 5|6 1|4 8|6 8|6 1|5 1|5 3|5 3|5 4|6 4|6 2|4 8|5 3|4 5|1 1|3 6|6 5|6 3|5 2|fitness = 19.975326487441045|time = 146.1307492761788|true
5 solution:
6 5|6 4|4 7|6 7|6 3|5 8|1 6|6 5|5 3|2 5|6 3|6 7|5 5|6 3|4 6|6 1|6 6|4 4|5 8|6 7|6 7|6 4|5 5|6 3|6 5|4 3|5 3|6 3|4 3|6 4|6 8|6 4|6 3|1 5|4 8|6 4|5 7|4 8|6 7|4 3|6 7|1 5|5 0|6 5|6 2|6 3|4 4|5 3|6 4|6 8|fitness = 19.924370949252115|time = 137.73279191865075|true
6 solution:
6 4|6 3|4 8|6 8|4 4|5 6|5 5|6 2|5 6|6 7|5 5|2 8|5 3|3 3|6 6|6 5|6 1|6 7|6 5|5 5|5 4|6 4|4 8|5 3|5 4|6 3|5 4|6 0|6 4|5 1|5 3|4 7|4 4|6 8|5 6|6 5|5 1|5 5|6 5|6 3|5 4|4 4|6 6|2 3|4 4|4 3|1 2|6 1|5 3|1 4|fitness = 19.74530524697421|time = 133.90251126276468|true
7 solution:
4 3|6 4|6 6|6 5|6 5|6 3|2 4|6 8|5 3|5 8|6 5|6 3|4 3|6 7|4 8|5 7|6 4|4 5|5 7|4 7|6 7|5 3|6 3|5 4|6 1|6 3|6 4|5 4|4 4|6 7|4 5|6 3|6 8|4 6|6 5|5 5|6 5|6 8|6 3|6 5|2 7|5 5|1 8|6 6|6 1|4 8|6 8|6 4|6 4|6 8|fitness = 20.024648167489108|time = 129.9751316432711|true
8 solution:
6 1|5 3|4 7|6 4|4 3|5 5|6 1|6 3|5 7|4 8|5 7|4 2|6 5|6 3|6 6|1 4|2 8|5 6|2 4|3 4|2 5|5 4|6 7|5 3|4 3|6 3|5 4|6 4|4 5|4 5|5 3|5 8|4 4|1 6|4 8|5 3|4 5|4 3|5 4|4 4|6 5|4 5|5 7|5 7|5 3|4 8|6 1|5 6|1 3|5 7|fitness = 19.832058909386728|time = 146.7910916706513|true
9 solution:
5 5|5 3|3 2|6 6|6 4|6 3|6 6|6 3|6 3|2 1|3 7|6 7|4 8|5 8|6 8|5 2|6 3|4 5|5 7|4 4|5 1|6 2|4 4|6 4|6 2|6 4|5 4|6 5|6 4|6 3|5 5|6 8|6 7|4 4|3 7|5 3|6 3|6 7|6 8|2 3|4 5|6 3|1 6|6 8|5 4|6 7|3 6|4 3|6 7|6 7|fitness = 19.892425549235863|time = 130.73369259951983|true
10 solution:
6 4|6 4|5 8|5 7|5 3|6 4|5 7|6 4|5 3|4 5|6 5|6 8|4 5|4 6|6 8|3 4|6 3|6 4|6 6|6 8|5 7|6 8|5 3|5 3|6 5|5 3|3 3|6 5|6 3|2 3|6 4|6 7|6 3|1 2|5 8|6 7|6 8|6 4|6 3|4 3|4 8|6 4|6 7|6 6|5 3|5 3|6 8|6 1|5 6|6 3|fitness = 20.123883218151686|time = 145.4417275941133|true
11 solution:
3 3|1 1|1 5|5 4|4 3|4 4|6 3|6 0|5 3|3 1|5 1|1 3|4 5|5 1|4 8|4 4|6 4|4 2|5 6|6 4|5 1|6 5|6 3|3 3|1 5|6 5|5 5|6 3|2 5|1 8|6 5|4 7|6 6|2 4|3 2|5 4|5 3|1 2|6 3|6 3|2 3|5 8|6 3|2 6|6 5|6 8|5 2|6 4|6 4|6 5|fitness = 20.195522953423087|time = 133.97054988012343|true
12 solution:
3 3|4 4|6 4|6 3|6 7|4 3|3 7|6 8|6 3|6 8|5 7|3 5|1 4|4 8|6 8|6 4|5 7|4 4|4 5|6 5|6 4|4 1|4 1|6 8|3 2|6 3|6 3|6 4|6 7|6 3|6 3|5 6|6 7|5 3|3 4|5 8|6 8|5 7|6 4|5 3|6 5|5 3|6 3|6 7|5 8|5 2|2 4|6 7|3 3|6 7|fitness = 19.972561395314305|time = 144.37967534735097|true
13 solution:
6 1|4 8|5 7|5 5|6 7|6 4|6 2|5 1|6 3|4 4|4 5|5 2|1 7|4 8|6 0|5 3|5 3|5 2|6 3|6 8|1 4|6 8|1 4|5 3|6 5|6 3|6 3|4 3|6 8|5 3|6 2|5 1|6 8|6 4|3 8|6 3|4 7|4 7|6 7|3 4|6 8|6 3|2 7|4 4|6 8|6 7|4 1|1 3|2 3|6 3|fitness = 19.96287862266742|time = 144.27851166347773|true
14 solution:
6 3|4 3|6 7|5 5|5 2|6 4|6 7|4 6|5 3|5 8|5 5|6 2|5 6|6 5|6 5|6 3|5 8|5 6|6 3|4 3|6 4|6 8|4 4|6 3|1 6|4 3|3 3|4 7|5 3|5 5|4 7|4 8|6 4|6 3|4 7|5 7|6 2|6 8|5 8|3 3|3 4|6 5|4 5|6 5|6 5|4 3|4 6|6 4|6 3|6 8|fitness = 20.218906560398317|time = 148.83613282623946|true
15 solution:
6 7|5 3|5 6|2 3|6 1|1 4|1 3|6 6|6 8|5 8|6 7|5 4|2 3|5 4|6 8|4 5|2 8|5 7|4 3|5 4|2 3|5 8|6 2|6 3|4 5|1 3|6 3|6 5|6 4|6 4|2 7|6 4|6 5|6 5|3 7|6 3|6 4|5 7|4 5|4 1|6 3|6 5|2 7|1 1|6 3|3 6|6 4|4 5|6 4|4 7|fitness = 19.8244192867186|time = 138.45429594565778|true
16 solution:
6 4|6 3|6 8|6 5|6 1|4 4|3 1|4 5|6 8|6 1|6 7|6 7|6 5|4 4|6 5|5 3|3 4|6 6|1 8|5 3|5 2|6 5|6 3|5 3|4 2|1 5|6 7|6 4|5 3|6 3|1 3|6 2|6 4|4 7|3 5|5 1|6 1|5 3|6 8|4 8|6 8|6 4|6 8|6 4|6 1|6 3|4 8|6 4|1 4|6 5|fitness = 19.934009988545654|time = 118.83546503262158|true
17 solution:
5 6|6 3|6 2|5 7|5 3|5 1|5 3|3 4|6 3|6 5|6 8|1 8|3 7|5 7|1 1|6 6|6 5|5 3|1 1|5 1|4 6|6 7|3 7|5 4|4 8|6 7|6 5|6 5|4 8|5 3|4 4|6 7|4 5|5 5|6 8|4 1|5 1|3 3|2 3|1 3|6 1|4 7|1 5|1 5|6 3|5 3|4 6|6 4|1 1|5 7|fitness = 20.002764497335864|time = 120.11842103266974|true
18 solution:
6 4|2 3|3 3|5 4|2 3|4 4|6 3|6 8|4 3|5 8|6 3|6 5|4 5|5 4|4 3|6 2|1 7|6 2|2 5|6 3|5 5|5 5|6 4|5 4|3 5|4 7|6 4|6 7|4 8|6 6|6 4|6 7|1 5|5 8|4 6|6 3|6 5|4 3|6 4|5 3|5 1|5 4|6 6|5 4|5 5|5 6|6 4|6 7|6 7|6 5|fitness = 19.853607795025695|time = 136.09557683143282|true
19 solution:
4 3|6 4|6 5|4 3|5 1|6 8|1 3|6 8|6 3|4 3|3 5|4 4|5 8|6 8|5 8|6 4|4 4|5 6|5 2|5 5|5 3|5 5|4 1|6 4|6 4|5 3|5 5|6 1|6 5|4 4|4 8|3 5|6 5|5 5|5 1|2 1|5 4|2 2|4 5|5 3|2 7|2 3|4 4|6 3|6 1|3 7|4 7|5 5|2 4|6 8|fitness = 19.938178941330193|time = 123.96146341597753|true
20 solution:
4 3|5 7|6 5|5 8|6 8|2 3|6 3|6 7|5 4|5 1|4 3|6 3|5 1|6 8|4 6|6 5|6 3|5 7|6 4|5 8|4 7|6 3|4 5|6 5|6 1|4 1|4 7|6 5|5 1|5 4|4 3|1 8|6 6|4 4|4 8|5 5|1 8|6 3|6 3|5 4|6 5|5 7|6 1|6 8|2 3|6 7|6 8|5 1|6 7|5 7|fitness = 19.990908284326828|time = 126.4265818491753|true
21 solution:
6 3|6 1|6 7|6 3|4 8|6 3|3 3|6 7|5 3|2 5|6 7|6 7|5 1|6 6|5 8|5 5|6 4|4 8|5 3|6 7|5 8|6 8|2 3|6 3|5 8|6 3|6 7|6 7|6 8|1 3|5 6|5 8|6 7|4 4|5 4|6 4|5 3|3 3|4 3|6 7|3 3|4 7|6 5|6 5|5 3|1 7|4 5|6 8|6 8|4 4|fitness = 20.1474732373959|time = 145.50511711379175|true
22 solution:
6 8|4 5|4 8|6 3|6 3|4 3|6 4|1 0|6 3|5 5|5 7|5 3|4 5|6 3|3 6|5 4|3 4|5 0|5 5|6 4|6 5|5 5|6 3|5 3|5 8|6 4|5 1|5 3|5 8|3 3|5 3|6 6|5 5|6 7|4 6|5 8|4 8|6 7|6 5|6 4|4 4|6 7|4 2|5 8|6 4|2 4|2 4|5 8|6 5|6 3|fitness = 19.994180428784556|time = 121.05536546230368|true
23 solution:
5 5|5 3|6 6|5 8|6 5|6 3|6 5|6 7|6 7|4 3|6 7|6 4|5 3|4 5|4 4|6 8|3 4|6 4|6 7|6 5|6 5|6 5|4 7|6 5|4 7|4 3|5 3|5 1|6 8|6 2|6 5|5 5|6 1|6 4|6 1|6 3|5 8|6 8|6 8|6 4|5 3|5 5|2 2|6 4|4 3|5 3|6 8|5 5|6 4|6 5|fitness = 19.758385661453108|time = 140.90093558572687|true
24 solution:
6 5|6 7|4 1|5 4|4 8|5 7|4 8|3 8|6 3|6 8|5 3|6 4|4 1|1 5|6 7|6 3|5 8|1 6|4 4|3 4|5 8|6 4|6 5|3 3|6 8|4 8|4 5|6 3|6 5|6 3|6 1|1 4|6 5|3 4|6 4|6 4|6 8|4 3|6 3|5 3|5 8|4 8|4 4|6 5|6 7|5 3|5 4|1 3|6 8|5 3|fitness = 19.863493782496462|time = 139.43424835008074|true
25 solution:
6 3|5 7|2 3|5 6|6 3|6 7|6 3|4 5|6 3|5 7|4 4|6 7|6 8|4 4|6 7|5 3|6 6|5 3|6 4|4 4|4 3|5 8|5 2|4 3|5 8|6 7|6 8|6 6|5 4|6 4|6 1|2 4|1 2|5 4|6 7|3 3|6 5|2 1|4 7|6 3|5 3|5 7|6 7|6 4|6 5|5 8|6 5|6 5|5 3|5 4|fitness = 19.88927347102488|time = 146.63551718987486|true
26 solution:
4 4|4 1|6 5|5 3|3 3|2 3|6 3|6 4|3 3|5 4|4 1|5 5|4 3|6 4|4 4|6 3|6 5|2 3|5 7|5 3|5 1|6 4|5 8|4 3|6 7|6 7|3 4|6 4|5 8|5 2|1 8|6 8|6 4|4 5|4 7|6 6|6 2|6 3|6 4|6 6|4 4|1 5|5 6|6 6|5 5|1 7|3 8|6 8|5 3|6 5|fitness = 19.874591906319143|time = 135.43833054117783|true
27 solution:
2 5|5 4|6 1|6 2|6 4|1 7|5 8|4 3|5 1|5 1|4 1|5 6|6 4|3 7|3 3|6 6|4 1|2 1|6 3|4 3|5 1|3 7|4 7|2 3|4 5|4 3|6 7|3 3|2 7|5 3|5 1|4 2|6 5|5 5|4 6|4 8|4 4|1 8|2 4|6 4|6 3|6 4|6 1|6 3|1 4|6 6|5 2|6 4|5 8|3 3|fitness = 19.727700103367656|time = 111.17307540221566|true
28 solution:
6 8|6 3|4 5|6 3|1 5|5 5|6 1|3 1|6 3|5 3|2 8|4 5|1 7|4 2|5 2|5 1|5 3|6 8|1 4|1 2|5 5|6 4|6 5|5 3|6 7|5 3|6 7|5 3|6 3|6 4|6 6|6 2|6 5|2 5|5 7|5 3|1 4|4 5|6 3|4 5|4 8|6 3|6 3|5 8|5 6|4 5|6 7|5 6|5 4|5 4|fitness = 19.898930715167012|time = 146.97688823286376|true
29 solution:
4 3|6 4|6 8|6 6|2 5|6 3|6 8|6 8|6 3|5 7|6 3|6 4|5 4|6 3|4 5|6 8|6 4|5 7|5 7|3 3|6 4|5 1|6 4|1 3|6 1|6 4|6 4|6 7|4 3|5 1|4 4|6 1|6 8|6 4|6 5|5 0|5 8|6 7|6 1|6 1|6 6|6 5|6 7|5 5|5 3|6 4|6 5|6 8|6 7|6 7|fitness = 19.890936608469893|time = 125.312208743079|true
30 solution:
6 4|6 4|6 5|6 8|6 3|6 3|6 3|4 2|5 3|6 5|6 4|6 8|6 5|6 8|6 8|6 3|4 3|6 5|5 8|3 8|4 7|6 3|5 3|6 4|6 7|3 3|6 5|6 3|5 8|6 8|5 2|6 8|6 1|6 3|6 6|6 8|6 8|4 7|6 3|6 5|4 5|5 8|6 7|6 3|4 7|2 6|6 4|6 4|6 7|6 5|fitness = 19.870456825509326|time = 137.76763475197515|true
The final result:
fmax = 20.218906560398317
fmin = 19.727700103367656
fmean = 19.94233275913597
standard std = 0.12011731404398014
-1 solution:
6 3|4 3|6 7|5 5|5 2|6 4|6 7|4 6|5 3|5 8|5 5|6 2|5 6|6 5|6 5|6 3|5 8|5 6|6 3|4 3|6 4|6 8|4 4|6 3|1 6|4 3|3 3|4 7|5 3|5 5|4 7|4 8|6 4|6 3|4 7|5 7|6 2|6 8|5 8|3 3|3 4|6 5|4 5|6 5|6 5|4 3|4 6|6 4|6 3|6 8|fitness = 20.218906560398317|time = 148.83613282623946|true
