1 solution:
1 2|2 3|1 2|2 2|3 2|2 1|2 3|2 1|1 3|2 1|1 2|2 1|2 2|3 2|2 4|2 2|1 1|1 3|1 3|1 1|1 2|1 3|1 3|1 1|fitness = 10.412202499316754|time = 91.2231769433938|true
2 solution:
1 2|2 3|1 4|2 3|2 1|2 1|2 1|2 3|1 2|1 2|2 2|2 3|2 0|3 3|2 1|1 4|1 1|1 2|2 3|2 1|3 3|2 2|1 1|1 2|fitness = 10.191491126855063|time = 84.57247577806197|true
3 solution:
1 3|1 2|1 3|1 2|1 1|2 3|2 2|2 2|2 3|2 1|2 3|1 3|1 2|3 2|2 1|2 4|2 4|2 4|1 4|3 2|1 1|2 2|1 1|1 1|fitness = 10.255901783233805|time = 93.72338224905697|true
4 solution:
1 3|2 1|1 4|1 2|1 1|1 2|2 3|2 2|2 3|3 2|1 3|2 4|2 1|3 2|2 1|1 2|1 1|1 4|1 3|2 1|1 3|2 2|3 2|2 0|fitness = 10.210816571223999|time = 83.04587866303001|true
5 solution:
1 3|2 1|2 4|2 2|3 3|2 1|2 4|1 1|1 2|3 2|1 2|1 2|1 3|3 2|2 2|1 2|1 1|2 1|1 3|3 2|1 3|1 2|1 1|1 3|fitness = 10.335318033048425|time = 99.04059937002935|true
6 solution:
2 2|1 2|2 2|2 2|2 3|1 2|1 1|2 1|1 2|2 3|1 2|2 3|2 4|3 2|1 1|2 3|2 1|2 1|1 3|1 2|1 3|1 3|1 1|2 1|fitness = 10.347137291219044|time = 98.9895477111915|true
7 solution:
2 2|1 3|1 1|1 2|3 2|1 2|2 0|1 3|1 3|2 3|2 1|1 2|2 3|3 2|1 2|2 2|1 2|1 1|1 3|1 1|2 1|2 3|1 3|1 1|fitness = 10.316422485912499|time = 97.2705022120549|true
8 solution:
1 2|1 2|2 3|2 3|3 3|1 1|2 2|2 1|3 3|2 1|1 3|1 2|2 1|3 2|1 3|1 2|1 2|2 4|1 2|3 2|2 3|2 3|2 1|1 2|fitness = 10.307791693355226|time = 99.03046549176659|true
9 solution:
1 2|1 3|2 0|3 2|2 1|2 3|2 3|2 3|2 2|2 2|1 2|2 1|1 2|2 1|2 2|1 3|1 1|1 1|1 1|2 1|3 2|1 3|1 3|1 3|fitness = 10.300775066386885|time = 94.64360400507256|true
10 solution:
2 2|1 3|2 4|1 1|1 3|1 2|2 1|2 4|1 3|2 3|2 3|1 2|1 2|2 3|1 1|2 0|1 2|1 1|1 0|3 2|1 2|2 2|1 2|1 0|fitness = 10.168328527820204|time = 90.39651292938294|true
11 solution:
2 2|2 3|2 2|1 1|1 2|2 3|2 2|1 1|2 3|3 2|1 2|2 2|1 1|2 3|1 1|1 2|1 1|2 4|1 2|2 1|2 3|2 4|1 2|1 1|fitness = 10.214013507539743|time = 87.91987785502593|true
12 solution:
3 2|1 2|1 2|1 2|1 1|2 3|1 4|2 3|2 3|2 1|3 2|2 3|2 3|3 2|2 1|2 4|1 1|1 1|1 4|3 2|1 2|2 4|1 1|3 2|fitness = 10.294224972967347|time = 98.30322549417356|true
13 solution:
1 2|2 4|2 3|2 3|3 3|1 2|2 2|2 1|1 2|2 1|1 2|2 3|2 2|3 2|1 4|2 2|1 1|3 4|1 3|2 4|1 3|1 1|2 3|2 3|fitness = 10.359828079463654|time = 89.48232844531059|true
14 solution:
1 3|2 3|2 4|3 4|3 3|1 2|1 4|1 1|1 3|1 2|1 2|2 2|1 2|1 2|1 1|3 2|3 3|2 1|1 2|2 1|1 3|2 3|2 3|1 1|fitness = 10.304383247716594|time = 87.29512510032163|true
15 solution:
2 2|1 2|1 1|1 2|2 1|1 2|2 3|2 3|2 3|1 3|1 2|2 1|3 2|3 2|2 1|2 1|3 2|1 4|2 3|2 1|1 3|1 2|2 1|2 1|fitness = 10.291226968754454|time = 96.10918718096559|true
16 solution:
2 4|1 2|1 2|2 1|3 2|2 3|1 2|1 1|1 3|2 1|2 2|2 3|2 4|2 3|1 1|1 2|3 3|1 3|1 3|2 1|3 2|2 3|2 2|2 1|fitness = 10.32474866237769|time = 98.65002696839504|true
17 solution:
1 2|2 3|1 1|2 4|2 1|1 2|1 4|2 1|1 2|1 2|1 2|2 3|2 2|3 2|2 3|1 2|2 1|1 2|1 3|3 2|2 0|2 4|1 4|1 1|fitness = 10.270717679122402|time = 99.16317834610692|true
18 solution:
2 3|1 2|2 0|2 3|2 1|2 4|1 3|3 2|1 3|1 1|1 2|2 1|2 2|3 2|2 2|1 3|2 3|1 1|2 1|2 4|2 3|1 3|2 2|2 2|fitness = 10.199923712906923|time = 99.10504726305749|true
19 solution:
1 2|1 3|1 4|1 3|1 2|2 2|1 2|2 1|2 3|1 2|1 2|2 1|2 1|3 2|1 0|2 3|1 3|1 3|2 1|2 2|1 2|1 1|1 1|2 3|fitness = 10.260511659828614|time = 91.03537695905186|true
20 solution:
1 2|1 3|1 2|2 2|3 3|1 3|2 1|2 4|3 2|2 3|1 3|1 3|2 2|3 2|2 1|2 1|1 4|2 1|1 2|2 1|1 3|2 4|1 1|1 2|fitness = 10.215541892636498|time = 95.23064659319144|true
21 solution:
1 3|1 3|2 0|2 0|3 2|2 3|2 0|1 1|1 2|1 2|2 1|2 3|3 2|3 3|2 3|2 4|1 1|1 1|1 2|2 3|1 2|2 4|1 1|1 1|fitness = 10.180575687732286|time = 73.80835935246425|true
22 solution:
2 1|2 0|1 2|1 4|3 1|2 1|2 2|3 2|1 2|2 1|3 3|2 2|2 3|1 3|1 1|1 2|2 2|2 4|1 3|3 1|1 3|1 1|2 3|3 1|fitness = 9.929356161895944|time = 84.28457200080031|true
23 solution:
1 3|1 2|1 4|2 1|3 3|1 2|1 2|3 2|1 1|2 3|2 2|1 2|1 3|2 1|1 1|1 3|1 3|3 4|1 0|2 1|1 2|1 3|1 0|2 2|fitness = 10.279919525886687|time = 97.17851302370826|true
24 solution:
1 2|1 2|1 3|2 1|2 1|1 3|2 2|2 3|1 3|2 4|1 3|2 2|1 3|3 2|2 2|2 4|1 3|2 2|2 1|1 0|3 1|1 2|2 3|1 2|fitness = 10.055825444378142|time = 98.83771648077932|true
25 solution:
1 2|1 3|1 2|3 2|3 2|2 1|1 4|3 2|1 3|2 4|1 3|2 0|2 3|2 3|2 1|3 2|1 1|1 1|1 4|2 1|1 2|2 2|1 2|2 3|fitness = 10.226958070338528|time = 92.16727877211882|true
26 solution:
2 1|2 2|2 1|2 0|2 2|2 4|1 1|2 1|1 3|2 3|2 3|2 3|2 3|1 2|1 1|1 2|2 1|3 2|3 2|1 3|2 2|3 3|2 2|1 4|fitness = 10.042167773301015|time = 92.56395297817126|true
27 solution:
1 2|2 2|2 4|3 2|2 3|1 2|2 3|2 1|1 3|2 1|1 2|1 2|2 4|2 3|1 1|2 3|3 3|1 1|2 4|2 1|2 4|2 1|2 1|2 3|fitness = 10.260460262283024|time = 78.53495382161375|true
28 solution:
2 2|1 2|1 4|1 2|2 1|2 3|2 1|1 3|2 1|1 3|2 2|1 3|2 2|2 3|1 2|1 3|3 3|1 1|2 3|3 2|2 3|2 1|1 1|1 1|fitness = 10.19002231596845|time = 98.29316663922093|true
29 solution:
2 2|2 3|1 2|2 2|2 3|2 1|2 1|2 1|1 3|2 1|1 1|1 2|2 3|3 2|1 1|2 1|1 3|1 3|2 2|3 2|2 2|1 3|1 4|1 1|fitness = 10.303445493114232|time = 86.52677483435882|true
30 solution:
2 1|1 3|2 3|1 2|3 2|2 1|1 3|1 1|1 2|2 1|1 3|2 2|1 1|2 1|1 2|2 1|2 3|1 3|1 1|1 2|3 2|2 3|1 1|1 4|fitness = 10.195056622133292|time = 93.84759915271079|true
The final result:
fmax = 10.412202499316754
fmin = 9.929356161895944
fmean = 10.241503093957247
standard std = 0.10037563471762787
-1 solution:
1 2|2 3|1 2|2 2|3 2|2 1|2 3|2 1|1 3|2 1|1 2|2 1|2 2|3 2|2 4|2 2|1 1|1 3|1 3|1 1|1 2|1 3|1 3|1 1|fitness = 10.412202499316754|time = 91.2231769433938|true
