0.32120875 0.46146588 0.77971148 0.32116535 0.72274657 0.51565902 0.28293885 0.30605718 0.88284921 0.11256394 0.45158965 0.74447481 0.24106322 0.34972467 0.71352710 0.65927860 0.15331787 0.84215452 0.08165266 0.77669356 0.94024953 0.44398144 0.77603963 0.44933091 0.17754255 0.94484462 0.55874058 0.85579555 0.08683827 0.77952551 0.33757395 0.02952161 0.82033292 0.41917831 0.23289008 0.72748719 0.02300657 0.64865817 0.09526194 0.01371665 0.30349465 0.37682892
0.41224171 0.70298640 0.14793461 0.97536312 0.64876922 0.48690883 0.37069018 0.39643223 0.32851394 0.64757566 0.41167624 0.48081572 0.58237699 0.75320085 0.66207725 0.93534190 0.46557558 0.62571032 0.52857322 0.43220530 0.07617742 0.17198398 0.13075653 0.16258883 0.39564730 0.37846313 0.36724411 0.96315149 0.81591448 0.88309401 0.58305954 0.82632503 0.51766401 0.05908666 0.22417918 0.20399627 0.22100057 0.47172525 0.67470836 0.01903392 0.34232906 0.90247450
0.93797233 0.71025254 0.26024102 0.87388434 0.94487788 0.95378772 0.21839161 0.75430271 0.05122176 0.92749089 0.37479719 0.07316463 0.72019225 0.11483367 0.64467836 0.63563267 0.47713017 0.68094541 0.27791961 0.38962281 0.97068682 0.39578992 0.56241089 0.76875654 0.37783583 0.92812016 0.65098251 0.41153862 0.44976638 0.08873281 0.27234002 0.74006686 0.21150613 0.26267724 0.00535062 0.87083936 0.70019149 0.83745609 0.87122825 0.72573102 0.15522433 0.90788791
0.22961002 0.01297002 0.75812363 0.91818428 0.35221149 0.95595241 0.36070114 0.18792803 0.59169383 0.26199051 0.63726095 0.46102034 0.76357158 0.84359915 0.74984222 0.71529878 0.21543418 0.23168118 0.92509550 0.47540997 0.07045072 0.45298170 0.30720292 0.78265437 0.30107186 0.38343799 0.07332312 0.79290283 0.61403887 0.23456071 0.07636148 0.69731750 0.60925445 0.88173831 0.21443774 0.29049275 0.31276567 0.20136628 0.31724183 0.04676425 0.97805475 0.44795886
0.58654067 0.00781746 0.00002811 0.97290994 0.53141751 0.13335932 0.89254040 0.26332707 0.89839684 0.02149978 0.54298476 0.36237045 0.31242771 0.06662310 0.37642589 0.22178672 0.21676846 0.18991081 0.63694853 0.43283483 0.22813669 0.25131171 0.72533844 0.08355959 0.20805806 0.13163704 0.41990861 0.19837582 0.19216815 0.25959123 0.85122902 0.33018417 0.81629185 0.05093221 0.30171303 0.39574716 0.03144521 0.32558746 0.25745935 0.77181247 0.70947445 0.27343516
0.65244326 0.00247739 0.20686798 0.95059240 0.91409672 0.20754670 0.07634670 0.60543527 0.24451180 0.42714433 0.89415919 0.35720875 0.55294736 0.68959629 0.60557736 0.87996638 0.59301432 0.54761058 0.88190992 0.78071362 0.15185997 0.19203756 0.72942023 0.30301052 0.58886732 0.02300202 0.99385596 0.83592276 0.62783043 0.73495611 0.46386798 0.46309292 0.06926268 0.55520986 0.99241661 0.44783639 0.00843906 0.26475414 0.42733341 0.11754925 0.21997047 0.02569833
0.17052675 0.08434831 0.60115168 0.84140345 0.86989034 0.11874648 0.95402114 0.68339834 0.08879377 0.27929890 0.93001563 0.93342540 0.79510436 0.09353874 0.66129809 0.80946912 0.16501039 0.68415390 0.45928214 0.87137939 0.50648546 0.73923907 0.97357261 0.53470871 0.07305468 0.13658974 0.37348612 0.76064065 0.16059326 0.84938869 0.43951151 0.73539451 0.15820853 0.48426692 0.93351480 0.40424898 0.15882664 0.43260495 0.25418937 0.18333548 0.32592588 0.15207267
0.17819635 0.03660956 0.45992829 0.53778886 0.43763651 0.37591677 0.11108188 0.69111407 0.99093979 0.91882687 0.14523623 0.64897407 0.10695363 0.72191844 0.88473419 0.79774284 0.80095741 0.09645343 0.81871291 0.76309797 0.73652467 0.00888933 0.40542786 0.54089321 0.43860092 0.87043411 0.67378349 0.51397650 0.55085928 0.32785728 0.17207484 0.78601399 0.91434273 0.78202768 0.30901443 0.95576386 0.44459558 0.88115716 0.28543941 0.05387620 0.14093339 0.16248645
0.62466370 0.86917827 0.07419506 0.34915763 0.77526096 0.30253723 0.86826655 0.54827565 0.38213375 0.70377503 0.01586060 0.74166834 0.60004506 0.37074324 0.35048278 0.51261355 0.25835862 0.51954837 0.13420876 0.90980822 0.77655435 0.07105070 0.51484339 0.71411356 0.47715639 0.54114307 0.55622785 0.14411684 0.34603034 0.17094831 0.65190539 0.21330974 0.34957811 0.18795710 0.89505283 0.53468930 0.13417740 0.75026084 0.89652910 0.35784679 0.30528476 0.69341680
0.61808832 0.01911662 0.51194028 0.67311584 0.01924957 0.78711587 0.24698304 0.67670555 0.70401118 0.29401234 0.61410625 0.16275465 0.29754281 0.35711740 0.30995171 0.28022734 0.98318338 0.01590694 0.72276328 0.71746882 0.48651859 0.03633239 0.35868943 0.73608645 0.80600723 0.96729104 0.77264534 0.85594335 0.15857042 0.07338291 0.80271533 0.47486451 0.93375334 0.11358895 0.18539624 0.43028788 0.93151458 0.98726381 0.56355384 0.13997614 0.79639322 0.72684347
0.48978310 0.49503716 0.35474910 0.18092623 0.27493484 0.12088451 0.51196747 0.00189349 0.43489085 0.97040190 0.47296385 0.22899435 0.04824010 0.46845794 0.31202078 0.84082551 0.55332887 0.58805147 0.33693334 0.14039697 0.38522803 0.30574890 0.26763521 0.73148021 0.38148115 0.85770960 0.98092323 0.14669466 0.07006707 0.09747663 0.46059271 0.89579559 0.79383113 0.04284418 0.63624185 0.81688401 0.12270969 0.39149467 0.99419849 0.13376779 0.15839246 0.38373269
0.20046796 0.54946021 0.14563789 0.89552431 0.48829604 0.03881064 0.27027703 0.05618426 0.23188613 0.74251916 0.64601146 0.00243567 0.95300551 0.51029562 0.27043141 0.60419992 0.98866066 0.19268045 0.16525042 0.12735730 0.18571637 0.73905318 0.00657301 0.83485171 0.28227991 0.52361221 0.29808273 0.46989540 0.08586568 0.09161661 0.54335726 0.41366270 0.16480149 0.69493954 0.93308871 0.06474460 0.53203337 0.56898996 0.77880683 0.64876849 0.71943020 0.89231720
0.29677307 0.23397070 0.71588565 0.76572116 0.37403452 0.20214176 0.47395972 0.34944829 0.63319615 0.80424734 0.07749766 0.50506146 0.45329069 0.71616105 0.20660925 0.90282991 0.60119559 0.70232718 0.23658694 0.57599261 0.78136677 0.59380511 0.16378647 0.33000716 0.72122940 0.79202959 0.56418879 0.24790296 0.37538585 0.42075384 0.95930801 0.77211663 0.45387190 0.06602541 0.28930454 0.48869376 0.75801182 0.76767734 0.67460869 0.79150076 0.74199389 0.55570040
0.28505461 0.06209674 0.30910817 0.36099417 0.92947073 0.86517419 0.09865797 0.57237868 0.92886679 0.92998464 0.42287785 0.86038004 0.94280435 0.36492345 0.57276050 0.14318708 0.68123178 0.63545541 0.42751521 0.73130834 0.85301079 0.32482116 0.17445149 0.75484198 0.27755660 0.59247168 0.47440132 0.95090354 0.81745907 0.54693616 0.59236339 0.76863974 0.67764760 0.45783672 0.85387432 0.53538895 0.66060789 0.84602046 0.28468040 0.11993204 0.16735394 0.01128797
0.44460543 0.12740990 0.09030373 0.48395467 0.27607920 0.16536713 0.25690308 0.21948952 0.25361226 0.13151359 0.75178638 0.09473299 0.24257262 0.79117880 0.27045940 0.40970485 0.25394056 0.13606712 0.63893350 0.65076886 0.71628741 0.14580362 0.77143719 0.72893084 0.97704573 0.60989455 0.63227487 0.27130276 0.49220715 0.61010815 0.21809926 0.31427469 0.56690533 0.11191464 0.18330818 0.92369337 0.56891201 0.86850749 0.49397251 0.85035447 0.25289351 0.50206011
0.41464712 0.31837307 0.20534621 0.19425573 0.20761158 0.43950507 0.44844937 0.89176008 0.15553350 0.54824954 0.92564444 0.31219052 0.90624195 0.96057053 0.93256952 0.32226672 0.68224412 0.27333407 0.55404889 0.45221212 0.59781362 0.34206399 0.82115705 0.40910720 0.18292406 0.50137850 0.61194765 0.45677877 0.22599683 0.42547656 0.28525738 0.44094268 0.21637752 0.26530148 0.65906594 0.05569933 0.99265063 0.34451649 0.22321268 0.67111506 0.68434723 0.74818558
0.41084160 0.67150460 0.67229621 0.59605958 0.34376608 0.79016304 0.08681421 0.65662658 0.71401567 0.36867840 0.31312562 0.22859246 0.36714671 0.81758866 0.07984841 0.89321590 0.71246982 0.81002993 0.96907744 0.82392962 0.30116697 0.90115560 0.60554220 0.82893762 0.78534133 0.33348832 0.35751068 0.19798575 0.99936340 0.76200050 0.11355746 0.72626134 0.08944741 0.51260088 0.58700795 0.99638442 0.45821196 0.77383834 0.64381770 0.11371210 0.78804960 0.81401622
0.34983937 0.61068444 0.56044965 0.91454364 0.78987655 0.16269856 0.29799007 0.21523343 0.22361833 0.09100529 0.22153297 0.07838802 0.81249362 0.36738072 0.13723036 0.89589874 0.97668036 0.98083244 0.14626511 0.48721599 0.42294916 0.07835848 0.20482459 0.36593061 0.02171657 0.24978442 0.65262267 0.18883996 0.00562896 0.69096226 0.57535773 0.64375481 0.41219245 0.75012229 0.26981347 0.88093564 0.29941019 0.53892688 0.13988051 0.34793063 0.02608374 0.87278325
0.06759641 0.54871927 0.80737994 0.79422997 0.67537232 0.81544940 0.83146059 0.32871929 0.92389503 0.65468773 0.45441756 0.92387627 0.17476296 0.60998657 0.37845070 0.23132223 0.18773545 0.86870305 0.26217192 0.50440892 0.51954483 0.03338882 0.91211355 0.90571671 0.44454063 0.57670229 0.06096495 0.44492905 0.82700680 0.50367707 0.75075617 0.10070172 0.34081148 0.65631414 0.50815284 0.91940491 0.05412070 0.91284708 0.82422235 0.52912253 0.67522667 0.25766360
0.93247577 0.55905187 0.69011210 0.32774842 0.51668603 0.91245413 0.21319216 0.57764587 0.77392788 0.70556438 0.61974625 0.64732355 0.20848041 0.95537709 0.93187145 0.86595064 0.63867839 0.77598132 0.48936073 0.07948781 0.16149395 0.92612754 0.65272831 0.15111823 0.23857527 0.03996576 0.15767588 0.55093190 0.64266455 0.76840227 0.26861279 0.42490872 0.73476268 0.36028073 0.06341429 0.41312794 0.43010311 0.92060024 0.02242197 0.27326517 0.25494344 0.69724185
0.59176065 0.05782029 0.09637760 0.26818178 0.54436678 0.19215256 0.60381771 0.42792836 0.77169322 0.30528270 0.71348929 0.90492672 0.60487589 0.07655326 0.43622935 0.78093370 0.88621804 0.67862266 0.87407187 0.62887272 0.79016805 0.62090053 0.41255077 0.93743680 0.82753728 0.92741438 0.17334518 0.34871492 0.55752430 0.61923145 0.10583814 0.59937556 0.27918294 0.41394162 0.54635430 0.82644842 0.37729091 0.40334005 0.68028759 0.07550354 0.05714708 0.22533175
0.10502591 0.43203458 0.91864478 0.90721232 0.61052406 0.18611118 0.19203994 0.12486209 0.36957246 0.83587250 0.48615204 0.09602433 0.96125388 0.53719291 0.58430709 0.70571980 0.03877591 0.81485703 0.16415157 0.74798429 0.99681244 0.96484124 0.31453692 0.36049674 0.69368210 0.59780425 0.37599431 0.82730040 0.14013801 0.20064920 0.94088975 0.92970040 0.07923696 0.42602610 0.81516996 0.93655527 0.55070319 0.05890222 0.36567974 0.14256219 0.85839584 0.25483508
0.95535188 0.58676836 0.84093508 0.69634104 0.10314086 0.21342436 0.98323739 0.77176031 0.59639202 0.27342759 0.70065540 0.74527635 0.03040827 0.20698680 0.07761294 0.15725643 0.15329650 0.59677173 0.44907206 0.37083704 0.95374623 0.03569482 0.47586280 0.26368630 0.64521359 0.91460402 0.78385310 0.55313282 0.57205376 0.20254952 0.81213070 0.13835887 0.59146514 0.26591931 0.24681441 0.14511269 0.66967959 0.65262163 0.30480771 0.06640358 0.27165252 0.55362509