0 0.17575255 0.50690041 0.62057724 0.34655014 0.13063671 0.55926234 0.05686880 0.22463810 0.16195372 0.76738842 0.53583177 0.41930726 0.53300877 0.96458045 0.76904798 0.93563779 0.28291047 0.01387114 0.63658939 0.03751056 0.55898269 0.62327777 0.27548263 0.94275754 0.62977679 0.96049911 0.68442105 0.31856383 0.56955894 0.74958118
0 0.77554138 0.20349538 0.89909371 0.89633532 0.55115150 0.92490766 0.91773927 0.45979989 0.48661724 0.42912497 0.06831577 0.96379462 0.26018483 0.19666136 0.43890311 0.62562450 0.68633817 0.57588848 0.42467016 0.06824786 0.08135783 0.93593703 0.64803227 0.47773132 0.31807123 0.51325238 0.46687975 0.96957172 0.51135254 0.20610732
0 0.78831489 0.13547321 0.61675119 0.85750746 0.44928083 0.35642568 0.22169901 0.75930818 0.12566012 0.48843787 0.46206522 0.20899439 0.58786745 0.95403720 0.30639974 0.95545744 0.13365467 0.10565525 0.41602496 0.28123600 0.19779312 0.96627653 0.41120691 0.28607107 0.46349249 0.09823511 0.65195671 0.66025750 0.28186125 0.40280229
0 0.57658365 0.86615774 0.84340890 0.11121583 0.23194159 0.18237598 0.33953566 0.09205904 0.87638068 0.50747363 0.30215029 0.87040621 0.43973654 0.16874045 0.41600241 0.43090829 0.18425961 0.23641785 0.36101074 0.96000086 0.12620757 0.00490354 0.66081400 0.17167387 0.64989394 0.36985074 0.08896680 0.75675100 0.27430645 0.80370616
0 0.91564756 0.79738337 0.71697917 0.51211543 0.16544172 0.69647163 0.24062211 0.13975651 0.10070781 0.28598632 0.76508337 0.08654443 0.34523013 0.29866629 0.38053798 0.09378447 0.41930646 0.31433088 0.70736910 0.26473219 0.97011489 0.62505088 0.01402654 0.09515289 0.65014916 0.20268005 0.12621844 0.40685521 0.42170688 0.09775750
0 0.93911240 0.30080658 0.04686098 0.15054857 0.77879187 0.37632068 0.66003920 0.85299988 0.95003500 0.49894084 0.61428228 0.56464205 0.55455255 0.34202486 0.24244711 0.05598135 0.06714226 0.77567036 0.78106539 0.52967925 0.21678726 0.93150276 0.46726482 0.85282687 0.43554648 0.43297973 0.73810431 0.72287898 0.51015510 0.84825014
0 0.53687044 0.88532007 0.09957377 0.89623720 0.96232775 0.32289279 0.46629528 0.31649904 0.88461022 0.54422688 0.11003799 0.59955244 0.69538748 0.71396466 0.98952524 0.96672824 0.06013361 0.38698666 0.67137081 0.08725992 0.39677279 0.03609911 0.05466033 0.02518976 0.81767007 0.39555252 0.28563896 0.81980903 0.44088247 0.88201875
0 0.09898644 0.92073291 0.30177906 0.00016147 0.10047989 0.42234203 0.57758574 0.69169266 0.44041654 0.67220670 0.47510451 0.04481627 0.91798712 0.36424157 0.92580298 0.64521686 0.80386268 0.66972234 0.18266486 0.12025995 0.57157658 0.30792821 0.51963780 0.10482802 0.28785452 0.71305664 0.49720990 0.94022397 0.62786527 0.61519023
0 0.67659170 0.90683178 0.35343568 0.42047798 0.24017596 0.68673192 0.62059307 0.74932598 0.70739239 0.05422679 0.66736917 0.37127575 0.82277037 0.50023938 0.27361962 0.56138071 0.73696730 0.61080594 0.88168331 0.59527469 0.80171656 0.54039164 0.42002691 0.69875877 0.65609308 0.84751570 0.68158890 0.27261546 0.79419110 0.29318023
0 0.57435919 0.62449270 0.47325292 0.94185524 0.68379956 0.75708225 0.64648383 0.05027962 0.36503127 0.98545008 0.58623247 0.78109607 0.01728595 0.28625947 0.00091249 0.73634541 0.28393658 0.31775986 0.74298573 0.67010403 0.66849540 0.99179788 0.65552283 0.51005524 0.46028618 0.32773901 0.71130247 0.99454432 0.92306813 0.07307208
0 0.36110579 0.81467341 0.41570991 0.23660091 0.92680779 0.14025133 0.48608118 0.24751029 0.95006268 0.80392095 0.00765110 0.92722691 0.63882583 0.21954401 0.11285166 0.84087770 0.94164986 0.31893193 0.01808595 0.88128187 0.32363817 0.40526843 0.83233006 0.13079480 0.01813399 0.84207753 0.09459882 0.14495545 0.38466882 0.92334879
0 0.09511533 0.80677164 0.01638925 0.10343900 0.00084474 0.81160986 0.40912638 0.00462760 0.42812279 0.66003971 0.32946759 0.26571075 0.38343048 0.75961582 0.50063530 0.34677699 0.42793594 0.86646216 0.86267350 0.86331500 0.51224519 0.63365771 0.45738692 0.88706201 0.17487383 0.47580406 0.93867436 0.92150903 0.70127201 0.30778914
0 0.81534190 0.93673710 0.39980489 0.97064373 0.79617769 0.93126627 0.36691203 0.31852030 0.02601515 0.97785720 0.98573853 0.00820643 0.57670654 0.60571273 0.93085155 0.00621829 0.28837450 0.67328471 0.63622608 0.70840166 0.94400428 0.59389967 0.02450413 0.35310175 0.80438447 0.89067341 0.79260171 0.10134526 0.73060005 0.57769421
0 0.70205850 0.75611085 0.47772609 0.79121066 0.13209518 0.59764777 0.25606611 0.42756858 0.61916385 0.22293412 0.32522461 0.28389936 0.22884737 0.59475005 0.21149825 0.34306968 0.38428342 0.72947326 0.12051561 0.39616039 0.20985986 0.58258751 0.25475076 0.15375011 0.53974784 0.72702719 0.03948134 0.36153735 0.48790981 0.36186426
0 0.71095685 0.20634181 0.87953948 0.03747645 0.32698830 0.47528457 0.90346154 0.23821829 0.02286610 0.51395357 0.06083894 0.62474962 0.25445727 0.01861947 0.85760582 0.30555908 0.84553002 0.09307389 0.71636500 0.98085241 0.88779717 0.80242104 0.26805829 0.18185886 0.92986701 0.66416011 0.52453940 0.11474127 0.43523396 0.13115509
0 0.43024825 0.81067861 0.18963793 0.14159520 0.94450731 0.38232226 0.19456573 0.23780790 0.11552896 0.19171026 0.59636359 0.58879366 0.57304536 0.64585683 0.36937536 0.49060959 0.48854081 0.15361632 0.79671541 0.56423741 0.33038782 0.50105544 0.27373196 0.92232793 0.67575856 0.53244786 0.59691036 0.03422319 0.93200264 0.56014061
0 0.69491234 0.88291453 0.06725397 0.36892271 0.70864179 0.27810262 0.35334840 0.02916022 0.43367364 0.86628414 0.68370493 0.98784449 0.40107683 0.46179616 0.24464352 0.06783277 0.29160865 0.81200865 0.19068243 0.07294416 0.95345220 0.80536229 0.50267888 0.67020544 0.02511476 0.43270676 0.39224668 0.10042513 0.05279930 0.52040311
0 0.45670513 0.05440654 0.03550798 0.36791069 0.28588347 0.74449321 0.53132994 0.94308761 0.37542598 0.79977341 0.81481327 0.21519132 0.01081226 0.11815271 0.08801399 0.53857374 0.25212879 0.21963691 0.41676231 0.73932283 0.27169686 0.96254987 0.88888016 0.70261103 0.07498336 0.70804420 0.47253013 0.81026805 0.06979044 0.14814502
0 0.19057122 0.53610404 0.03954080 0.04870041 0.52074163 0.87076598 0.82354574 0.10099436 0.38168481 0.01841914 0.41046295 0.92441113 0.67127952 0.98430249 0.21072189 0.01742312 0.08643110 0.25521472 0.98951440 0.11530631 0.87242471 0.76424581 0.31401904 0.98037094 0.22513878 0.72657677 0.39684755 0.12412746 0.30086035 0.73492743
0 0.90227213 0.34069086 0.17614024 0.71124092 0.62261289 0.21685888 0.64407122 0.92545045 0.92923492 0.97668320 0.43356744 0.31268216 0.55592466 0.11698442 0.29466894 0.74700597 0.58198568 0.29514561 0.40558985 0.76285326 0.44821423 0.84165106 0.72617516 0.45447910 0.46098559 0.08722036 0.24762521 0.92935371 0.51800160 0.41802036
0 0.56979311 0.74312593 0.72382141 0.60232038 0.87505504 0.20180983 0.15411668 0.46808926 0.16169946 0.28110219 0.27466327 0.45341502 0.54997550 0.18324769 0.42440173 0.90026128 0.58038733 0.22862556 0.33146924 0.21695705 0.68651539 0.86223984 0.84692572 0.19594951 0.44359182 0.04455244 0.95296756 0.84073196 0.76925199 0.19160733
0 0.63074227 0.02949255 0.98432932 0.13115033 0.35744807 0.22291095 0.52925668 0.24945816 0.84322236 0.20966477 0.17558186 0.11784757 0.11539388 0.57558854 0.77230091 0.40834324 0.21099289 0.18106191 0.92315771 0.83474109 0.54798480 0.43608662 0.50375410 0.18831142 0.51151253 0.57364361 0.59625948 0.27664394 0.91350330 0.43930576
0 0.24470487 0.71964478 0.76231594 0.53871368 0.41529105 0.10845346 0.21367489 0.21440490 0.68383639 0.99105509 0.66495780 0.85961994 0.46643445 0.51262161 0.70197351 0.01909128 0.05958768 0.30912312 0.01068774 0.07545419 0.36252807 0.42950848 0.42592387 0.97480116 0.91713151 0.64476193 0.00488741 0.10603423 0.81977734 0.49140054