0.25719601 0.86838124 0.80908230 0.30405698 0.89710179 0.42030539 0.77070699 0.50497678 0.97913562 0.06305374 0.05637387 0.78064176 0.95328428 0.77674549 0.26100799 0.19486831 0.40806038 0.78123491 0.05132379 0.79233246 0.44437689
0.59903580 0.04689073 0.32599218 0.44338912 0.04197580 0.44137331 0.54900180 0.20611820 0.99514624 0.41646589 0.03892273 0.66239616 0.44300235 0.88639517 0.98394829 0.34764945 0.78500759 0.87746364 0.35402491 0.62826436 0.12200485
0.89495997 0.40416569 0.21975437 0.85953663 0.95886278 0.51291654 0.88667574 0.67062506 0.60011691 0.94584935 0.33921472 0.58806190 0.00086198 0.25212026 0.24859585 0.75504743 0.63484490 0.65154563 0.99193769 0.15305678 0.21834983
0.95031193 0.20690850 0.44710046 0.51733023 0.23535055 0.48751169 0.94108585 0.57302938 0.84057127 0.58455648 0.51977465 0.20622734 0.85256410 0.28784648 0.36887092 0.23935389 0.72904120 0.76184520 0.21106316 0.73605851 0.44020637
0.48255403 0.77338293 0.69942985 0.91140238 0.08056494 0.21003156 0.09290919 0.44480161 0.33372648 0.24486594 0.75204343 0.22856848 0.27258843 0.86902261 0.74057487 0.00383681 0.86276713 0.53169954 0.97096691 0.45300940 0.01059951
0.89590287 0.45731584 0.89730065 0.70193113 0.39600599 0.39770092 0.44710774 0.92860964 0.03025676 0.39337615 0.83570937 0.68323167 0.04890791 0.50380909 0.78495556 0.70991803 0.45743481 0.50942305 0.90102579 0.88736823 0.54434358
0.70800131 0.77899706 0.09017209 0.96436215 0.80606293 0.20687740 0.12533313 0.26034517 0.98312158 0.10292395 0.87318404 0.09101337 0.00459033 0.09448026 0.07535245 0.84668683 0.33819702 0.45222922 0.30716027 0.78146033 0.58912598
0.43067462 0.54781777 0.26780870 0.21070415 0.93382617 0.41899936 0.28839870 0.37030034 0.82447858 0.60086468 0.81992286 0.05420876 0.12613835 0.15431547 0.33506019 0.98063883 0.82856615 0.47925484 0.25120780 0.65653541 0.00106718
0.42084272 0.78841577 0.96180475 0.44207564 0.59921711 0.36399756 0.97362309 0.14924305 0.38287761 0.34757698 0.35385669 0.48115533 0.05190485 0.72787153 0.51422317 0.99996651 0.60441481 0.00130126 0.94667609 0.63365169 0.34812478
0.38255163 0.56059580 0.97724557 0.88863343 0.25850723 0.60372157 0.26434725 0.37699437 0.65951275 0.76036119 0.78333556 0.91138941 0.40570684 0.31826615 0.28715395 0.80118346 0.50121278 0.87466181 0.25118743 0.99637066 0.29526002
0.91227364 0.67066825 0.36139685 0.90684861 0.71779205 0.45721134 0.62957091 0.41835850 0.53807040 0.39349433 0.81275357 0.38354419 0.57345125 0.03576110 0.56073879 0.26664468 0.39296886 0.91574172 0.46571979 0.53187706 0.62277648
0.88674629 0.58945810 0.23637226 0.30699878 0.48310328 0.55425059 0.14464932 0.16931167 0.71777800 0.38351584 0.57901442 0.11390288 0.82992025 0.90379816 0.44780973 0.69606860 0.11225447 0.92721400 0.15222608 0.96555267 0.09764007
0.62184144 0.36243277 0.03983675 0.06479291 0.44728143 0.97506648 0.99994114 0.03507388 0.78359415 0.91666107 0.21789777 0.17541392 0.91404215 0.84138808 0.02290818 0.79685923 0.33554739 0.18651764 0.69230103 0.94388433 0.46549617
0.49529843 0.11375527 0.90653480 0.68950285 0.39449372 0.10685646 0.85562531 0.35196917 0.12260086 0.31490556 0.20063322 0.72975303 0.04481900 0.78200094 0.20059133 0.24898725 0.16212061 0.81576565 0.82019806 0.20606465 0.22432005
0.50269443 0.81652685 0.03603325 0.69082228 0.29094514 0.56613146 0.73512158 0.44777354 0.38450221 0.19800653 0.38884028 0.88662513 0.30299044 0.18477866 0.88308348 0.67666013 0.85301925 0.66266543 0.78287940 0.32282236 0.92978908
0.40015545 0.05191639 0.39022566 0.02179336 0.51602542 0.75569735 0.09801070 0.02680053 0.75922500 0.14215158 0.83775569 0.00390288 0.40632397 0.52576048 0.05543638 0.78426988 0.60663031 0.21472882 0.85096962 0.94234556 0.31075179
0.31546143 0.59566404 0.48958100 0.75528832 0.62458036 0.84544066 0.79439466 0.84450514 0.97594470 0.83647442 0.65490466 0.66925237 0.34861207 0.88994808 0.15507865 0.83405960 0.76140698 0.12389749 0.92029877 0.22524862 0.48073752
0.97266766 0.65494055 0.34607116 0.35052936 0.14828696 0.39241608 0.36929328 0.11662171 0.84310684 0.71723351 0.61331094 0.46269669 0.16934264 0.32897643 0.23479666 0.10079052 0.05869086 0.70970845 0.54904002 0.66666093 0.10398677
0.32915921 0.53856007 0.35876204 0.11490580 0.77615054 0.79123028 0.22930469 0.48100056 0.44007242 0.32107237 0.78685622 0.78790520 0.88282004 0.46803786 0.10216104 0.51632722 0.83945486 0.34751169 0.92233895 0.06848619 0.86495458
0.12593506 0.39334586 0.81294793 0.00476732 0.73585939 0.86655682 0.31634161 0.50848853 0.51190752 0.92255914 0.43923652 0.52882912 0.62853169 0.18371892 0.51349409 0.95214592 0.15112232 0.70681136 0.38969973 0.99215656 0.97393591
0.74798188 0.74581871 0.94506308 0.91147361 0.47453115 0.68200858 0.55215898 0.73435714 0.76149430 0.29156013 0.74509756 0.99641192 0.55571061 0.59422796 0.15934927 0.08658176 0.41605694 0.94575066 0.69297903 0.05746349 0.74574446
0.79614978 0.56072447 0.43166395 0.92105491 0.45943552 0.74745890 0.36784563 0.99061926 0.37863671 0.50047339 0.28024169 0.87031801 0.22261127 0.51661471 0.24858473 0.99110907 0.03488223 0.77816681 0.32980815 0.17056570 0.56978422
0.57046546 0.18854273 0.07363358 0.89749347 0.07458707 0.30034503 0.00409257 0.33705431 0.07005435 0.34975875 0.92543520 0.78530317 0.70535296 0.34472379 0.54835092 0.54963150 0.99815494 0.39951176 0.04173109 0.86381666 0.71249627
0.10028145 0.42508664 0.36869020 0.52675724 0.86051073 0.98249684 0.97320066 0.95414636 0.69797669 0.10168431 0.67646863 0.30648963 0.42061853 0.78653738 0.12771945 0.10247871 0.29553304 0.71737831 0.92851883 0.71313324 0.89351569
0.14050192 0.94052546 0.71008399 0.95097484 0.05698566 0.15201390 0.33638483 0.77171042 0.15049913 0.97770976 0.75491384 0.90296276 0.64481729 0.21901866 0.24602438 0.56330098 0.81396834 0.29551925 0.32395948 0.57433472 0.18142359
0.77362981 0.82064380 0.35389685 0.53946361 0.66464661 0.34581942 0.86525882 0.79583088 0.44189211 0.17409287 0.28510478 0.31200655 0.23549906 0.53231276 0.55240407 0.83592462 0.20339659 0.46479873 0.89098608 0.35166416 0.64835266
0.93929398 0.86053568 0.16963609 0.05346715 0.62311525 0.48389118 0.36300823 0.84229788 0.80682576 0.52294081 0.21958838 0.33484189 0.28185817 0.03107822 0.72311206 0.06688301 0.58886583 0.89709107 0.20385809 0.36775520 0.94518286
0.21352116 0.20574130 0.85036162 0.33262437 0.95194827 0.30550919 0.25732692 0.68096039 0.60831449 0.08939466 0.92845021 0.81774802 0.19331928 0.74355482 0.00716516 0.87180848 0.18608006 0.74685113 0.38750235 0.11548675 0.84366665
0.96800385 0.31808844 0.80993342 0.56478277 0.06387967 0.52600562 0.47799991 0.84278082 0.45164795 0.70087387 0.17093935 0.71136119 0.28476793 0.18830759 0.71795777 0.48572069 0.80124570 0.78193744 0.65176099 0.03257931 0.13232582
0.57447693 0.48859464 0.76442817 0.16075997 0.93085264 0.30787626 0.04650577 0.30002061 0.78020611 0.12436987 0.72942363 0.12930477 0.58861380 0.37495486 0.07602678 0.66389960 0.57066190 0.95239311 0.43798791 0.66645768 0.92555018
0.61009908 0.65579901 0.81195662 0.14218976 0.23476991 0.30523752 0.70759447 0.70779733 0.43783339 0.59404859 0.73859854 0.87577854 0.15202403 0.92449907 0.46190179 0.50123167 0.43599841 0.88062257 0.80186827 0.33619170 0.48775258