1 solution:
5 3|5 1|4 5|4 4|4 5|3 7|2 3|1 1|2 3|1 4|5 3|1 5|2 3|2 2|6 1|4 8|2 3|1 2|1 4|5 7|1 4|3 4|2 3|1 3|2 4|6 4|1 4|2 4|5 3|4 7|1 5|2 1|4 7|4 4|4 8|6 8|4 3|5 1|5 3|3 4|5 3|1 5|4 5|4 3|4 3|6 1|6 2|4 1|2 3|1 5|fitness = 20.522550709005532|time = 156.388047393482|true
2 solution:
2 6|4 7|2 0|4 7|5 3|4 3|5 4|1 6|4 1|4 3|4 7|4 1|5 6|4 2|6 3|1 1|4 3|2 3|3 3|4 4|4 4|3 1|2 4|2 1|1 7|4 3|5 1|4 4|5 1|2 5|4 1|4 0|3 3|4 3|3 2|6 4|5 7|2 4|6 3|2 7|6 5|2 3|5 7|2 3|2 4|1 4|4 5|5 1|2 8|3 3|fitness = 20.244465253167046|time = 153.1780896431286|true
3 solution:
6 3|1 3|2 3|3 7|3 3|3 3|2 4|1 5|5 3|5 1|2 3|3 5|1 7|1 8|4 0|5 6|4 6|5 7|1 5|5 5|3 4|5 5|4 8|4 3|6 7|4 7|4 7|6 3|3 5|1 2|4 4|2 7|5 1|5 1|1 1|5 4|4 6|1 4|2 3|6 3|4 4|1 4|1 5|2 3|4 4|2 6|3 1|4 3|5 3|4 7|fitness = 20.30965953920831|time = 149.2466692812455|true
4 solution:
4 1|3 7|4 5|5 2|5 3|6 4|2 1|1 1|1 3|4 1|5 7|6 5|1 3|2 3|2 3|5 5|4 8|1 2|3 4|5 4|3 1|1 3|1 1|5 3|1 1|5 3|4 5|4 1|1 3|5 3|5 3|4 5|4 2|1 1|4 4|4 4|2 7|3 3|2 6|4 1|4 4|4 3|1 1|4 4|2 4|2 3|2 2|2 1|5 8|3 3|fitness = 20.565345631548656|time = 159.87988023308003|true
5 solution:
3 3|6 3|2 2|3 1|4 4|1 3|5 4|4 6|6 3|5 1|4 4|1 4|4 4|6 5|4 8|3 5|5 5|4 2|2 4|5 3|4 7|4 4|2 3|3 3|4 7|6 7|4 3|6 4|6 7|2 3|2 5|1 5|2 8|5 2|4 7|2 1|4 4|4 3|2 4|4 3|5 1|2 3|1 2|4 7|5 5|3 3|3 1|5 3|1 4|1 3|fitness = 20.653332004564845|time = 152.06625298722037|true
6 solution:
6 1|4 3|2 4|2 4|4 7|5 6|4 7|4 6|1 4|5 5|6 3|4 1|1 8|3 7|4 5|6 3|5 4|4 3|5 5|1 5|4 4|4 5|4 3|6 3|3 5|5 3|2 3|1 3|3 3|2 5|4 4|2 3|2 5|5 5|6 5|1 4|2 3|2 7|4 1|3 3|6 4|4 7|1 1|2 7|5 5|6 4|4 2|2 5|4 3|5 3|fitness = 20.553128993090265|time = 154.58395483663338|true
7 solution:
1 3|1 4|2 3|2 8|5 5|6 3|4 3|1 0|5 3|1 3|6 7|4 7|4 8|6 1|4 4|4 1|1 2|4 1|4 3|5 3|2 4|5 4|6 1|6 5|2 7|4 1|5 1|4 4|1 3|4 4|4 4|6 4|4 5|5 5|4 8|2 3|6 3|3 3|5 3|2 3|6 4|1 7|4 2|4 4|4 4|6 1|1 7|3 4|2 7|6 3|fitness = 20.5793836285917|time = 153.7613097389679|true
8 solution:
5 3|4 4|6 4|6 7|4 1|3 3|2 4|2 3|4 3|4 4|5 3|5 1|2 1|1 2|2 5|2 7|5 3|4 4|2 7|1 5|1 1|4 4|1 5|4 3|3 7|1 1|2 1|5 4|4 3|1 3|3 1|5 3|2 3|4 4|3 5|5 3|6 8|2 6|4 7|4 7|4 3|4 1|4 5|5 4|2 4|2 1|4 7|4 3|5 8|4 3|fitness = 20.60066108047562|time = 147.63965996441723|true
9 solution:
5 3|6 3|2 5|3 3|5 1|4 4|4 7|4 4|6 3|5 1|5 3|1 5|5 7|1 4|5 3|2 5|6 8|5 6|4 5|1 5|2 2|4 7|1 1|2 2|6 3|2 3|5 3|1 4|4 4|5 3|6 4|4 7|4 3|5 6|3 3|2 4|3 7|6 4|2 5|3 3|3 5|5 1|2 3|4 1|3 5|4 4|2 5|1 1|6 4|2 1|fitness = 20.114278678508136|time = 155.55799031867|true
10 solution:
3 1|3 3|4 7|2 7|4 4|2 4|5 7|4 0|1 3|5 6|4 3|5 1|4 2|4 6|3 1|5 4|1 3|5 1|4 7|4 3|4 4|4 4|1 3|4 3|2 3|6 5|5 4|2 4|4 7|2 4|4 1|5 2|3 3|3 1|3 4|2 3|3 1|2 3|1 4|1 3|5 5|2 4|5 1|4 2|4 4|2 4|3 1|1 7|4 3|3 3|fitness = 20.31349935002169|time = 158.7420403434216|true
11 solution:
3 1|4 1|3 2|5 5|2 5|4 4|6 7|6 3|6 4|4 7|5 4|1 5|4 1|4 2|4 2|1 8|6 3|4 5|6 2|2 3|5 4|1 1|5 3|4 3|2 4|3 3|2 7|4 4|4 3|1 4|1 3|2 3|6 4|3 5|1 3|4 4|4 4|2 4|4 8|1 3|4 5|2 3|4 7|4 4|4 5|3 3|5 2|5 2|4 1|5 3|fitness = 20.456916883708317|time = 144.7640102065086|true
12 solution:
2 1|1 1|6 4|3 3|4 4|2 1|4 7|1 8|6 1|4 4|1 1|6 7|4 3|3 5|3 1|2 3|6 1|1 3|1 4|4 3|4 4|2 3|4 1|2 3|4 5|2 7|6 3|4 4|2 5|5 6|6 8|3 3|2 4|5 5|1 3|3 4|1 3|6 7|5 3|1 3|4 2|2 2|3 2|2 2|5 1|2 3|1 8|3 7|2 7|4 4|fitness = 20.17647661461558|time = 158.73148486280945|true
13 solution:
4 4|5 5|6 4|4 3|4 1|3 3|4 3|4 5|5 1|4 1|5 4|6 7|6 3|4 6|6 6|4 3|4 7|2 3|4 7|5 2|1 1|4 1|4 3|6 4|5 1|4 7|4 3|5 5|6 3|6 4|6 7|6 5|4 4|2 3|4 7|4 4|6 4|5 3|2 4|2 6|1 3|4 4|2 2|4 3|5 4|5 8|3 5|1 7|4 3|2 4|fitness = 20.448565190391914|time = 159.97016755999036|true
14 solution:
5 7|5 3|1 8|4 1|2 4|4 3|4 3|4 3|3 4|1 3|3 4|5 1|6 2|3 2|2 4|2 2|4 3|1 0|4 3|6 4|3 2|5 4|5 4|6 4|6 3|3 8|4 4|5 1|5 5|2 7|4 5|4 5|5 5|5 3|3 4|5 1|3 1|6 4|1 1|1 5|4 5|1 8|4 6|4 3|3 3|2 3|4 6|6 4|2 1|5 6|fitness = 19.904985728319602|time = 156.39440965722696|true
15 solution:
1 1|4 4|5 6|2 4|1 5|2 3|5 5|3 1|4 7|6 3|5 1|2 7|4 7|3 2|1 4|5 7|3 5|1 5|1 3|3 3|5 3|3 4|6 4|2 3|5 1|2 3|2 1|5 5|3 3|4 4|2 1|1 5|5 3|4 1|5 3|4 1|1 8|1 4|4 5|5 3|2 7|5 2|4 6|4 4|4 1|2 3|1 1|1 3|2 3|4 2|fitness = 20.479216833363605|time = 158.1051569207457|true
16 solution:
5 1|5 3|4 2|3 8|1 4|3 3|4 7|5 1|4 3|5 5|3 5|4 1|2 4|1 3|2 7|4 3|4 4|4 6|1 4|2 3|3 3|2 5|6 3|5 5|2 1|2 3|4 4|6 4|4 5|3 4|3 3|4 1|4 7|6 1|3 7|1 4|4 7|1 4|4 3|4 4|4 1|2 4|6 3|4 4|4 7|2 6|3 5|3 3|2 3|6 1|fitness = 20.531122711602|time = 150.7439278836712|true
17 solution:
1 3|5 1|4 4|5 3|4 3|4 3|1 3|3 5|5 5|6 3|1 3|5 3|4 1|4 7|3 1|5 4|5 6|5 5|4 1|2 3|4 5|4 3|4 4|3 3|5 7|1 3|5 5|5 3|5 7|3 4|5 4|2 3|5 6|6 8|3 4|4 1|5 2|2 8|5 8|4 4|5 8|1 4|2 4|6 5|2 4|1 2|4 4|1 1|1 4|3 3|fitness = 20.394727362886314|time = 154.8810439447036|true
18 solution:
6 4|2 5|1 1|2 1|4 3|5 3|6 3|5 3|4 3|6 7|6 4|4 3|1 5|6 8|2 7|2 4|2 4|5 5|5 7|6 3|4 1|5 1|1 3|1 3|4 8|5 3|5 7|6 4|5 6|6 3|1 8|2 3|4 5|1 1|5 5|5 7|5 8|2 5|4 3|2 3|4 1|6 3|6 5|5 3|2 4|2 1|4 1|5 5|4 4|1 4|fitness = 20.921660807236343|time = 155.44558933316634|true
19 solution:
5 3|5 5|2 1|6 1|1 5|1 7|5 5|3 3|4 3|4 8|4 7|4 3|1 5|5 8|1 1|3 4|4 1|4 8|6 2|4 4|1 3|4 7|2 3|6 3|1 1|1 3|5 4|4 1|3 4|3 3|4 4|4 3|4 7|3 5|5 3|1 4|6 4|5 3|6 3|5 1|4 1|3 4|5 6|6 4|4 3|3 7|4 8|6 6|6 1|4 3|fitness = 20.51653092685787|time = 130.33219752071307|true
20 solution:
1 1|4 3|4 6|3 4|6 4|4 8|3 3|1 1|2 3|4 5|5 8|4 3|4 2|3 2|1 6|1 4|1 7|4 6|3 3|4 3|5 1|2 1|1 3|1 3|2 5|2 7|4 4|1 4|4 3|5 3|4 3|4 1|4 4|5 5|5 3|5 2|6 4|1 4|1 3|4 1|1 8|5 1|4 3|3 4|4 4|1 5|5 3|4 1|4 7|6 7|fitness = 20.7095383083815|time = 159.91117452877282|true
21 solution:
6 4|3 3|6 8|2 3|4 4|5 3|3 4|4 1|6 3|2 5|5 5|1 4|5 4|2 2|2 8|2 8|5 1|1 5|1 4|1 4|1 4|3 4|4 3|1 3|4 1|2 7|4 4|4 4|4 1|5 5|4 7|2 6|1 8|2 8|3 2|2 4|5 5|6 1|3 3|3 7|3 1|5 3|5 3|5 4|3 3|2 6|3 2|6 5|5 3|4 7|fitness = 20.05727928026448|time = 152.36093070535995|true
22 solution:
5 3|4 3|6 2|3 1|3 3|2 4|5 1|4 1|4 4|3 1|2 8|4 4|4 2|6 4|5 6|2 4|5 3|4 3|2 3|5 3|4 4|2 8|4 2|2 4|4 3|4 3|4 4|5 4|2 1|3 3|4 7|4 4|3 3|4 5|4 6|2 4|5 6|5 3|6 4|5 7|6 5|1 1|5 3|3 7|5 1|1 4|4 4|2 5|5 3|5 5|fitness = 20.409784345657254|time = 157.88830391015614|true
23 solution:
6 1|1 3|2 1|2 8|3 3|5 3|6 3|6 4|2 3|6 1|2 7|3 4|5 7|5 7|2 7|6 1|1 4|4 7|5 1|4 4|6 3|1 1|6 3|6 7|1 7|1 3|5 5|5 8|3 3|3 3|5 5|4 3|4 7|4 2|5 6|3 4|4 7|1 5|4 4|5 3|5 3|5 5|1 5|2 3|4 3|1 5|4 8|6 3|2 7|5 8|fitness = 20.643290691928986|time = 158.16525165171558|true
24 solution:
5 1|6 3|4 4|6 5|4 4|5 3|2 4|2 4|3 3|3 7|1 1|1 1|4 5|4 7|4 5|3 5|4 3|1 0|4 3|5 8|1 5|5 8|4 1|4 3|1 5|1 7|2 4|4 3|6 4|4 1|4 3|5 3|6 7|4 1|5 3|2 8|2 5|3 4|3 3|2 8|2 1|2 8|4 1|5 4|2 3|1 1|4 1|6 2|4 3|6 7|fitness = 20.337843618553766|time = 141.39978566736642|true
25 solution:
6 4|2 4|2 2|5 1|5 6|6 4|5 6|4 0|4 3|5 3|4 7|3 3|4 3|5 4|4 7|4 5|6 1|4 4|5 7|2 7|4 1|2 1|4 3|3 8|5 3|4 7|2 3|1 8|6 6|5 8|5 3|5 2|6 3|3 1|3 6|4 4|4 4|2 1|2 3|2 3|4 4|5 4|3 3|4 3|2 8|4 4|1 2|3 3|5 4|2 6|fitness = 19.94811756398982|time = 157.54335618826204|true
26 solution:
5 6|5 4|1 1|4 4|5 4|5 5|6 1|6 7|3 3|4 3|1 5|2 4|1 8|4 5|5 6|1 4|4 1|3 3|2 7|3 3|1 3|4 7|5 3|3 3|1 7|1 5|4 5|5 3|4 1|5 3|4 3|4 8|4 1|5 1|4 6|5 1|5 5|3 1|4 3|3 4|3 5|4 1|3 5|1 5|3 3|6 4|5 4|4 3|4 3|2 3|fitness = 20.399058561000892|time = 155.30446412796715|true
27 solution:
1 8|4 4|5 3|1 1|2 3|1 3|4 7|3 3|4 3|1 4|1 5|4 3|4 2|3 2|4 1|1 4|5 7|4 4|5 2|4 7|3 4|2 3|5 1|5 3|5 5|1 7|2 3|5 3|1 4|1 7|5 7|2 7|4 7|5 5|3 3|4 4|4 3|4 3|4 7|1 7|5 8|6 5|4 4|6 5|5 1|1 1|5 3|2 8|2 1|2 3|fitness = 20.402247373582853|time = 158.21326118526693|true
28 solution:
2 3|6 4|4 4|5 1|2 1|6 3|6 4|4 5|2 8|6 1|4 3|3 8|1 5|1 2|2 5|5 2|4 5|5 3|1 7|1 3|6 4|2 7|1 8|2 3|2 5|3 4|3 4|5 3|5 4|5 5|2 3|4 7|1 7|4 4|5 6|1 3|5 1|4 3|5 3|5 3|4 6|4 7|3 3|5 7|5 5|6 7|5 5|4 1|5 5|5 3|fitness = 20.37804478143831|time = 158.86070439924595|true
29 solution:
1 7|4 4|4 1|2 1|1 3|5 3|4 5|4 5|5 3|5 4|4 1|3 3|1 2|1 2|4 2|6 5|4 3|3 3|5 1|5 3|5 1|6 1|4 5|3 4|4 7|4 7|2 3|2 1|6 1|4 3|4 4|2 4|2 5|5 2|4 4|5 3|5 6|2 3|2 3|3 3|5 2|4 1|1 1|1 3|2 6|1 4|6 1|2 4|2 3|2 4|fitness = 20.719169016392044|time = 156.54261149178114|true
30 solution:
3 3|5 3|5 1|2 4|6 4|5 5|5 5|2 1|5 3|2 4|1 5|3 3|4 1|3 2|6 6|1 1|2 3|2 4|5 3|6 3|5 4|6 1|4 5|4 3|5 1|5 3|1 1|2 3|2 1|4 5|5 3|6 3|2 5|4 6|5 3|5 1|4 7|2 3|6 7|1 5|4 6|1 8|3 0|4 5|4 3|6 5|3 1|3 7|4 4|6 4|fitness = 20.28596518796441|time = 151.26310944891867|true
The final result:
fmax = 20.921660807236343
fmin = 19.904985728319602
fmean = 20.419228221877255
standard std = 0.2288345057358907
runtime = 0–° ±,1∑÷,7√Î,811∫¡√Î
-1 solution:
6 4|2 5|1 1|2 1|4 3|5 3|6 3|5 3|4 3|6 7|6 4|4 3|1 5|6 8|2 7|2 4|2 4|5 5|5 7|6 3|4 1|5 1|1 3|1 3|4 8|5 3|5 7|6 4|5 6|6 3|1 8|2 3|4 5|1 1|5 5|5 7|5 8|2 5|4 3|2 3|4 1|6 3|6 5|5 3|2 4|2 1|4 1|5 5|4 4|1 4|fitness = 20.921660807236343|time = 155.44558933316634|true
