1 solution:
5 2|2 3|4 5|4 3|2 3|4 4|4 1|4 7|5 3|5 7|1 7|1 5|1 4|5 8|6 1|4 1|1 8|1 1|6 3|1 4|1 1|5 7|6 3|5 3|4 1|2 7|1 3|5 3|4 3|2 3|4 8|2 2|1 5|4 4|6 3|5 1|5 8|4 1|4 3|4 1|4 5|4 4|4 6|4 1|4 3|4 7|4 5|5 5|5 1|2 3|fitness = 21.162244127658926|time = 149.66851707299747|true
2 solution:
6 3|4 1|3 5|5 2|1 7|4 3|6 4|1 4|1 1|5 1|1 3|4 7|6 3|1 4|4 4|2 4|4 1|1 5|5 3|1 1|1 1|5 2|4 4|5 1|2 3|1 1|4 3|6 3|5 3|2 4|1 5|4 6|4 1|4 8|1 2|1 1|4 8|4 1|4 3|5 3|6 5|4 7|4 7|1 2|1 4|1 1|4 7|6 3|6 1|6 3|fitness = 21.246131730765672|time = 145.86351236750934|true
3 solution:
4 3|4 3|4 6|2 7|6 3|4 1|4 3|4 7|2 3|4 3|6 4|6 5|4 4|4 2|6 7|1 7|4 7|3 3|4 5|4 4|4 1|5 3|4 3|1 1|6 4|4 3|6 2|2 1|1 1|5 1|4 4|2 3|4 1|4 4|4 3|4 1|4 4|4 4|1 3|1 1|4 7|4 8|1 8|1 1|3 3|1 7|4 4|6 3|4 1|4 3|fitness = 21.34415819276802|time = 148.57735891006766|true
4 solution:
1 7|4 7|5 1|4 4|4 7|5 8|2 3|4 2|1 7|5 1|3 4|2 7|6 3|6 4|1 5|4 1|6 7|1 4|6 4|2 3|2 3|4 4|6 3|1 4|4 1|6 3|4 4|1 2|2 2|5 4|2 3|1 2|4 1|6 1|1 7|5 4|1 1|4 3|5 3|1 1|1 5|1 4|6 3|4 4|2 3|4 1|4 1|5 3|6 3|1 1|fitness = 20.875803408258975|time = 148.3820925015187|true
5 solution:
4 1|1 3|1 5|6 1|4 1|6 3|1 3|6 5|4 1|5 5|1 1|6 4|4 6|4 2|4 2|4 4|4 7|1 5|4 4|6 3|4 7|5 1|6 3|6 4|4 7|1 3|2 3|4 3|2 8|6 4|2 3|4 5|2 5|4 4|1 1|4 7|4 4|2 7|2 3|4 3|6 4|1 1|4 7|4 3|5 3|4 7|6 4|6 1|6 4|6 3|fitness = 21.304616658161336|time = 143.06764713630764|true
6 solution:
5 3|6 3|1 4|5 8|1 1|4 4|2 3|6 2|1 1|6 7|5 1|2 3|1 4|1 5|6 4|6 5|1 5|1 7|1 3|6 4|4 1|1 3|1 7|1 1|2 5|4 3|5 1|2 3|6 3|1 4|1 8|4 3|1 1|2 3|4 3|5 7|1 3|2 7|4 4|4 1|4 4|4 1|1 2|4 4|4 1|4 1|2 8|2 3|6 1|1 1|fitness = 21.205997421117868|time = 147.3609535666357|true
7 solution:
5 8|4 1|4 8|2 1|6 7|4 3|6 1|1 0|4 3|1 1|5 3|6 7|4 3|6 4|4 6|5 7|5 5|4 4|1 1|6 3|1 1|5 8|6 3|6 3|4 3|6 1|6 5|5 5|4 1|3 4|4 1|5 2|6 3|6 4|1 1|5 4|6 3|2 4|4 1|1 1|4 6|4 5|1 6|5 4|2 3|3 4|6 6|1 1|5 3|6 1|fitness = 20.96357650653249|time = 147.41145423757243|true
8 solution:
4 3|3 3|2 2|4 4|6 4|6 3|2 3|6 2|6 3|4 1|5 5|1 3|1 4|4 8|6 4|4 1|4 3|4 5|4 4|5 3|1 1|4 4|6 3|1 1|4 1|1 5|6 3|6 4|4 1|6 3|1 1|1 1|1 1|5 5|1 1|4 3|5 5|6 4|4 4|1 1|6 4|4 7|1 8|4 4|5 3|4 1|2 5|2 3|3 7|2 3|fitness = 21.37332147852331|time = 149.88407596351985|true
9 solution:
1 4|6 4|2 1|5 8|1 1|2 3|1 3|1 5|5 3|4 1|1 4|1 1|1 3|1 1|4 7|6 1|1 5|5 6|6 7|1 1|5 4|4 3|6 4|1 4|4 1|1 5|6 5|4 4|2 4|1 3|6 3|4 1|6 5|6 4|4 1|1 1|4 7|2 3|1 4|5 3|4 4|1 5|4 3|2 3|2 4|6 3|4 5|2 7|2 4|5 1|fitness = 21.194408581103936|time = 146.9126029357142|true
10 solution:
6 4|5 5|6 6|5 8|5 5|4 1|4 3|1 2|4 3|4 3|5 5|2 3|4 3|3 2|6 4|6 3|6 7|4 4|4 7|4 4|5 7|4 1|4 3|5 3|4 4|1 3|5 5|4 1|1 5|6 1|6 7|4 7|2 1|5 4|3 1|5 3|4 4|6 3|4 7|4 3|4 1|6 8|6 3|6 7|5 5|1 1|4 1|4 1|5 1|2 7|fitness = 21.107212771417313|time = 148.84990320775321|true
11 solution:
4 1|6 4|6 5|2 7|6 3|2 3|6 5|6 6|4 3|2 4|4 4|1 3|6 7|1 2|4 1|5 3|6 5|4 1|5 6|6 3|5 3|1 5|4 7|5 1|3 1|1 1|5 3|2 1|4 3|3 3|5 7|5 8|3 5|4 7|1 2|2 1|5 5|2 1|5 1|6 3|2 5|6 2|2 3|2 3|1 1|4 7|4 5|6 3|6 1|2 1|fitness = 20.701006125080017|time = 149.1131249848012|true
12 solution:
5 1|5 3|4 5|6 4|1 4|2 3|4 1|1 5|5 3|2 1|4 1|4 1|4 1|2 4|5 8|4 7|4 7|1 6|5 3|6 3|2 4|5 5|1 4|4 3|4 1|1 1|4 1|4 4|4 1|1 3|4 7|4 5|3 3|4 4|4 8|5 3|5 4|4 3|1 1|6 3|4 3|5 3|4 8|6 4|5 8|4 1|5 5|6 1|1 1|2 4|fitness = 21.325076554504292|time = 149.15514424942106|true
13 solution:
1 1|2 4|5 3|6 3|5 2|1 1|2 3|1 8|1 1|5 1|6 4|1 8|6 4|1 4|2 2|4 1|2 6|1 1|5 5|1 4|1 4|1 1|6 3|1 4|4 4|1 7|4 1|4 3|5 1|4 1|4 4|4 1|6 3|5 1|5 3|4 4|1 7|1 3|5 6|4 3|6 7|5 6|4 3|6 3|1 4|1 1|4 8|6 1|6 3|6 3|fitness = 21.046350182886883|time = 149.74390902557383|true
14 solution:
1 4|4 3|2 4|4 1|5 2|4 1|3 4|4 6|1 1|1 1|5 1|1 7|4 1|6 5|4 1|6 1|5 5|3 3|5 5|6 5|4 3|4 4|4 3|4 3|1 3|6 3|5 4|5 3|6 4|1 1|4 1|5 3|5 5|2 5|4 3|1 1|4 4|1 7|6 7|4 3|2 3|2 7|1 5|4 4|4 4|5 6|1 2|4 4|2 3|5 8|fitness = 20.914229592788594|time = 140.168525748487|true
15 solution:
2 1|4 7|1 1|6 4|6 3|6 1|2 5|6 7|1 4|2 3|1 4|1 5|1 7|4 7|4 5|4 7|5 1|4 5|1 7|6 3|5 7|5 3|4 3|2 3|4 2|2 3|5 3|4 3|4 3|1 3|6 1|2 3|4 3|4 1|3 5|5 1|4 1|1 8|6 4|4 1|4 1|4 5|5 5|4 1|5 1|1 7|4 8|2 3|5 2|2 1|fitness = 20.94605447914053|time = 149.8088491950033|true
16 solution:
1 1|2 4|6 5|6 8|4 1|5 3|6 3|4 7|6 3|5 8|5 4|4 4|4 4|4 4|4 1|1 3|1 4|4 5|3 3|2 4|4 1|4 3|2 3|5 5|6 5|1 1|3 3|5 5|1 7|6 3|1 1|4 3|4 4|1 5|6 4|5 7|6 5|4 1|1 3|4 5|4 4|1 1|4 3|4 4|5 3|4 1|4 2|4 4|5 3|6 4|fitness = 21.126721136039443|time = 148.99330722701646|true
17 solution:
4 3|1 1|4 5|2 4|1 3|5 5|4 1|5 3|1 1|4 4|1 4|4 7|4 5|1 7|6 5|5 5|4 7|4 3|1 1|2 4|5 5|5 3|2 3|4 3|4 1|1 4|4 1|3 3|5 1|5 1|6 4|2 3|6 5|1 3|4 1|2 4|1 1|4 1|1 1|3 3|4 3|4 4|6 4|6 3|1 4|6 4|1 5|4 1|3 1|6 1|fitness = 21.329307468484405|time = 149.10371191382941|true
18 solution:
1 1|1 1|1 5|2 4|6 4|1 1|6 3|1 5|6 3|5 3|5 7|4 8|1 2|5 2|6 5|4 1|4 1|6 4|1 7|2 3|6 4|4 7|5 6|1 3|1 1|6 3|2 1|5 5|4 1|1 1|4 3|4 1|4 5|6 3|1 4|6 3|2 3|2 4|4 7|6 4|4 1|1 4|4 8|6 3|2 3|1 1|4 1|1 4|4 3|1 7|fitness = 21.172672996237804|time = 148.12753436789228|true
19 solution:
2 4|5 3|4 0|6 3|5 3|6 3|1 1|4 6|4 4|5 1|1 7|1 2|6 1|6 3|4 6|1 6|1 7|4 3|4 3|6 4|1 1|4 4|4 1|2 4|4 6|1 7|2 5|4 4|1 3|1 8|4 1|4 5|4 7|4 4|5 3|5 4|6 8|1 8|6 3|5 5|6 8|6 3|1 5|6 4|5 8|2 3|4 6|6 4|6 3|5 3|fitness = 20.64116815915337|time = 149.8684519903592|true
20 solution:
1 1|4 1|4 2|2 8|4 4|4 3|4 8|4 6|3 3|4 1|6 1|1 2|6 3|4 5|6 1|5 3|4 1|4 5|1 4|5 5|5 5|4 1|4 3|5 1|4 5|4 3|5 3|4 4|4 1|5 3|4 4|4 6|4 3|5 2|4 3|6 1|5 5|4 3|4 3|4 8|2 2|5 3|4 4|4 3|2 1|4 5|5 6|2 3|6 4|5 7|fitness = 21.08322959604021|time = 149.50354338394422|true
21 solution:
6 5|4 3|1 8|2 1|1 4|6 4|6 3|1 8|1 7|4 2|1 4|5 5|4 8|1 2|4 7|5 7|1 1|1 4|6 3|6 4|4 4|6 5|5 3|5 3|4 4|4 3|6 4|4 1|3 7|6 3|1 3|4 8|4 4|5 0|1 6|5 3|3 3|4 3|6 4|1 8|1 3|6 3|1 2|1 4|6 7|1 4|1 5|4 4|6 7|5 5|fitness = 20.67929764555666|time = 146.74534061150072|true
22 solution:
6 4|5 3|6 5|2 3|1 3|4 4|6 1|4 6|4 3|4 1|5 6|1 4|1 5|1 0|4 5|4 3|4 6|5 5|1 7|2 5|5 7|6 3|4 3|1 4|4 4|6 3|4 1|5 7|1 3|4 4|4 4|6 3|5 3|5 5|1 1|5 5|5 1|1 4|5 5|4 3|4 1|5 1|4 1|1 4|2 4|4 4|4 1|5 3|2 3|6 4|fitness = 21.281667821673818|time = 147.43844858983206|true
23 solution:
6 4|4 3|1 2|6 1|1 7|4 3|4 1|4 6|6 3|4 1|2 4|2 3|4 3|1 2|3 6|2 5|4 8|1 4|1 4|6 3|5 2|4 3|2 3|5 3|6 4|6 3|4 1|4 4|4 3|4 1|5 1|1 1|2 1|2 1|4 7|6 4|6 1|2 4|4 4|1 4|4 1|1 7|1 4|3 3|4 1|5 3|2 8|4 4|2 3|2 1|fitness = 21.334326347495463|time = 146.43609332779906|true
24 solution:
1 4|5 5|2 4|1 3|1 1|6 3|6 1|6 5|6 3|6 1|5 5|4 4|1 4|4 8|6 2|6 3|4 1|4 5|5 1|1 7|5 3|5 0|1 7|4 3|4 4|1 3|1 3|4 3|5 7|2 4|2 3|6 3|3 1|4 5|5 1|5 1|1 1|6 4|1 7|1 7|4 4|4 1|1 5|4 1|2 3|5 7|6 6|4 3|6 3|4 1|fitness = 20.986895757469025|time = 147.93184351833955|true
25 solution:
6 1|5 7|4 4|2 4|4 4|4 3|4 1|4 1|1 1|4 3|3 3|1 7|5 3|5 8|4 7|4 4|1 1|4 6|1 7|1 1|4 1|2 4|2 3|4 3|1 1|6 3|1 7|6 7|5 3|5 8|4 3|4 4|6 3|5 4|3 4|5 4|1 3|6 3|6 5|4 7|4 3|4 4|1 5|1 8|1 1|4 7|4 2|2 4|6 7|5 5|fitness = 21.016582892031682|time = 144.35188983023073|true
26 solution:
5 5|1 1|6 4|2 1|1 3|2 3|6 3|1 2|2 3|4 4|5 4|1 5|2 3|1 8|4 0|5 3|4 1|1 1|4 5|5 2|4 4|6 1|5 5|1 1|4 7|1 5|1 3|1 1|5 3|5 1|1 3|1 7|4 1|4 4|1 3|5 3|1 1|1 1|4 7|1 4|1 4|6 3|1 4|4 3|2 4|5 7|4 2|5 1|2 7|6 7|fitness = 21.15300936525923|time = 149.8990158889166|true
27 solution:
5 3|5 3|4 4|5 5|1 7|4 1|2 3|6 4|5 3|5 1|4 7|1 1|1 5|1 2|4 1|4 4|4 1|4 6|6 3|4 4|5 3|4 3|4 4|2 3|4 4|4 4|4 4|1 5|2 5|4 1|6 4|1 3|4 4|5 5|1 1|5 7|4 1|6 1|2 3|6 4|6 4|6 5|1 1|4 3|4 3|4 4|2 1|4 3|6 3|5 3|fitness = 21.41775154819407|time = 149.87362554625622|true
28 solution:
4 3|4 3|4 3|2 3|2 7|4 3|5 0|4 6|5 1|5 1|6 3|5 6|4 1|1 2|4 0|5 5|2 1|5 5|4 1|5 6|5 4|4 4|1 1|4 3|2 1|2 3|6 4|4 4|6 4|4 1|1 4|4 5|5 1|4 1|4 7|6 4|5 3|1 7|4 3|4 3|5 3|3 7|1 5|4 1|5 3|5 7|6 8|4 1|6 3|6 1|fitness = 20.957224010273162|time = 149.13846447376818|true
29 solution:
1 1|1 1|1 8|2 1|1 3|1 4|6 1|6 5|1 1|5 5|3 3|1 1|1 1|5 6|4 8|1 4|4 4|1 3|1 4|5 3|5 3|5 1|4 1|5 3|1 3|5 3|4 4|5 4|6 3|2 3|4 4|6 3|6 5|6 5|3 8|5 5|1 4|1 4|4 3|6 3|4 4|1 1|1 6|1 1|4 1|5 3|2 2|6 4|5 1|5 5|fitness = 21.431517662973665|time = 147.85021251412365|true
30 solution:
4 3|4 1|1 4|6 7|4 4|4 1|2 7|1 3|2 3|5 4|1 1|4 5|4 1|1 4|4 8|4 4|4 1|4 7|3 3|4 7|5 3|2 3|4 1|4 4|6 2|1 3|5 1|1 1|6 3|1 4|2 3|4 7|4 4|4 5|3 1|6 4|6 4|6 3|1 4|6 3|2 2|6 5|4 3|4 1|6 3|1 1|4 7|1 1|5 1|4 4|fitness = 21.285332233366567|time = 149.36366621798163|true
The final result:
fmax = 21.431517662973665
fmin = 20.64116815915337
fmean = 21.120229748365222
standard std = 0.21747839785384368
-1 solution:
1 1|1 1|1 8|2 1|1 3|1 4|6 1|6 5|1 1|5 5|3 3|1 1|1 1|5 6|4 8|1 4|4 4|1 3|1 4|5 3|5 3|5 1|4 1|5 3|1 3|5 3|4 4|5 4|6 3|2 3|4 4|6 3|6 5|6 5|3 8|5 5|1 4|1 4|4 3|6 3|4 4|1 1|1 6|1 1|4 1|5 3|2 2|6 4|5 1|5 5|fitness = 21.431517662973665|time = 147.85021251412365|true
