1 solution:
1 2|2 4|2 3|1 2|3 2|2 3|2 3|2 1|2 3|2 2|1 2|2 3|2 3|3 2|1 2|2 2|1 3|1 2|2 2|2 1|1 3|1 3|1 3|1 1|fitness = 10.404119869011549|time = 118.52693008930201|true
2 solution:
1 2|1 2|1 2|2 3|3 3|2 3|2 2|2 1|2 3|2 3|1 3|2 2|2 3|2 1|1 2|2 4|3 3|1 1|1 2|3 2|3 2|1 1|1 3|2 1|fitness = 10.413134547410376|time = 97.13101339482188|true
3 solution:
2 3|2 3|1 2|1 2|3 3|2 3|2 4|2 1|2 3|2 2|1 2|2 2|2 2|3 2|2 3|2 3|3 3|3 2|2 2|2 3|2 3|2 4|2 2|1 2|fitness = 10.307074132681745|time = 115.31807501500731|true
4 solution:
1 2|2 3|1 4|1 2|3 2|1 3|2 4|2 3|1 2|2 3|1 3|1 2|1 3|1 2|1 1|2 3|1 1|1 3|1 2|2 4|1 2|1 3|1 2|1 1|fitness = 10.373684024216539|time = 98.76484926307465|true
5 solution:
2 3|2 4|1 2|2 4|3 3|2 4|1 2|2 2|2 3|3 2|1 2|2 3|2 3|3 2|1 3|2 3|1 2|3 2|2 3|3 2|2 4|1 2|2 3|2 3|fitness = 10.239492671751133|time = 107.79743854220018|true
6 solution:
2 3|1 2|1 4|2 3|3 2|2 4|1 2|2 3|1 2|1 2|2 3|1 2|2 3|3 2|1 4|3 2|1 3|1 3|1 3|2 3|1 2|1 3|2 2|1 2|fitness = 10.380265804665534|time = 116.65647710082855|true
7 solution:
1 2|2 3|2 3|2 3|3 2|2 1|2 3|2 2|2 2|2 3|1 2|2 3|2 2|2 2|1 1|2 3|1 1|3 2|1 3|3 2|2 3|2 3|1 2|2 3|fitness = 10.344268598007382|time = 117.84888594860229|true
8 solution:
1 3|2 3|2 2|2 3|3 2|2 2|1 2|2 3|2 3|2 1|1 2|1 2|2 3|3 2|3 2|2 3|2 3|1 2|1 4|2 1|3 3|2 4|1 1|2 3|fitness = 10.327347841718094|time = 107.61807199637491|true
9 solution:
1 2|2 4|2 3|2 3|2 1|2 3|2 3|2 1|2 2|3 2|2 3|1 2|2 3|2 1|2 3|1 1|1 3|1 3|1 2|2 1|1 2|2 3|1 3|1 4|fitness = 10.333106113692958|time = 119.55752053775073|true
10 solution:
1 2|1 2|1 2|2 3|3 2|2 3|2 3|3 2|1 1|2 3|2 3|2 3|2 3|3 2|1 1|2 3|1 1|3 3|1 3|2 1|1 1|1 2|1 1|1 1|fitness = 10.447252294434474|time = 95.40858288937591|true
11 solution:
2 3|1 3|2 3|2 4|3 3|2 3|1 2|2 1|2 3|2 2|1 2|2 3|2 2|3 2|2 1|1 2|3 3|1 3|2 3|2 1|3 2|1 2|1 1|2 4|fitness = 10.38231216010516|time = 111.0421432955552|true
12 solution:
2 1|1 2|2 3|2 3|2 1|1 2|2 3|2 1|1 2|2 3|1 2|1 2|1 2|2 1|2 3|1 2|1 3|1 2|1 4|3 2|2 3|1 2|1 2|2 3|fitness = 10.406397228049096|time = 118.33597159646428|true
13 solution:
1 3|1 2|2 2|1 4|2 1|2 3|1 2|2 1|2 3|2 1|1 2|1 3|2 3|3 2|1 2|2 3|1 3|1 3|1 3|2 1|2 3|1 2|1 1|2 2|fitness = 10.40268637564444|time = 116.89903843526879|true
14 solution:
1 3|1 2|2 3|2 1|3 3|1 2|1 4|2 1|1 3|2 1|1 2|2 3|1 2|2 3|1 1|1 4|3 3|3 2|1 3|2 3|2 3|1 4|1 2|2 4|fitness = 10.353351350030186|time = 109.99534881904279|true
15 solution:
1 3|2 4|2 4|1 1|3 3|2 3|1 4|3 2|1 2|2 3|2 3|2 3|2 2|3 2|2 3|3 2|1 1|3 2|1 2|2 1|3 3|3 3|1 2|2 3|fitness = 10.305834149624749|time = 106.04117926379503|true
16 solution:
1 2|2 2|2 3|2 3|3 2|2 3|2 2|2 1|1 2|2 3|1 3|2 3|2 2|2 3|2 3|3 2|1 1|1 1|2 1|2 2|1 1|1 3|2 3|1 2|fitness = 10.362059049631425|time = 104.77650123335061|true
17 solution:
3 2|1 2|2 3|3 2|3 3|2 2|1 2|2 4|1 3|3 2|2 3|2 3|2 3|3 2|1 2|1 4|1 2|1 3|1 3|3 2|3 3|2 2|1 4|1 1|fitness = 10.317145636378978|time = 110.94831843432868|true
18 solution:
1 2|1 3|1 3|2 3|3 2|2 3|2 3|2 1|1 2|2 1|2 3|2 3|1 2|3 2|2 3|1 2|3 2|3 4|2 2|3 4|1 3|2 3|1 1|2 4|fitness = 10.339237424037414|time = 114.9494429565595|true
19 solution:
2 3|1 2|2 3|1 2|3 2|1 2|2 3|2 4|1 3|2 1|1 2|2 3|2 3|3 2|1 2|3 2|1 1|3 2|1 3|3 2|1 1|2 3|1 1|2 3|fitness = 10.43128576352121|time = 107.48545059216288|true
20 solution:
1 2|2 3|2 2|2 3|3 3|2 3|2 2|2 3|1 2|2 3|2 3|1 2|2 3|3 2|1 1|2 3|2 2|1 1|1 3|3 2|3 2|2 4|2 3|2 1|fitness = 10.380895663266818|time = 114.99357895908308|true
21 solution:
1 2|2 3|2 3|2 4|3 3|2 2|2 2|2 1|1 2|3 3|1 2|1 2|1 3|3 3|2 2|2 4|1 3|1 2|1 3|2 2|1 1|1 3|1 1|2 3|fitness = 10.354758804839712|time = 119.17406226921183|true
22 solution:
2 3|1 4|2 2|2 3|3 2|2 3|2 3|2 1|2 3|2 1|1 2|2 1|1 2|2 1|1 2|2 3|3 3|1 4|2 3|2 3|2 3|1 2|2 2|1 2|fitness = 10.29108039519464|time = 102.29623465419837|true
23 solution:
1 2|1 2|1 2|2 2|2 1|1 3|1 2|3 2|1 3|3 2|1 3|3 2|2 3|3 2|2 1|3 2|3 3|1 1|1 4|3 4|1 3|2 4|1 2|2 4|fitness = 10.292384119375185|time = 99.90098329826331|true
24 solution:
1 2|1 3|1 2|2 4|1 2|2 2|1 1|3 2|2 3|1 2|1 3|1 3|1 2|3 3|2 3|2 1|3 2|1 2|1 3|1 2|1 1|1 3|1 1|2 4|fitness = 10.268855784823264|time = 101.3110931203042|true
25 solution:
1 2|1 2|2 4|1 2|3 2|1 2|1 2|3 2|1 3|2 3|2 3|2 3|2 3|2 1|1 1|2 3|1 2|1 1|1 3|2 1|1 2|2 3|2 3|2 3|fitness = 10.465863987762656|time = 106.84148546433288|true
26 solution:
2 3|2 2|2 3|1 2|3 3|2 4|2 3|2 2|1 2|1 2|2 3|2 3|1 3|3 2|2 1|1 2|1 3|2 1|2 3|3 4|1 2|1 2|2 3|2 3|fitness = 10.324288940241898|time = 114.70329748633256|true
27 solution:
1 2|1 2|2 3|2 2|3 2|2 3|2 4|3 2|1 2|2 3|1 3|2 3|2 4|3 3|1 2|2 4|1 3|2 3|2 1|2 1|2 3|1 2|2 4|1 3|fitness = 10.260943709231016|time = 110.04809401115307|true
28 solution:
1 3|2 1|2 3|1 2|3 3|2 1|1 2|2 1|2 3|1 2|2 3|2 1|2 3|2 1|3 2|3 2|1 3|3 2|1 3|3 2|3 2|1 3|3 2|1 2|fitness = 10.272255630998249|time = 103.58281699606101|true
29 solution:
2 4|2 3|1 2|2 3|3 3|1 2|1 4|2 1|1 2|2 1|2 3|1 3|2 3|3 2|1 1|2 4|1 3|1 1|3 2|2 1|3 2|2 3|1 3|1 2|fitness = 10.353051981686974|time = 101.53230821477237|true
30 solution:
3 2|2 2|1 2|2 3|3 3|2 3|2 3|3 2|1 3|2 1|2 3|2 3|2 2|2 1|2 3|2 4|2 3|1 1|1 2|2 1|1 2|2 4|1 2|1 2|fitness = 10.352365339577048|time = 108.86768340755013|true
The final result:
fmax = 10.465863987762656
fmin = 10.239492671751133
fmean = 10.34955997972033
standard std = 0.05634522532531543
-1 solution:
1 2|1 2|2 4|1 2|3 2|1 2|1 2|3 2|1 3|2 3|2 3|2 3|2 3|2 1|1 1|2 3|1 2|1 1|1 3|2 1|1 2|2 3|2 3|2 3|fitness = 10.465863987762656|time = 106.84148546433288|true
