1 solution:
2 2|2 3|1 1|1 2|2 2|1 2|2 3|1 2|2 3|2 2|1 3|1 2|1 2|2 1|1 1|2 3|1 2|2 1|1 3|2 1|1 1|1 2|1 1|2 1|fitness = 10.370457733755845|time = 96.13464328342096|true
2 solution:
1 2|1 3|2 3|2 2|2 1|2 2|2 1|2 1|1 3|2 1|1 2|2 1|1 3|1 2|1 1|1 3|2 3|1 2|1 2|2 1|1 1|1 1|2 2|2 2|fitness = 10.374022684551706|time = 97.46295810455291|true
3 solution:
1 2|1 3|1 1|2 1|2 1|1 2|2 3|2 3|1 3|1 1|2 3|1 1|1 2|2 2|2 1|2 2|2 1|1 1|1 2|2 1|1 3|2 3|2 2|1 2|fitness = 10.315384641551738|time = 92.96198880688326|true
4 solution:
1 2|1 2|2 3|2 1|1 3|1 3|1 1|2 1|2 2|1 2|2 3|1 2|2 3|1 2|2 1|2 3|1 3|1 1|1 1|2 1|1 2|1 3|1 2|1 2|fitness = 10.370772557783306|time = 96.63075911894306|true
5 solution:
2 2|2 3|1 2|2 2|2 1|2 3|1 3|3 2|1 2|2 2|2 1|1 2|2 3|2 1|1 3|2 3|1 1|1 1|1 2|2 1|1 1|1 2|2 3|1 1|fitness = 10.389566716753855|time = 94.45262222295808|true
6 solution:
1 2|2 3|1 1|3 2|2 1|2 2|2 2|2 3|1 3|2 1|1 3|2 3|2 2|2 2|1 1|1 2|1 3|3 2|1 2|2 1|1 3|2 3|2 1|2 1|fitness = 10.372772186097308|time = 95.90067838540322|true
7 solution:
1 3|2 1|1 3|1 1|2 1|1 2|1 2|1 1|1 3|2 1|1 2|1 3|2 3|1 2|1 1|1 2|1 2|1 3|1 2|2 1|1 3|1 1|2 3|2 3|fitness = 10.34869682834072|time = 98.13201411081523|true
8 solution:
2 1|1 2|1 1|2 3|2 1|1 3|2 3|2 2|1 1|2 1|2 3|1 2|2 2|2 2|1 2|1 2|1 1|1 1|1 3|2 1|3 2|1 3|1 3|1 1|fitness = 10.334779301247478|time = 93.80727382499|true
9 solution:
2 1|2 1|1 3|2 1|1 1|2 2|1 2|1 2|1 3|1 2|2 2|1 2|2 3|2 1|1 2|1 1|1 2|1 1|1 1|2 1|2 3|2 2|1 1|2 3|fitness = 10.270183970168993|time = 96.45583661775154|true
10 solution:
1 2|1 2|1 2|2 1|1 2|2 3|1 2|2 1|2 2|1 2|1 3|2 1|2 2|2 3|1 1|2 1|2 1|1 1|1 1|2 1|1 3|2 3|2 1|2 2|fitness = 10.353568831936219|time = 99.25663835811838|true
11 solution:
1 2|1 3|1 2|1 2|1 3|2 2|2 3|1 1|2 3|2 2|1 2|2 3|2 1|2 1|1 2|2 1|1 1|1 1|1 2|2 1|1 3|2 1|2 1|2 3|fitness = 10.356164890362018|time = 96.26594374091155|true
12 solution:
1 3|1 2|2 3|1 2|2 1|2 3|2 1|2 1|1 2|2 1|1 2|1 2|2 3|1 3|2 3|2 3|1 1|1 1|1 3|1 2|2 2|1 2|2 2|1 1|fitness = 10.40081414820689|time = 97.15828573346981|true
13 solution:
2 2|1 3|2 3|1 1|2 1|2 2|2 1|1 2|1 2|2 1|2 2|1 2|1 2|2 1|2 1|1 2|1 2|1 1|1 3|1 1|1 3|1 1|1 3|2 3|fitness = 10.364381061359547|time = 92.19756564304247|true
14 solution:
1 2|1 3|1 3|2 1|1 1|1 2|2 3|2 1|1 3|1 2|1 2|2 2|1 2|2 1|2 1|2 1|2 1|2 1|1 2|2 0|1 2|2 3|1 1|1 2|fitness = 10.337048716029681|time = 95.62978219255882|true
15 solution:
1 2|1 2|1 1|1 2|3 3|2 2|2 3|2 1|1 2|2 1|2 1|2 3|2 2|3 2|2 2|1 1|3 2|1 1|1 3|2 3|2 3|1 3|1 1|1 1|fitness = 10.43651026014589|time = 99.34407036686343|true
16 solution:
2 3|1 2|1 1|2 3|2 2|2 3|1 2|2 1|1 1|2 2|2 1|1 2|2 3|2 3|1 1|1 2|3 3|2 1|1 2|2 1|2 3|1 2|1 3|1 1|fitness = 10.33998911167095|time = 99.33428772190395|true
17 solution:
1 2|2 3|2 3|1 2|3 3|2 3|2 1|2 1|1 2|2 1|1 2|2 2|1 2|1 2|2 1|1 2|1 3|1 1|2 1|2 0|1 3|1 1|2 3|2 3|fitness = 10.35993933072647|time = 95.46140212839971|true
18 solution:
1 2|2 1|2 0|2 2|2 2|1 2|1 2|2 3|1 3|2 3|2 3|2 1|2 2|2 3|2 1|2 1|1 2|2 1|1 2|2 1|1 1|1 1|2 2|2 3|fitness = 10.235997266954694|time = 88.86335709515001|true
19 solution:
2 3|2 2|2 3|2 2|2 1|1 2|1 2|2 1|1 3|1 2|1 2|1 2|2 2|2 1|2 1|2 1|1 3|2 3|1 3|2 1|1 2|2 3|1 1|2 3|fitness = 10.404467257763459|time = 96.93506938117173|true
20 solution:
1 2|1 2|2 3|2 3|2 1|1 2|2 0|2 3|2 2|1 2|1 2|2 3|2 3|2 1|2 1|1 2|1 2|1 1|1 3|2 1|2 3|2 3|1 2|2 1|fitness = 10.383236891544504|time = 97.60054822249867|true
21 solution:
2 2|1 2|2 3|1 1|1 1|2 2|2 3|1 2|1 2|2 1|2 2|2 3|1 2|2 1|2 3|2 2|2 1|1 1|1 3|2 1|1 1|1 1|1 1|2 3|fitness = 10.369610357435883|time = 99.90802182495267|true
22 solution:
2 1|2 2|1 3|2 3|3 3|2 2|1 1|1 1|2 2|2 2|2 2|2 2|2 1|2 2|2 2|2 3|1 3|2 3|2 3|2 2|1 1|2 3|1 1|2 3|fitness = 10.1854210219371|time = 99.87982831382223|true
23 solution:
2 3|1 3|2 0|2 1|2 1|2 3|1 2|3 2|1 3|2 3|2 2|2 2|1 2|2 3|2 1|1 2|1 2|2 1|1 2|2 1|2 3|1 2|2 1|2 1|fitness = 10.310868605568333|time = 96.82807307106009|true
24 solution:
1 2|1 2|1 2|2 2|3 3|2 3|2 3|2 1|2 3|2 1|1 3|2 2|1 2|2 1|1 2|1 2|1 2|3 2|1 3|1 1|1 3|1 1|1 3|2 1|fitness = 10.446448756056476|time = 98.70523862320755|true
25 solution:
1 2|1 2|1 3|2 2|2 1|1 2|2 3|2 1|1 2|1 2|1 3|1 1|2 2|1 1|1 0|1 2|2 3|1 1|1 3|2 2|1 3|1 1|1 0|1 2|fitness = 10.294582255912577|time = 98.1959217588693|true
26 solution:
2 2|1 1|2 3|1 2|3 3|2 3|1 2|2 3|1 2|1 2|1 2|1 2|2 2|2 1|1 1|2 2|1 1|1 1|1 3|2 2|2 1|1 1|1 1|2 3|fitness = 10.394263079680211|time = 95.24270187845151|true
27 solution:
2 2|2 2|2 3|1 2|1 2|2 3|1 2|2 1|2 1|2 1|1 3|1 2|2 2|3 2|2 1|2 1|1 1|1 3|1 3|2 3|1 3|1 1|1 1|2 1|fitness = 10.342429175000015|time = 97.75506931613441|true
28 solution:
2 3|1 2|2 3|2 3|2 3|1 2|2 2|1 2|1 2|1 1|2 3|1 2|2 2|2 1|1 1|2 3|1 3|1 1|1 3|2 1|2 1|1 1|1 1|1 2|fitness = 10.405102233851537|time = 99.96170973916567|true
29 solution:
1 2|2 2|2 2|1 1|2 1|2 2|1 3|2 1|2 2|2 2|2 1|1 2|2 3|1 3|1 3|2 2|1 1|1 1|1 0|2 1|2 2|2 1|2 1|2 3|fitness = 10.236105652925986|time = 99.50167897233592|true
30 solution:
2 2|2 2|1 2|2 2|3 3|1 2|1 2|2 1|1 3|2 3|2 3|2 3|2 3|2 2|1 1|2 3|1 1|1 1|2 3|2 1|1 1|1 2|1 1|1 1|fitness = 10.43771858380885|time = 91.08042829693026|true
The final result:
fmax = 10.446448756056476
fmin = 10.1854210219371
fmean = 10.351376803637606
standard std = 0.06048931347959498
-1 solution:
1 2|1 2|1 2|2 2|3 3|2 3|2 3|2 1|2 3|2 1|1 3|2 2|1 2|2 1|1 2|1 2|1 2|3 2|1 3|1 1|1 3|1 1|1 3|2 1|fitness = 10.446448756056476|time = 98.70523862320755|true
