1 solution:
5 3|6 5|4 7|4 3|6 4|6 4|4 3|6 6|1 5|6 4|5 7|5 5|6 4|6 7|4 7|5 7|6 5|4 8|4 3|6 4|6 7|5 5|5 3|6 3|6 1|6 3|6 5|5 3|3 3|6 8|5 8|2 8|6 4|6 1|6 4|5 3|5 8|6 8|3 6|5 3|4 3|2 5|6 2|5 4|6 4|2 8|4 4|5 3|6 4|5 4|fitness = 20.12342677366463|time = 142.67747493678064|true
2 solution:
6 5|5 4|4 7|6 7|6 7|6 3|4 3|6 8|6 3|6 3|6 3|3 5|6 4|5 8|5 8|5 5|4 5|1 8|6 3|4 5|4 3|6 4|6 4|3 3|6 3|6 3|5 3|4 3|6 6|6 5|6 4|5 5|6 2|6 8|6 4|5 7|6 7|6 3|1 4|6 4|6 8|6 8|1 5|6 5|6 6|4 7|6 8|6 5|5 6|5 8|fitness = 20.066542524468336|time = 143.10499929845233|true
3 solution:
6 4|6 3|5 8|5 5|2 3|6 8|5 3|6 7|6 3|6 3|5 6|6 6|6 5|1 7|4 8|5 4|5 5|5 5|5 5|5 7|6 2|5 5|5 3|5 5|5 7|6 5|6 4|6 4|2 2|6 7|6 4|5 2|5 8|4 3|5 8|4 4|5 8|6 7|6 3|5 3|6 7|6 5|6 3|6 3|6 7|6 6|6 4|5 3|6 8|6 5|fitness = 19.902256545787484|time = 135.38692945109653|true
4 solution:
4 4|6 8|5 8|1 7|4 3|6 3|1 4|6 4|6 3|4 6|5 7|4 1|6 3|3 6|6 6|4 4|5 8|1 4|4 3|3 3|5 7|6 7|6 3|5 1|3 3|2 7|6 3|6 3|5 2|6 4|6 6|2 7|1 8|5 4|4 4|6 7|4 8|6 5|4 8|4 7|6 5|6 4|6 7|1 6|6 5|6 3|5 7|6 3|4 3|4 7|fitness = 19.91477883647633|time = 142.01966189940217|true
5 solution:
2 4|6 5|5 8|6 7|6 8|6 3|2 3|4 0|6 3|6 5|5 6|6 7|4 7|5 8|1 4|6 8|5 3|6 3|5 6|6 3|5 7|6 8|5 7|6 3|4 8|6 3|6 3|5 3|5 7|6 8|6 7|6 3|6 6|6 6|5 3|5 4|5 7|6 7|3 4|6 4|5 3|1 1|5 3|6 8|4 1|6 1|6 4|6 3|6 8|6 5|fitness = 20.04158042332321|time = 145.29123771123622|true
6 solution:
6 4|6 4|5 8|6 3|6 5|6 3|6 3|3 8|6 3|3 3|6 4|5 5|4 8|4 8|3 5|5 3|6 8|4 4|6 3|4 7|5 3|5 2|5 8|6 4|6 2|5 3|6 4|6 3|6 8|6 4|6 4|2 4|4 3|3 3|5 5|6 4|5 8|6 5|6 3|6 5|6 4|4 8|6 2|3 4|6 7|1 3|6 8|4 1|6 4|6 8|fitness = 20.27490057046203|time = 156.56157814405898|true
7 solution:
5 5|1 3|6 7|6 3|6 8|4 4|6 7|6 7|3 3|4 4|2 4|6 7|6 4|3 2|6 2|3 3|6 8|6 5|6 3|6 4|5 5|5 3|6 7|3 3|6 1|4 4|2 3|6 5|2 3|4 4|3 5|6 3|6 5|5 2|5 2|5 8|5 6|2 7|6 6|6 3|6 3|6 3|6 4|6 4|3 3|6 8|5 4|4 4|5 5|5 5|fitness = 19.975685033827784|time = 158.1701062437315|true
8 solution:
6 3|5 5|1 6|6 6|6 4|6 3|6 3|6 5|6 3|2 7|6 7|4 2|6 7|4 4|4 8|6 3|6 6|1 6|5 4|5 5|5 3|5 8|5 3|5 1|2 4|4 3|5 7|6 3|2 7|5 8|5 8|6 8|2 4|6 1|3 4|5 7|6 3|2 3|1 3|5 6|6 3|4 7|6 8|1 8|6 8|2 4|3 2|5 4|4 1|6 4|fitness = 20.172935008865327|time = 123.55512262463256|true
9 solution:
5 5|5 3|6 6|4 1|4 3|6 7|6 5|4 8|5 5|6 4|6 4|6 3|5 3|6 7|6 8|5 6|4 8|3 6|5 4|5 5|5 8|5 1|5 8|6 3|2 7|4 3|4 3|6 5|3 5|4 1|4 4|6 8|4 7|4 5|6 6|5 4|5 6|6 5|6 4|5 3|5 3|4 4|2 5|6 7|5 6|6 5|4 8|6 6|6 3|6 3|fitness = 19.913687714416284|time = 110.87927982371355|true
10 solution:
6 5|6 4|5 5|6 5|6 3|6 4|6 7|6 4|6 3|6 7|5 3|6 7|6 3|6 3|4 8|5 4|6 7|4 6|1 3|6 8|5 3|4 4|3 4|5 3|3 5|6 3|5 8|6 5|6 5|6 3|4 8|6 4|6 4|1 2|6 3|6 4|5 6|4 4|4 4|6 4|6 1|6 5|1 6|6 4|6 5|4 6|5 6|6 5|6 3|4 4|fitness = 20.115844175988926|time = 155.94080059946208|true
11 solution:
5 3|6 1|5 4|6 4|2 4|6 4|6 5|6 7|6 3|6 5|2 7|6 8|6 3|6 5|5 8|5 3|6 8|6 3|5 4|4 4|5 2|6 3|6 3|4 5|6 7|6 4|6 8|5 5|6 2|5 1|1 1|6 8|5 6|2 3|6 3|4 3|6 3|6 8|5 3|6 4|6 4|4 6|6 6|5 8|5 4|6 5|4 7|6 3|6 3|4 5|fitness = 20.044243283882544|time = 156.8304862154784|true
12 solution:
6 7|4 4|6 8|3 1|6 4|4 4|6 5|6 1|6 3|6 7|6 3|5 5|4 7|6 6|6 8|6 4|6 2|6 4|4 1|6 4|5 4|6 4|6 4|5 4|6 3|4 3|6 1|4 3|6 1|6 3|6 8|6 4|6 3|6 8|6 2|6 3|6 3|6 6|6 3|1 8|4 5|6 8|1 1|6 8|2 3|4 6|4 0|5 5|6 4|6 7|fitness = 20.143427417746697|time = 137.6249317861807|true
13 solution:
3 1|5 3|5 2|4 4|6 8|4 3|6 3|4 5|6 3|5 4|4 3|6 8|1 4|6 8|6 6|6 7|6 3|4 7|5 3|4 4|5 5|6 8|4 7|6 6|5 3|6 3|5 6|6 5|6 4|4 4|6 6|3 3|6 4|6 4|5 3|5 2|5 3|5 6|6 3|5 3|6 2|6 4|4 6|6 4|5 7|6 1|5 1|6 3|5 5|5 5|fitness = 20.222832858054538|time = 153.0028865885442|true
14 solution:
6 5|6 3|6 8|6 7|4 3|6 3|4 4|1 8|5 1|5 7|5 8|6 3|6 3|5 8|2 7|6 5|6 8|4 7|5 4|4 7|5 5|6 8|5 8|6 4|2 4|6 3|6 3|6 4|5 1|5 3|3 8|6 5|4 7|6 8|2 3|5 6|5 6|6 3|5 4|6 5|1 8|3 3|4 3|5 7|6 8|5 3|4 0|6 4|6 3|6 7|fitness = 20.13822362398486|time = 153.31290007976227|true
15 solution:
6 3|6 4|6 8|6 7|6 7|6 5|6 4|1 8|6 4|6 3|5 6|6 7|1 3|4 8|4 5|5 8|5 7|4 5|6 3|4 2|5 8|6 3|6 3|1 7|6 2|3 3|6 5|6 7|6 3|5 8|6 7|6 8|5 7|4 4|6 7|5 7|6 3|6 3|6 3|1 4|5 6|6 2|6 5|6 7|6 5|6 2|5 5|4 3|6 2|5 8|fitness = 19.89955404975122|time = 135.89361222423867|true
16 solution:
5 3|5 5|4 4|6 6|6 2|6 4|6 5|6 8|1 1|5 8|6 3|3 7|4 3|1 6|6 2|5 3|6 5|4 4|4 1|5 6|1 6|5 6|6 3|5 1|6 8|6 4|4 4|6 5|5 3|5 4|5 6|6 3|6 5|5 3|6 3|6 5|6 3|4 8|4 3|6 3|6 8|4 8|6 3|6 6|4 1|4 5|4 5|6 8|6 5|6 3|fitness = 19.959216753334953|time = 150.6804531070175|true
17 solution:
6 1|4 5|6 5|5 3|6 5|5 3|6 4|6 3|6 3|6 4|6 8|4 3|6 6|4 5|5 3|5 8|5 7|2 3|5 4|6 1|5 3|6 3|4 1|2 5|6 5|1 3|5 6|6 4|6 4|6 7|4 2|6 8|6 7|5 6|6 8|6 4|4 7|4 4|6 7|5 3|6 4|6 8|6 4|6 3|5 1|5 4|5 6|5 3|3 3|6 3|fitness = 20.128338973252244|time = 155.0366984456828|true
18 solution:
6 3|6 8|2 5|6 5|6 4|6 3|6 3|4 2|5 3|6 6|5 7|4 6|6 5|6 6|6 3|5 8|5 5|6 5|4 7|6 6|5 4|6 3|6 6|2 3|5 8|6 3|6 4|3 4|6 7|5 3|5 1|6 7|4 5|5 5|6 4|6 3|5 7|4 4|6 4|6 3|6 3|5 6|6 5|3 3|6 3|6 6|4 6|6 6|6 5|6 7|fitness = 19.914957259399923|time = 153.0057747572352|true
19 solution:
4 4|5 7|6 8|1 5|4 3|6 3|6 8|4 7|6 4|6 4|6 7|6 7|4 4|4 3|6 5|6 4|5 8|1 8|6 7|5 5|6 2|6 1|1 3|6 3|5 8|6 3|5 5|5 1|5 6|6 8|5 6|6 4|4 1|4 4|4 8|4 3|6 5|5 7|6 4|6 5|6 3|6 3|4 3|6 7|6 3|6 4|6 8|6 1|4 1|6 8|fitness = 20.17518850084915|time = 127.6634041261818|true
20 solution:
6 4|6 3|6 0|5 3|1 7|6 1|2 3|1 3|1 3|3 3|5 4|4 0|6 7|6 6|6 5|6 8|6 5|4 8|6 4|1 3|6 1|6 6|6 5|5 2|6 2|6 1|1 1|6 7|4 3|5 0|6 3|6 3|1 5|6 8|3 7|5 2|6 8|6 8|3 4|1 4|6 4|2 3|6 3|6 4|6 3|5 6|5 8|6 5|2 8|6 3|fitness = 19.827378675892124|time = 153.67367265689074|true
21 solution:
6 7|6 3|4 8|6 7|1 4|6 8|2 3|3 2|6 3|6 4|6 3|4 8|3 1|4 7|6 5|5 3|5 1|1 8|2 6|6 5|6 8|4 3|4 5|6 3|5 4|6 3|5 7|5 4|6 3|6 4|5 2|5 7|2 8|6 7|4 3|5 3|5 8|2 7|4 8|6 4|6 8|6 3|6 1|5 7|6 4|4 7|6 6|6 3|6 5|6 8|fitness = 19.95897749141374|time = 144.9384702614307|true
22 solution:
6 3|2 4|6 2|6 5|6 5|5 3|5 6|4 5|5 5|5 4|5 2|3 8|4 5|2 4|6 7|6 8|5 6|1 7|1 8|3 3|6 3|6 3|2 4|6 4|1 4|4 3|1 3|5 4|5 3|3 4|5 5|6 5|4 3|5 5|3 4|6 3|5 8|5 2|1 7|3 3|2 8|5 3|4 8|5 8|1 7|5 6|6 4|6 3|5 7|6 5|fitness = 20.041774748337485|time = 148.31690401424459|true
23 solution:
6 3|4 4|6 2|6 1|4 4|6 4|1 4|6 7|5 5|5 7|6 7|4 7|6 2|1 5|2 3|6 3|6 7|6 3|6 7|3 4|1 3|6 1|3 3|6 3|5 6|6 8|6 3|6 5|6 4|1 3|2 7|2 8|6 7|5 6|6 6|6 4|5 8|4 3|5 3|4 4|6 6|6 3|6 5|6 5|5 5|6 8|6 4|4 7|6 3|2 7|fitness = 20.061013027258216|time = 146.51631906942671|true
24 solution:
4 3|5 3|4 7|6 6|6 7|5 3|6 4|6 6|4 4|6 1|3 5|4 6|1 2|6 7|4 1|4 5|6 3|3 3|1 8|4 7|5 5|5 1|5 2|4 7|6 7|1 8|6 4|5 3|6 8|2 4|6 7|4 4|6 7|6 5|6 6|6 5|6 3|4 7|5 3|4 7|6 8|6 3|4 3|1 1|6 3|6 3|3 2|6 7|5 3|3 1|fitness = 20.14376246760911|time = 155.75857666768113|true
25 solution:
6 3|6 3|4 8|6 3|6 3|6 3|6 5|6 6|6 4|5 2|6 4|6 4|5 6|6 7|6 1|6 5|4 7|6 4|4 4|5 5|1 4|4 3|5 4|5 4|6 5|6 3|6 8|5 4|6 4|6 4|6 4|6 4|6 7|6 8|6 4|5 3|6 8|6 3|5 4|4 5|6 8|6 5|5 3|6 6|4 3|6 6|6 5|6 5|6 8|6 1|fitness = 20.06509024761275|time = 151.6671811149721|true
26 solution:
6 5|6 3|4 5|5 3|6 3|5 3|4 5|4 7|4 3|5 6|4 1|1 2|4 4|4 8|6 6|4 1|6 5|4 1|2 5|4 5|4 4|5 4|4 6|2 3|6 3|6 8|6 5|5 4|5 8|2 4|6 4|6 3|5 6|4 7|4 4|1 4|6 1|4 4|6 8|5 3|2 8|6 3|1 1|5 5|3 5|4 8|3 4|4 4|6 1|6 8|fitness = 19.961182803643435|time = 141.7309244799967|true
27 solution:
6 4|5 3|3 2|2 1|4 4|5 3|5 6|6 8|6 7|5 4|6 4|6 8|6 7|5 8|5 8|6 8|6 1|5 3|6 4|6 8|6 3|4 4|4 3|5 8|5 4|5 5|3 4|5 7|3 4|6 3|6 3|6 3|6 5|5 7|4 8|5 1|4 5|5 1|1 3|6 5|6 3|6 3|6 7|4 3|4 3|6 3|4 8|6 8|6 5|5 5|fitness = 20.17989004943226|time = 151.6800455585057|true
28 solution:
5 3|6 4|5 6|5 5|6 7|6 5|5 4|4 3|6 3|6 3|6 1|5 8|4 4|6 8|6 4|4 3|6 8|4 7|5 4|6 3|5 7|6 5|6 6|6 3|6 5|6 3|4 8|6 3|4 5|6 3|6 2|4 4|6 5|6 5|6 5|4 4|4 7|5 1|6 5|4 3|5 4|5 8|2 3|5 8|5 4|6 8|6 0|6 3|6 4|2 7|fitness = 20.011887139350417|time = 140.95853586730203|true
29 solution:
6 5|6 8|4 8|6 3|5 7|3 3|6 3|2 2|4 3|5 8|5 7|6 4|4 6|6 5|4 4|6 8|5 4|6 8|6 3|6 8|6 1|6 5|6 5|6 3|6 4|4 4|6 8|6 1|5 5|5 5|6 1|4 3|5 3|2 5|3 8|5 8|6 5|4 2|4 1|6 3|5 3|6 3|6 3|6 4|4 7|3 4|6 5|6 4|6 4|6 4|fitness = 20.033396309522185|time = 136.58664217179404|true
30 solution:
6 3|6 3|4 8|6 7|6 7|1 3|6 8|6 5|6 3|6 5|6 5|6 3|4 7|4 0|6 8|5 4|2 4|1 5|3 8|1 4|6 4|6 3|6 3|6 8|4 4|1 3|5 3|6 7|6 4|6 8|4 8|5 4|6 4|4 2|6 4|6 4|2 6|6 7|6 7|6 3|4 8|1 7|6 3|5 3|6 3|6 3|6 1|6 3|6 5|5 7|fitness = 20.28418194283858|time = 157.0208505886022|true
The final result:
fmax = 20.28418194283858
fmin = 19.827378675892124
fmean = 20.056538507681562
standard std = 0.11809104391576329
runtime = 0–° ±,1∑÷,13√Î,849∫¡√Î
-1 solution:
6 3|6 3|4 8|6 7|6 7|1 3|6 8|6 5|6 3|6 5|6 5|6 3|4 7|4 0|6 8|5 4|2 4|1 5|3 8|1 4|6 4|6 3|6 3|6 8|4 4|1 3|5 3|6 7|6 4|6 8|4 8|5 4|6 4|4 2|6 4|6 4|2 6|6 7|6 7|6 3|4 8|1 7|6 3|5 3|6 3|6 3|6 1|6 3|6 5|5 7|fitness = 20.28418194283858|time = 157.0208505886022|true
