1 solution:
11 9|13 8|12 9|8 0|11 6|2 5|5 9|11 6|13 0|2 3|12 1|13 7|13 2|7 9|6 9|6 6|2 8|5 5|1 7|2 4|13 8|11 7|6 1|11 8|12 8|2 6|6 7|7 5|10 6|11 7|5 5|12 7|8 1|10 1|6 5|3 4|13 1|13 2|6 4|8 1|1 0|11 9|5 1|5 1|12 9|11 1|1 6|12 5|8 8|13 8|13 7|9 5|2 5|7 6|5 5|4 7|8 9|12 6|10 2|6 3|9 6|13 7|8 4|1 2|7 0|2 3|13 6|13 5|9 0|7 2|9 3|7 6|8 4|12 1|4 3|8 9|3 4|11 3|7 4|9 3|13 5|8 5|1 3|13 6|2 6|9 0|13 1|6 1|7 8|5 8|8 7|8 1|6 4|13 0|13 2|12 7|12 7|5 7|8 4|8 2|9 9|13 4|6 3|3 1|7 4|2 8|13 4|10 2|5 3|13 6|5 0|10 9|9 5|1 1|5 4|2 3|4 7|1 5|5 7|12 7|7 7|5 3|3 1|10 6|2 6|12 4|4 7|1 7|1 8|9 6|fitness = 49.80984079813628|time = 195.15775496973612|true
2 solution:
10 6|6 5|8 6|11 9|5 5|9 1|6 7|12 7|5 2|10 3|9 7|8 3|4 6|13 2|6 1|2 4|11 0|1 7|6 1|11 4|6 1|3 8|7 9|12 5|7 6|13 6|8 9|8 1|8 8|9 5|10 4|1 1|7 9|13 6|5 8|1 6|13 6|5 7|13 2|1 4|1 4|13 0|11 6|9 4|1 5|8 9|7 1|7 5|1 4|13 6|12 7|4 1|11 3|8 7|12 5|13 3|1 4|5 8|11 8|4 3|8 3|7 5|13 9|4 7|8 1|9 8|1 1|11 4|8 7|13 4|12 2|1 4|6 0|2 8|13 0|13 8|13 3|10 5|10 1|8 7|1 3|13 9|8 2|8 4|4 2|7 8|5 3|10 7|13 1|12 1|13 1|2 1|13 1|13 4|12 7|5 5|8 3|5 8|10 1|3 8|10 7|6 6|9 9|9 5|4 5|11 7|11 5|12 7|6 8|2 9|13 4|6 7|11 7|12 9|5 4|11 9|9 5|7 7|13 6|2 8|8 4|13 3|2 8|2 5|3 7|13 9|1 5|11 3|5 9|1 6|fitness = 50.04584509228599|time = 198.94112293229716|true
3 solution:
11 7|8 3|13 3|3 7|1 9|1 4|6 9|13 6|13 7|8 7|2 4|1 8|13 7|11 4|13 6|1 8|8 3|10 7|13 9|12 8|13 2|1 4|10 7|5 4|13 8|8 5|4 7|6 1|5 5|5 5|3 5|8 5|4 7|7 6|9 0|6 0|10 5|8 4|2 3|7 4|6 7|13 5|10 7|8 3|5 9|13 5|12 9|5 3|10 9|13 7|13 8|7 9|13 7|10 2|1 7|6 1|10 1|13 9|8 1|2 4|5 9|13 6|13 4|11 9|8 9|6 8|6 5|9 9|13 3|11 4|5 5|4 6|4 1|1 1|10 9|9 4|11 9|13 2|8 0|1 1|5 9|6 6|3 1|13 6|13 5|9 7|1 1|8 8|2 4|3 1|11 8|5 9|6 6|5 3|2 5|1 0|12 0|8 5|6 1|13 5|7 8|1 7|1 6|3 1|1 1|13 6|1 3|13 7|5 9|13 5|1 4|10 9|4 3|12 1|11 7|11 2|9 9|8 6|7 9|12 1|5 3|11 5|10 1|5 9|1 7|12 1|8 3|4 7|9 8|7 8|fitness = 50.0892757881132|time = 196.5784056689103|true
4 solution:
10 5|6 7|1 9|3 3|9 6|11 5|1 3|3 9|5 9|6 6|5 8|1 4|7 9|5 5|7 5|9 1|5 4|12 1|13 6|13 4|10 9|3 4|11 7|11 9|10 7|11 6|11 9|7 7|1 9|5 7|5 5|2 5|9 9|1 3|5 1|8 5|6 7|6 1|12 5|5 9|7 6|12 4|13 3|4 8|8 1|6 9|10 5|6 1|1 0|9 1|8 8|5 5|1 3|12 3|7 6|3 0|8 4|3 3|8 1|13 6|8 7|13 1|6 4|7 8|13 3|10 9|5 6|9 8|3 6|11 1|5 3|10 4|1 1|13 8|9 5|13 3|13 6|12 2|9 2|3 7|5 1|1 7|12 1|1 4|1 8|5 8|7 2|10 7|7 7|9 4|11 5|1 8|5 3|1 9|10 2|12 3|4 3|4 7|12 9|10 5|1 4|4 7|9 9|5 6|1 0|9 1|1 8|5 5|8 7|11 7|9 5|3 8|8 0|13 5|8 1|13 6|6 1|7 7|4 5|12 6|6 1|7 6|13 7|10 9|9 6|3 4|13 6|9 5|13 3|8 4|fitness = 50.189259734235854|time = 197.61686818992135|true
5 solution:
11 4|13 6|13 9|7 5|13 4|8 3|2 1|8 2|4 7|4 9|4 4|2 8|3 5|13 1|10 0|5 3|4 1|5 2|10 6|5 5|7 9|9 1|4 7|8 6|8 2|3 1|12 7|5 2|8 7|1 7|6 5|7 6|12 3|11 2|1 1|13 9|1 8|8 3|11 1|6 6|11 7|2 6|13 1|2 9|10 3|13 7|3 7|2 9|13 2|12 8|2 3|5 5|6 5|10 1|11 9|3 4|13 7|13 8|11 2|13 4|9 5|1 5|3 4|10 3|7 9|5 1|6 8|4 5|2 9|7 5|7 3|11 4|12 8|7 2|8 7|10 1|10 7|12 8|1 8|5 5|8 3|2 1|13 4|4 1|1 2|2 2|5 6|4 3|13 1|9 8|6 7|5 9|8 4|13 1|5 3|6 7|4 9|4 0|9 5|12 4|2 2|13 4|8 6|7 5|2 7|6 7|9 1|8 8|9 8|4 6|5 9|13 1|4 5|13 7|8 4|9 9|8 7|1 1|4 9|10 9|5 8|7 6|7 7|11 1|13 5|11 1|11 7|11 6|12 9|7 5|fitness = 50.05265001726737|time = 194.80728413718828|true
6 solution:
2 4|4 6|13 6|12 6|4 9|1 1|13 4|5 1|6 2|4 9|8 1|13 1|5 0|13 4|13 7|12 9|1 1|5 0|13 6|13 4|8 1|11 6|6 4|12 5|5 9|11 1|7 6|5 5|8 9|2 8|5 7|8 6|9 0|9 0|13 3|5 7|7 8|11 6|8 7|11 1|1 8|4 8|13 3|10 2|5 5|10 5|11 2|5 2|7 5|1 9|13 8|1 7|5 2|8 7|11 4|8 5|3 5|3 7|2 9|1 9|2 3|1 7|12 9|3 4|10 7|8 7|8 6|4 1|9 6|11 4|12 7|3 7|5 2|2 6|7 9|10 1|6 1|1 5|7 9|1 1|13 0|1 8|6 1|13 7|1 3|2 9|7 0|11 6|4 7|3 7|11 5|2 5|8 5|10 5|9 5|1 7|9 4|8 3|1 3|11 2|5 3|5 4|6 9|9 6|7 7|6 1|13 3|9 5|1 2|4 3|5 6|11 9|5 7|5 1|3 5|9 8|7 4|9 4|3 1|9 3|8 5|4 1|2 8|5 7|13 0|8 7|13 1|7 4|7 6|9 4|fitness = 50.03700040466574|time = 199.8840573634935|true
7 solution:
5 4|9 5|10 2|3 5|12 6|13 8|9 6|4 4|5 3|9 2|5 1|6 6|7 9|7 2|7 7|5 4|13 4|13 7|6 7|1 0|1 1|5 8|8 9|4 9|7 2|1 6|11 7|13 2|13 1|13 9|9 4|13 3|3 4|9 7|5 5|1 4|6 6|6 4|7 5|12 8|12 9|5 2|1 4|8 2|8 4|8 9|13 8|9 6|6 4|3 8|1 5|13 3|4 9|9 7|13 1|11 7|5 2|4 1|5 5|6 1|13 1|3 5|8 9|12 9|4 9|10 7|8 9|11 1|8 4|5 2|13 8|1 1|13 7|1 9|6 1|13 6|5 9|2 7|7 3|12 7|8 3|13 1|8 0|5 7|12 5|5 7|13 8|5 5|8 6|5 8|1 3|13 6|8 1|7 1|7 5|7 5|10 2|5 7|13 0|8 5|7 6|9 5|11 5|13 4|4 6|9 9|4 5|5 9|4 6|11 1|2 7|8 9|1 4|13 3|5 2|10 5|13 7|1 4|13 7|13 9|8 2|5 1|13 3|10 7|7 1|8 8|3 6|13 9|10 6|5 9|fitness = 49.963424351551744|time = 198.16878672129954|true
8 solution:
1 8|6 6|6 3|9 6|5 9|6 2|2 5|8 1|9 9|1 1|1 4|10 4|12 8|5 8|12 4|9 1|13 1|5 7|9 9|9 8|2 1|7 5|5 2|3 6|13 7|13 5|10 7|8 3|13 5|8 2|11 4|5 7|5 6|3 1|9 8|3 6|11 5|11 9|3 1|13 8|5 1|5 0|5 5|2 4|11 9|4 7|1 1|6 7|6 3|10 6|5 2|13 7|5 1|8 1|13 5|10 1|12 4|12 5|6 5|8 9|8 8|1 5|10 8|13 0|13 8|10 1|12 2|12 7|11 5|5 5|3 5|8 4|10 3|8 7|11 1|5 7|5 4|13 4|2 2|8 8|11 5|5 3|8 7|9 1|5 9|1 7|5 8|5 8|1 6|11 9|7 1|10 4|6 6|4 2|7 3|2 8|13 2|1 4|10 2|6 2|12 0|13 7|9 4|5 3|9 1|4 4|12 4|10 9|6 1|1 5|5 0|11 7|9 6|1 4|4 7|5 9|5 9|1 0|10 4|1 7|9 5|11 1|11 1|7 5|9 3|12 7|9 8|11 9|4 3|6 3|fitness = 49.91361178573624|time = 192.3751566807511|true
9 solution:
13 1|11 1|6 6|1 4|1 6|11 0|8 5|10 9|5 7|13 2|10 2|2 4|13 1|3 4|7 9|1 2|5 7|2 3|8 8|2 5|6 4|5 5|7 5|9 5|7 7|2 4|1 1|2 5|6 7|2 9|13 4|5 6|7 7|9 8|1 5|10 5|5 6|13 6|11 1|5 6|4 5|9 5|8 7|13 4|13 3|7 3|2 8|12 3|5 5|11 9|13 1|8 3|10 1|3 4|8 4|7 8|7 5|9 8|7 9|9 3|6 7|5 7|3 6|3 5|7 2|5 5|6 3|11 2|12 4|13 7|10 6|11 6|13 8|5 9|9 9|5 6|12 1|3 4|2 5|12 8|8 4|1 7|1 7|7 1|12 8|5 7|12 1|7 6|7 3|6 1|10 7|8 4|6 8|11 6|5 6|2 7|4 9|9 6|6 2|13 1|10 5|13 1|13 2|11 9|3 7|9 2|13 1|8 4|8 4|2 4|5 9|13 3|10 9|3 7|5 1|6 1|11 4|1 1|10 1|1 2|4 7|4 4|4 1|13 5|9 3|13 2|4 6|7 9|11 7|4 0|fitness = 49.949554556060136|time = 191.9945458305113|true
10 solution:
10 1|3 9|13 9|8 4|5 1|1 8|11 5|7 1|8 7|5 9|1 4|12 6|8 2|10 5|13 1|10 0|3 0|5 1|13 5|2 9|13 1|3 6|7 8|4 7|3 2|10 7|5 8|7 5|12 6|9 6|1 4|6 6|8 5|1 1|6 4|9 1|9 7|11 1|13 7|6 4|7 6|8 0|8 9|11 4|7 8|9 5|7 0|10 7|1 5|5 8|1 7|4 5|10 4|7 5|1 6|3 9|13 3|2 7|7 1|6 9|7 1|3 8|12 7|13 9|5 9|5 9|12 1|13 5|4 6|11 7|7 1|1 9|7 8|11 3|7 5|5 3|12 9|13 0|3 4|12 7|9 4|9 1|13 6|8 6|5 9|5 7|5 8|1 1|13 3|12 7|5 9|11 7|5 3|11 8|5 6|3 2|12 6|5 6|13 2|10 5|2 2|1 4|9 5|5 3|3 7|12 5|11 7|12 9|11 9|8 9|9 2|5 6|7 1|10 7|10 7|10 7|9 3|7 0|3 6|13 1|6 8|5 6|13 1|2 3|3 4|13 6|3 5|10 6|5 2|10 7|fitness = 49.70046757384518|time = 198.28869755169137|true
11 solution:
10 5|12 4|4 9|10 3|12 4|1 1|6 7|2 6|7 2|4 2|2 5|11 6|1 4|10 7|13 4|12 4|3 5|11 1|10 3|7 4|5 7|1 8|8 4|12 4|8 0|13 7|12 7|2 9|10 5|5 1|4 1|1 7|5 6|13 7|2 6|12 8|12 2|13 1|8 4|10 5|11 5|11 4|12 1|7 7|1 8|9 9|3 3|4 3|5 7|13 6|1 7|2 9|6 6|11 7|4 5|2 1|8 7|6 1|5 2|9 3|5 5|6 2|5 6|8 2|3 3|7 5|11 2|5 5|9 8|9 7|13 5|3 4|7 8|8 9|13 9|10 4|12 6|7 5|1 1|7 9|2 3|8 5|1 3|3 4|6 8|8 1|8 9|7 5|12 6|1 1|13 3|3 3|6 7|1 2|7 7|5 3|1 0|11 7|8 5|10 9|1 7|6 6|1 3|7 4|13 2|13 0|7 9|5 3|7 3|9 7|2 7|9 9|5 0|11 7|9 2|9 5|12 1|7 9|1 9|9 2|4 1|13 8|5 3|4 3|3 8|1 1|5 2|2 7|12 4|5 5|fitness = 49.27511199435888|time = 198.56770599409262|true
12 solution:
11 3|9 1|7 1|10 4|8 1|12 5|7 5|5 5|7 7|5 7|5 6|5 5|5 5|7 0|11 9|3 9|13 6|5 2|6 5|6 9|6 6|12 1|6 8|8 7|13 7|13 8|8 7|13 1|8 4|9 9|5 3|13 2|9 9|2 6|5 9|6 1|11 9|9 9|9 5|5 9|9 3|10 7|10 4|1 2|10 7|11 7|13 7|4 4|11 5|5 9|11 2|10 7|3 1|1 1|9 4|13 1|1 1|8 5|2 3|13 2|2 8|5 7|5 5|10 4|12 5|1 7|12 8|5 3|8 3|5 5|12 7|2 2|1 4|7 6|5 2|2 6|5 4|9 2|1 4|8 6|6 9|13 7|7 8|11 8|1 5|7 9|8 2|8 6|12 8|9 2|10 4|12 6|12 4|3 6|12 3|8 5|3 3|11 5|7 3|9 7|11 4|9 3|8 9|6 1|6 4|7 1|7 8|7 7|5 8|3 4|5 3|9 9|11 5|11 1|6 1|6 7|5 5|1 9|10 6|9 6|2 1|9 7|11 4|9 1|5 6|8 5|5 5|2 8|4 1|8 6|fitness = 50.005033552693305|time = 197.30466843722735|true
13 solution:
9 4|11 7|10 4|7 5|6 8|5 5|4 7|5 7|8 3|9 6|5 7|9 5|2 5|2 5|1 7|13 6|9 6|9 7|7 5|9 9|1 4|10 5|13 5|6 6|9 4|12 4|1 8|1 7|11 6|6 7|10 6|5 6|2 3|1 3|2 4|9 7|2 8|6 7|5 9|3 1|3 1|2 9|9 5|10 6|5 3|3 7|12 9|13 7|8 0|1 4|13 2|8 9|9 0|7 3|6 1|6 7|11 3|13 0|9 8|2 5|4 9|4 8|5 4|8 3|8 9|8 4|4 5|11 8|6 2|13 1|9 5|8 4|3 1|8 1|13 5|9 6|1 8|5 7|8 6|2 7|10 5|8 6|10 3|3 9|5 2|11 1|1 1|9 9|13 8|5 3|11 3|9 2|6 2|5 8|5 1|5 5|1 8|9 2|8 2|9 1|4 1|13 0|10 7|1 1|6 6|9 8|7 2|9 2|5 2|5 3|6 6|1 5|7 3|1 1|13 1|11 1|5 9|11 5|11 2|12 6|9 1|5 7|1 1|1 9|13 4|6 8|5 1|11 4|3 3|11 4|fitness = 50.088409371668355|time = 199.66216349078115|true
14 solution:
5 0|7 3|4 8|8 5|1 0|8 3|13 7|5 9|13 5|6 9|10 4|13 5|8 6|1 5|2 9|7 7|6 4|9 1|1 7|5 6|7 7|5 7|1 3|13 0|9 6|5 5|7 4|1 5|10 4|13 2|3 1|5 0|7 9|1 3|6 9|3 1|11 4|9 6|12 4|1 4|6 6|5 1|5 9|10 2|13 5|1 7|11 0|1 8|9 3|1 4|6 1|1 7|13 5|2 7|1 9|1 2|13 6|13 0|8 0|1 3|1 6|6 6|7 0|4 4|6 6|6 9|9 8|5 6|8 5|4 5|12 3|6 8|5 1|7 7|5 5|5 1|10 6|3 7|13 7|13 7|2 5|4 1|2 0|13 3|6 0|1 4|2 9|13 4|6 1|2 4|3 4|13 1|11 9|8 3|1 7|1 1|7 3|13 1|11 6|4 5|9 9|2 6|7 1|13 7|6 7|5 1|13 5|5 4|12 4|5 3|2 7|9 8|13 9|1 1|5 8|5 9|2 5|7 4|10 1|11 6|11 5|12 0|11 7|8 4|1 3|5 7|1 9|5 9|8 9|11 7|fitness = 49.739186780139796|time = 190.26574345112675|true
15 solution:
6 1|5 3|6 9|10 6|7 4|1 4|3 1|6 9|7 5|13 8|7 2|12 5|3 6|9 6|13 3|8 8|3 1|6 5|5 3|6 8|5 7|12 8|5 6|5 1|13 6|8 7|7 2|5 3|1 4|12 5|13 9|11 4|5 9|6 5|4 5|13 5|3 9|8 5|1 2|13 4|5 7|7 4|7 9|5 9|8 7|5 5|13 1|1 5|4 1|9 2|1 4|11 9|12 8|9 1|7 4|10 9|5 3|1 2|9 3|12 9|7 8|7 5|6 4|5 5|1 4|2 8|2 5|3 6|12 1|11 7|1 6|13 9|3 9|3 6|10 3|2 9|8 7|8 2|3 6|2 7|8 5|12 7|1 8|11 8|13 5|8 7|9 1|11 8|1 6|7 9|1 7|5 3|13 6|11 5|1 4|10 2|11 8|8 7|9 7|5 9|5 7|8 5|10 3|13 1|13 1|1 0|1 7|2 7|2 9|10 4|4 4|11 9|6 1|12 1|4 6|11 0|6 9|4 3|13 7|10 1|7 8|4 1|13 8|7 7|13 3|1 4|4 4|2 7|1 6|7 6|fitness = 49.51137745813974|time = 199.8052002164132|true
16 solution:
9 9|8 3|5 3|1 1|7 9|11 4|6 1|8 3|3 7|7 8|1 7|5 8|13 1|11 4|10 7|3 5|9 9|13 8|8 9|7 9|1 6|8 5|7 1|5 6|5 7|5 0|7 1|11 8|8 4|5 0|9 6|6 7|8 5|13 4|3 8|3 7|5 8|3 5|8 7|2 3|7 0|2 3|1 6|4 7|11 7|9 6|6 3|5 5|13 0|6 5|7 3|10 4|3 8|5 9|11 7|10 5|13 4|13 7|5 3|2 2|5 6|10 9|13 9|10 4|7 4|8 1|8 0|9 5|3 0|12 4|7 9|11 5|6 0|5 9|7 8|9 0|8 9|8 4|1 6|9 9|3 7|5 1|6 4|6 7|1 6|5 9|8 9|1 5|1 4|7 5|7 1|8 4|12 1|10 7|10 7|8 1|7 8|13 4|3 3|12 3|11 9|8 1|9 3|10 7|9 6|2 3|5 9|2 6|9 8|10 7|7 5|9 1|9 2|10 7|9 1|1 5|2 5|2 8|5 2|6 8|7 3|6 1|7 8|5 5|7 7|2 3|3 6|8 3|13 6|4 1|fitness = 49.47785255337199|time = 188.72990579296314|true
17 solution:
9 9|7 9|13 0|11 4|9 2|10 7|1 7|9 9|7 3|1 6|2 1|1 6|3 1|13 7|7 3|9 5|7 7|13 3|6 1|1 9|13 4|5 7|4 9|1 3|5 1|9 2|5 0|6 6|10 6|1 7|7 8|11 1|5 5|11 9|4 2|13 2|11 5|5 6|5 7|4 4|11 5|10 7|1 3|8 6|8 3|13 7|6 7|4 6|8 8|5 6|13 1|8 8|2 5|5 3|6 4|9 7|5 4|9 6|8 5|1 9|2 3|13 0|11 2|5 7|11 7|10 7|10 7|12 4|9 5|5 9|5 7|5 7|1 2|8 7|7 8|13 4|1 6|7 3|5 8|8 0|3 6|11 2|12 1|10 7|8 3|13 6|11 7|13 8|5 8|11 5|10 3|10 2|8 5|4 5|5 0|5 8|13 9|11 3|9 9|4 5|5 8|13 5|9 5|2 3|1 3|11 4|7 3|9 4|2 6|8 9|13 3|1 5|9 1|5 7|13 2|10 5|9 8|2 9|1 1|13 6|5 6|7 2|13 4|5 8|4 4|1 4|9 1|8 9|1 4|4 5|fitness = 49.37290640229766|time = 191.50233194327058|true
18 solution:
6 1|3 4|5 3|4 6|9 5|13 5|10 7|9 6|9 3|11 6|5 7|6 6|10 7|3 9|4 9|2 8|5 4|8 9|2 1|6 1|7 1|10 4|6 2|7 5|12 1|1 6|5 2|13 9|4 5|8 7|11 9|13 6|7 9|6 4|3 8|13 9|10 4|11 7|11 5|3 7|1 8|13 8|2 5|4 7|5 5|1 4|6 1|1 5|12 4|1 8|7 6|3 7|13 6|2 6|8 4|7 5|6 7|12 7|8 3|8 8|10 1|5 6|11 4|12 3|11 7|9 5|6 7|5 2|4 9|11 2|1 1|12 1|8 7|2 2|1 7|12 6|11 9|11 7|9 1|5 5|12 5|7 9|2 7|5 5|4 6|3 8|9 8|4 1|8 4|9 9|3 8|7 3|6 1|9 4|13 0|5 6|11 6|9 8|1 0|5 4|7 4|8 5|4 7|11 6|13 1|4 7|8 2|3 4|5 9|5 5|10 2|1 1|8 7|10 9|5 1|5 3|5 9|11 4|5 2|11 1|13 7|3 1|11 1|5 5|13 8|8 3|2 5|9 0|12 9|13 2|fitness = 50.0330630707063|time = 199.54306260928996|true
19 solution:
13 4|8 5|8 9|1 0|11 6|4 7|3 1|2 6|8 7|7 1|1 2|13 5|1 1|1 5|1 7|10 6|6 2|1 0|7 5|6 9|10 5|3 8|10 9|1 1|3 6|5 8|5 1|13 0|8 7|13 2|13 8|5 7|9 8|6 7|13 6|7 5|12 7|6 7|3 7|9 1|8 3|9 1|1 7|12 7|1 8|5 5|12 4|13 5|11 4|13 6|6 9|6 9|4 2|13 7|8 9|2 5|13 6|3 1|3 4|11 8|6 0|1 4|8 1|10 2|7 1|2 5|13 2|11 0|9 7|9 1|7 6|3 7|8 0|8 5|11 9|11 1|13 1|4 2|13 9|11 2|11 6|12 9|6 7|3 7|13 6|12 6|13 1|13 8|12 0|1 5|5 6|8 4|9 8|1 4|11 5|13 1|9 8|5 3|13 5|4 7|5 1|13 4|9 1|4 9|1 8|9 3|1 9|5 5|13 1|3 5|2 5|1 9|3 8|1 4|1 4|10 9|11 4|7 2|2 1|13 7|8 9|6 5|6 5|13 6|7 6|5 2|13 3|9 9|9 8|13 0|fitness = 49.39542715860154|time = 197.87997313939508|true
20 solution:
6 7|12 0|4 4|13 7|5 8|10 8|7 7|5 2|13 7|12 2|7 6|5 3|6 5|8 4|5 7|8 4|5 6|1 1|5 1|5 5|8 4|6 0|8 2|1 7|8 9|11 1|7 4|5 8|5 9|1 1|12 5|13 3|5 4|6 6|5 6|1 4|2 6|11 9|1 3|1 2|9 7|5 6|9 9|5 5|7 7|8 4|1 8|8 4|6 9|9 3|6 9|5 1|3 3|6 3|5 9|10 5|10 5|2 6|2 5|5 5|11 6|13 0|8 6|12 9|2 8|10 7|3 7|8 4|12 0|11 5|3 4|6 8|1 2|12 4|11 1|8 7|11 4|8 0|11 4|12 4|10 4|2 1|9 3|10 7|4 6|5 1|13 1|9 5|6 6|4 7|2 7|6 2|8 1|10 3|7 8|5 4|11 4|11 7|4 6|8 9|7 8|2 5|3 1|6 7|8 8|2 3|7 5|5 2|8 9|13 2|8 9|1 1|13 1|1 9|12 7|13 6|12 7|5 1|9 1|6 1|9 3|9 5|6 2|3 5|1 7|3 7|2 3|6 8|1 5|8 8|fitness = 49.67545283669834|time = 199.64310432785066|true
21 solution:
3 8|10 7|5 3|5 3|9 5|11 4|11 4|9 9|13 1|11 8|13 3|1 7|6 6|8 1|8 6|9 6|2 9|5 5|1 9|9 6|10 3|2 8|11 5|13 4|5 2|10 7|13 8|8 3|10 8|13 4|1 1|1 7|9 3|6 5|1 9|3 4|9 8|2 9|9 5|12 1|5 4|1 8|8 4|2 3|12 9|9 1|5 3|10 1|10 7|6 7|13 7|11 1|13 0|8 1|12 4|10 7|11 9|9 4|6 0|11 9|5 9|9 4|10 5|5 1|2 1|7 1|7 9|3 7|8 3|1 1|7 3|6 6|1 1|13 8|9 9|9 2|13 4|11 9|2 1|9 8|9 7|13 5|10 5|5 7|10 2|7 0|9 5|8 5|9 4|5 5|13 8|2 1|5 3|7 8|13 8|6 7|1 7|11 7|5 3|8 8|6 9|3 7|5 6|7 5|9 3|13 1|13 9|11 6|5 9|9 2|11 6|1 5|7 5|5 4|6 1|5 6|13 7|5 9|9 0|8 7|1 4|3 9|11 7|13 1|5 7|10 5|11 1|8 3|11 5|2 5|fitness = 50.02305930558669|time = 196.42490127616253|true
22 solution:
6 1|8 5|1 7|13 6|11 5|6 5|7 5|6 6|13 7|3 1|11 2|7 3|13 7|7 6|11 6|4 2|11 5|1 4|13 1|7 1|13 8|11 7|13 0|5 3|8 5|6 7|12 9|7 5|1 1|11 9|7 6|10 9|8 7|7 9|3 6|8 3|8 4|1 1|9 5|7 1|13 1|2 8|12 5|13 8|1 7|13 4|11 7|8 7|9 8|7 5|10 7|11 6|11 7|12 8|9 8|4 4|8 5|5 4|1 4|12 9|10 1|6 1|12 8|5 4|5 3|1 6|9 5|5 9|2 6|9 8|5 3|2 7|13 4|10 8|5 6|2 4|6 1|7 1|3 5|10 7|11 2|11 0|12 9|1 3|4 5|13 9|6 8|2 2|8 5|13 9|8 7|8 7|7 8|9 9|11 5|13 4|8 6|9 1|13 8|5 2|11 2|11 8|2 9|6 3|13 1|1 4|9 9|2 7|1 1|8 9|11 6|8 7|12 3|3 3|7 9|5 4|7 3|5 7|6 4|8 5|9 4|3 1|5 7|2 1|5 9|13 3|1 2|6 4|10 9|13 1|fitness = 50.370968618801804|time = 199.84988209209746|true
23 solution:
5 8|13 0|1 8|8 8|2 6|11 5|6 3|5 8|3 7|1 6|12 7|1 2|13 2|12 6|5 7|13 4|4 4|10 3|6 7|3 4|2 8|11 1|7 3|6 7|5 7|13 6|8 4|5 7|5 8|13 3|5 2|3 5|12 7|5 5|6 2|5 6|11 8|10 5|11 3|13 7|3 8|13 0|5 9|13 4|12 1|8 4|7 2|9 7|13 7|1 1|12 1|2 7|7 8|6 1|6 8|12 9|5 9|6 1|10 1|10 7|5 5|13 5|12 6|3 6|13 3|6 5|12 5|8 6|7 3|11 4|3 4|13 5|11 1|8 6|13 6|13 7|2 9|11 3|5 4|7 8|11 3|12 1|12 6|11 9|10 6|10 1|2 7|1 9|3 6|12 4|13 8|6 7|3 9|4 9|1 4|6 5|12 1|2 4|9 8|10 8|4 4|3 4|7 5|3 1|13 8|11 1|1 7|13 1|5 1|13 1|5 2|7 8|7 3|7 7|11 9|3 2|3 4|8 6|1 4|1 1|6 1|7 2|7 1|2 3|6 4|5 3|9 2|9 9|7 3|12 4|fitness = 49.95824468858176|time = 199.93166068698375|true
24 solution:
13 7|2 9|10 9|13 0|11 9|4 2|8 0|4 5|7 1|5 8|6 2|2 1|1 7|8 7|9 5|10 7|9 6|1 6|6 6|3 2|9 8|2 6|1 8|1 8|6 7|6 0|9 2|13 1|11 0|9 9|4 4|2 5|8 9|7 3|1 2|8 2|13 1|10 7|11 2|5 1|13 5|12 5|13 3|5 3|6 6|1 9|7 7|8 9|12 4|8 3|11 5|7 0|3 7|9 1|12 9|12 8|12 5|7 4|8 7|7 7|9 5|9 7|1 3|8 5|13 6|3 1|8 7|8 1|3 8|13 5|6 1|5 8|2 1|6 6|13 1|13 8|8 4|10 5|4 1|11 4|12 5|9 1|5 4|5 3|11 3|8 9|9 3|4 8|10 5|1 1|13 1|5 7|8 4|12 9|13 1|2 7|6 7|9 8|1 9|5 4|7 5|2 7|11 9|9 8|3 7|3 1|5 9|3 4|5 2|10 7|8 9|12 9|5 0|13 9|3 2|5 8|10 2|5 4|13 2|12 4|6 5|2 6|13 4|7 4|5 3|9 4|13 3|4 9|4 5|6 4|fitness = 48.72622969694986|time = 199.43068357111014|true
25 solution:
13 0|9 4|1 2|2 6|11 7|10 9|1 4|13 9|5 7|11 9|5 5|8 1|10 2|8 1|13 7|9 7|2 2|1 1|5 9|5 6|5 8|8 7|7 5|13 9|11 7|3 7|6 9|9 9|13 8|4 7|5 9|3 4|5 7|7 8|13 1|1 4|11 4|1 4|8 3|8 7|5 3|2 5|13 1|5 1|8 7|13 5|6 8|13 8|6 9|3 4|7 1|13 4|4 4|6 6|8 7|11 5|13 8|11 3|8 2|1 5|11 1|7 5|12 7|1 5|9 6|13 9|13 5|11 2|6 5|10 6|9 3|9 5|3 9|9 5|13 1|5 0|13 6|13 2|13 1|11 9|3 8|5 9|8 7|8 5|1 1|4 1|11 4|3 3|13 3|8 7|10 5|6 0|2 6|13 7|12 4|7 4|8 2|5 1|10 6|11 2|11 3|5 5|8 3|12 4|3 1|9 5|1 8|5 4|5 9|3 1|3 1|6 7|6 0|6 8|9 9|5 1|1 8|1 3|9 9|1 5|6 6|10 7|11 7|12 4|5 8|5 1|12 7|4 4|13 3|13 5|fitness = 50.45722392703114|time = 199.02209883133617|true
26 solution:
6 4|9 8|1 0|13 6|8 0|13 1|3 9|4 3|9 9|10 4|11 7|7 1|12 5|8 7|8 9|2 8|11 1|13 1|5 5|6 7|10 9|4 9|13 1|1 1|4 6|8 1|3 8|13 7|8 4|6 4|11 1|6 2|2 1|5 7|12 9|1 5|11 4|1 4|6 1|1 3|5 5|1 1|12 4|12 6|13 0|7 3|5 0|1 5|2 2|11 7|1 7|8 3|10 1|5 5|13 1|5 6|8 3|12 9|2 9|13 7|5 3|6 9|9 4|5 5|13 5|5 4|9 7|5 3|5 6|9 1|1 1|8 7|6 9|13 5|13 4|10 7|6 4|5 6|13 4|13 9|5 5|3 5|9 0|4 5|1 7|3 7|11 3|5 0|13 6|5 5|11 8|10 1|2 2|7 5|2 5|10 3|4 5|10 9|8 3|12 9|5 7|13 2|10 6|7 8|7 6|6 6|1 4|9 8|6 9|4 6|2 9|8 5|10 6|6 8|8 7|3 4|13 7|7 8|13 4|7 6|11 5|10 3|13 8|1 0|6 4|5 9|6 7|11 9|11 9|6 1|fitness = 49.44538118726713|time = 197.21033446151657|true
27 solution:
10 9|5 9|1 5|7 9|6 9|1 0|9 3|13 6|3 4|5 1|4 2|5 5|7 4|3 4|2 7|5 7|6 9|5 1|13 4|2 6|9 1|8 6|9 4|11 6|12 1|6 7|5 9|8 3|7 6|4 2|4 3|7 1|12 7|10 7|3 2|12 5|10 7|5 5|5 8|8 0|9 0|9 4|7 8|10 5|7 4|7 8|10 9|2 2|9 3|13 6|11 1|1 4|13 2|9 0|8 7|1 8|1 4|10 1|10 5|8 5|5 9|10 6|2 4|1 3|8 1|7 6|6 3|6 1|12 4|1 2|11 6|12 5|12 4|13 5|5 1|8 1|13 3|2 5|13 5|7 4|9 9|1 3|2 7|5 2|8 7|8 1|8 1|7 2|12 8|8 5|11 3|7 6|2 4|11 4|12 6|2 6|13 7|13 7|7 1|9 7|6 1|8 6|5 4|2 5|9 6|11 7|7 3|6 1|10 8|8 7|13 8|2 3|13 4|13 3|5 7|9 8|6 7|1 7|7 0|12 7|4 1|12 5|6 0|9 3|8 9|6 4|1 5|13 2|12 6|3 1|fitness = 48.73512905849056|time = 198.88952270057638|true
28 solution:
2 3|6 9|6 9|13 8|13 7|11 5|13 4|1 7|5 1|11 9|13 0|6 9|12 5|1 4|9 0|7 9|5 5|9 3|7 7|13 7|13 3|9 1|9 9|1 8|1 1|1 7|7 6|5 9|8 0|11 3|9 8|1 7|6 5|13 8|7 4|8 6|13 7|8 5|5 3|8 6|10 6|8 1|5 9|1 8|13 6|13 1|13 4|7 9|5 5|3 1|13 7|11 7|9 6|8 7|11 1|3 5|11 4|12 9|8 9|11 4|13 4|8 1|13 4|9 5|8 6|11 4|4 5|8 9|1 8|10 4|7 7|1 9|4 9|7 3|8 2|13 0|1 5|7 1|6 5|3 4|4 7|11 7|13 9|9 7|3 1|8 5|8 5|10 1|7 4|8 6|13 7|8 4|4 6|6 6|13 1|9 6|2 1|11 1|13 6|1 0|2 3|13 7|9 6|8 5|8 9|8 2|8 5|1 7|13 6|4 7|13 1|13 6|8 9|1 2|4 8|12 2|1 8|7 7|2 1|1 8|2 9|13 6|7 5|13 1|7 3|5 4|5 6|5 5|9 6|12 5|fitness = 50.0731007561726|time = 198.8986708481732|true
29 solution:
5 4|7 1|6 9|1 9|5 9|13 6|5 5|11 3|9 0|5 7|9 1|11 1|2 8|10 4|11 2|3 1|12 7|13 7|10 6|5 5|9 7|1 6|5 8|6 9|2 8|8 4|9 8|10 6|13 0|3 7|4 4|12 2|6 7|13 4|2 7|1 3|10 8|11 5|13 6|13 9|13 3|7 5|11 7|5 2|6 9|8 6|6 4|10 9|8 6|10 9|7 8|1 8|11 5|13 8|9 9|4 7|9 1|12 8|1 5|5 0|2 3|6 9|2 5|4 2|11 7|7 7|8 8|9 7|13 4|9 1|9 1|7 6|5 4|8 5|3 4|13 5|2 7|8 7|8 2|7 9|6 1|13 8|10 7|9 7|8 6|10 6|7 5|13 2|5 6|9 5|3 8|8 4|9 1|13 0|9 9|5 8|4 1|10 1|13 8|10 9|1 4|4 7|8 0|5 3|6 5|7 6|8 2|2 9|13 1|5 2|11 5|12 9|8 1|11 1|5 8|9 5|7 4|1 5|5 1|1 3|4 8|8 8|13 5|7 3|13 5|5 7|7 1|2 7|13 3|7 6|fitness = 49.632851329899914|time = 198.21262476390564|true
30 solution:
4 7|1 1|7 6|1 1|2 4|13 3|11 0|12 3|1 1|13 8|9 1|7 9|13 9|9 4|9 8|3 5|5 7|13 4|13 9|3 4|8 7|8 2|7 9|5 2|6 4|10 1|7 8|6 5|1 7|8 9|7 2|4 7|11 7|3 5|7 4|10 8|13 3|1 1|12 1|1 6|11 5|8 3|1 7|13 1|1 2|12 5|5 2|13 1|6 8|5 5|11 6|5 6|11 0|4 5|4 1|11 9|9 7|2 5|6 6|13 1|13 1|11 3|8 6|8 3|12 1|13 6|8 3|8 4|4 9|6 7|9 8|7 4|10 5|8 9|7 5|2 5|6 3|13 7|7 0|5 1|10 2|8 6|10 1|7 8|13 4|11 0|2 7|13 4|2 9|11 3|13 6|5 8|5 3|2 9|3 7|5 5|5 3|11 9|7 4|5 5|2 4|3 6|9 7|1 0|8 7|5 9|11 4|5 7|1 6|10 4|11 6|8 6|6 9|12 9|5 8|11 1|3 7|7 6|7 3|3 5|7 5|7 7|6 6|9 7|5 7|4 1|13 1|10 4|4 5|5 8|fitness = 49.99375144857076|time = 199.16958621194186|true
The final result:
fmax = 50.45722392703114
fmin = 48.72622969694986
fmean = 49.79135637659753
standard std = 0.41014330176927416
-1 solution:
13 0|9 4|1 2|2 6|11 7|10 9|1 4|13 9|5 7|11 9|5 5|8 1|10 2|8 1|13 7|9 7|2 2|1 1|5 9|5 6|5 8|8 7|7 5|13 9|11 7|3 7|6 9|9 9|13 8|4 7|5 9|3 4|5 7|7 8|13 1|1 4|11 4|1 4|8 3|8 7|5 3|2 5|13 1|5 1|8 7|13 5|6 8|13 8|6 9|3 4|7 1|13 4|4 4|6 6|8 7|11 5|13 8|11 3|8 2|1 5|11 1|7 5|12 7|1 5|9 6|13 9|13 5|11 2|6 5|10 6|9 3|9 5|3 9|9 5|13 1|5 0|13 6|13 2|13 1|11 9|3 8|5 9|8 7|8 5|1 1|4 1|11 4|3 3|13 3|8 7|10 5|6 0|2 6|13 7|12 4|7 4|8 2|5 1|10 6|11 2|11 3|5 5|8 3|12 4|3 1|9 5|1 8|5 4|5 9|3 1|3 1|6 7|6 0|6 8|9 9|5 1|1 8|1 3|9 9|1 5|6 6|10 7|11 7|12 4|5 8|5 1|12 7|4 4|13 3|13 5|fitness = 50.45722392703114|time = 199.02209883133617|true
